 viout#branch    v(b0)           v(b1)           v(b2)           v(b3)           v(b4)           v(b5)           v(b6)           i(vbias)        i(viout)        v(vout)        
-4.74740247e-10  3.31162378e-08  2.94050276e-08  3.43306970e-08  2.92650562e-08  3.20352935e-08  3.23815835e-08  3.08665846e-08  7.37663815e-11 -4.74740247e-10  1.00000000e+00 
-5.05908204e-10  1.64991611e-01  3.05752760e-08  3.57601826e-08  3.04338477e-08  3.33421494e-08  3.37135832e-08  3.21090711e-08  6.76228912e-11 -5.05908204e-10  1.00000000e+00 
-5.03217024e-10  3.43786296e-08  1.65221637e-01  3.56215224e-08  3.03205421e-08  3.32154177e-08  3.35844027e-08  3.19886193e-08  6.81228162e-11 -5.03217024e-10  1.00000000e+00 
-5.26744870e-10  1.62817802e-01  1.62817802e-01  3.70093324e-08  3.14541801e-08  3.44835764e-08  3.48772256e-08  3.31937318e-08  6.28911393e-11 -5.26744870e-10  1.00000000e+00 
-5.04896569e-10  3.44595754e-08  3.05295134e-08  1.65152265e-01  3.03881500e-08  3.32910691e-08  3.36615054e-08  3.20604981e-08  6.78588791e-11 -5.04896569e-10  1.00000000e+00 
-5.28838306e-10  1.62648704e-01  3.17043412e-08  1.62648704e-01  3.15619461e-08  3.46041881e-08  3.50001900e-08  3.33082970e-08  6.24646782e-11 -5.28838306e-10  1.00000000e+00 
-5.26035215e-10  3.56886954e-08  1.62937164e-01  1.62937164e-01  3.14141579e-08  3.44388140e-08  3.48315818e-08  3.31511905e-08  6.30958014e-11 -5.26035215e-10  1.00000000e+00 
-5.44837064e-10  1.60856658e-01  1.60856658e-01  1.60856658e-01  3.24942763e-08  3.56476746e-08  3.60641960e-08  3.42994025e-08  5.87201982e-11 -5.44837064e-10  1.00000000e+00 
-5.04548403e-10  3.44458327e-08  3.05180559e-08  3.56902204e-08  1.65100842e-01  3.32782074e-08  3.36484063e-08  3.20483007e-08  6.78660680e-11 -5.04548403e-10  1.00000000e+00 
-5.29000843e-10  1.62536639e-01  3.17154476e-08  3.71548657e-08  1.62536639e-01  3.46165316e-08  3.50127894e-08  3.33200577e-08  6.23874823e-11 -5.29000843e-10  1.00000000e+00 
-5.26414468e-10  3.57173896e-08  1.62801771e-01  3.69896143e-08  1.62801771e-01  3.44655686e-08  3.48588733e-08  3.31766420e-08  6.29313956e-11 -5.26414468e-10  1.00000000e+00 
-5.45593792e-10  1.60659046e-01  1.60659046e-01  3.83471548e-08  1.60659046e-01  3.57054840e-08  3.61231642e-08  3.43543393e-08  5.84649109e-11 -5.45593792e-10  1.00000000e+00 
-5.26704902e-10  3.57284921e-08  3.15896631e-08  1.62885983e-01  1.62885983e-01  3.44759621e-08  3.48694539e-08  3.31864772e-08  6.29538051e-11 -5.26704902e-10  1.00000000e+00 
-5.46795498e-10  1.60616884e-01  3.27527519e-08  1.60616884e-01  1.60616884e-01  3.57769948e-08  3.61960760e-08  3.44222143e-08  5.82622568e-11 -5.46795498e-10  1.00000000e+00 
-5.43927570e-10  3.69161639e-08  1.60939862e-01  1.60939862e-01  1.60939862e-01  3.55839151e-08  3.59991813e-08  3.42388640e-08  5.89362571e-11 -5.43927570e-10  1.00000000e+00 
-6.66161348e-10  3.84515320e-08  3.38614708e-08  3.97779835e-08  3.37163980e-08  1.52743420e-01  3.74572639e-08  3.55977516e-08  4.81933280e-11 -6.66161348e-10  1.00000000e+00 
-6.90904223e-10  1.50921601e-01  3.45728984e-08  4.06501944e-08  3.44275925e-08  1.50921601e-01  3.82694790e-08  3.63536500e-08  4.57758926e-11 -6.90904223e-10  1.00000000e+00 
-6.88171298e-10  3.92092535e-08  1.50987450e-01  4.05506018e-08  3.43464988e-08  1.50987450e-01  3.81767899e-08  3.62674416e-08  4.59797617e-11 -6.88171298e-10  1.00000000e+00 
-7.09636794e-10  1.49342665e-01  1.49342665e-01  4.13564790e-08  3.50033460e-08  1.49342665e-01  3.89271590e-08  3.69655641e-08  4.38759898e-11 -7.09636794e-10  1.00000000e+00 
-6.89554192e-10  3.92570912e-08  3.45315176e-08  1.51039953e-01  3.43862267e-08  1.51039953e-01  3.82222356e-08  3.63096863e-08  4.59201774e-11 -6.89554192e-10  1.00000000e+00 
-7.11223080e-10  1.49371900e-01  3.51965794e-08  1.49371900e-01  3.50511753e-08  1.49371900e-01  3.89818757e-08  3.70164183e-08  4.38049506e-11 -7.11223080e-10  1.00000000e+00 
-7.08237025e-10  3.99463343e-08  1.49463732e-01  1.49463732e-01  3.49589552e-08  1.49463732e-01  3.88764456e-08  3.69183859e-08  4.40164626e-11 -7.08237025e-10  1.00000000e+00 
-7.26829263e-10  1.47956312e-01  1.47956311e-01  1.47956311e-01  3.55730090e-08  1.47956311e-01  3.95781255e-08  3.75710142e-08  4.21756963e-11 -7.26829263e-10  1.00000000e+00 
-6.88297419e-10  3.92139418e-08  3.44957078e-08  4.05554054e-08  1.51018894e-01  1.51018894e-01  3.81812487e-08  3.62715789e-08  4.59844712e-11 -6.88297419e-10  1.00000000e+00 
-7.10740800e-10  1.49293637e-01  3.51815577e-08  4.13967171e-08  1.49293637e-01  1.49293637e-01  3.89646119e-08  3.70003937e-08  4.37972975e-11 -7.10740800e-10  1.00000000e+00 
-7.07355063e-10  3.99144529e-08  1.49397353e-01  4.12694418e-08  1.49397353e-01  1.49397353e-01  3.88461638e-08  3.68902551e-08  4.40395100e-11 -7.07355063e-10  1.00000000e+00 
-7.26815941e-10  1.47864671e-01  1.47864671e-01  4.20567292e-08  1.47864671e-01  1.47864671e-01  3.95791406e-08  3.75719853e-08  4.21354635e-11 -7.26815941e-10  1.00000000e+00 
-7.08559433e-10  3.99579693e-08  3.51140277e-08  1.49502611e-01  1.49502611e-01  1.49502611e-01  3.88874993e-08  3.69286500e-08  4.40144232e-11 -7.08559433e-10  1.00000000e+00 
-7.27911953e-10  1.47944095e-01  3.57552678e-08  1.47944095e-01  1.47944095e-01  1.47944095e-01  3.96202438e-08  3.76101585e-08  4.21120310e-11 -7.27911953e-10  1.00000000e+00 
-7.24549309e-10  4.05931349e-08  1.48058827e-01  1.48058827e-01  1.48058827e-01  1.48058827e-01  3.94901513e-08  3.74892265e-08  4.23612852e-11 -7.24549309e-10  1.00000000e+00 
-7.41252393e-10  1.46659464e-01  1.46659464e-01  1.46659464e-01  1.46659464e-01  1.46659464e-01  4.01756063e-08  3.81265837e-08  4.06678742e-11 -7.41252393e-10  1.00000000e+00 
-6.64863720e-10  3.84089566e-08  3.38260540e-08  3.97345443e-08  3.36809869e-08  3.69728972e-08  1.52808476e-01  3.55601109e-08  4.83172560e-11 -6.64863720e-10  1.00000000e+00 
-6.89477808e-10  1.51002091e-01  3.45297351e-08  4.05972230e-08  3.43844296e-08  3.77603250e-08  1.51002091e-01  3.63077707e-08  4.59087685e-11 -6.89477808e-10  1.00000000e+00 
-6.86311452e-10  3.91438546e-08  1.51103781e-01  4.04839082e-08  3.42921409e-08  3.76569256e-08  1.51103781e-01  3.62096646e-08  4.61504838e-11 -6.86311452e-10  1.00000000e+00 
-7.08145542e-10  1.49410819e-01  1.49410818e-01  4.12998425e-08  3.49572253e-08  3.84015371e-08  1.49410818e-01  3.69165394e-08  4.40159076e-11 -7.08145542e-10  1.00000000e+00 
-6.88175739e-10  3.92086955e-08  3.44912892e-08  1.51127414e-01  3.43460034e-08  3.77173237e-08  1.51127414e-01  3.62669331e-08  4.60463579e-11 -6.88175739e-10  1.00000000e+00 
-7.10303816e-10  1.49418550e-01  3.51696433e-08  1.49418550e-01  3.50242344e-08  3.84766807e-08  1.49418550e-01  3.69877821e-08  4.38699724e-11 -7.10303816e-10  1.00000000e+00 
-7.06802616e-10  3.98936623e-08  1.49559871e-01  1.49559871e-01  3.49152060e-08  3.83545167e-08  1.49559871e-01  3.68718862e-08  4.41610582e-11 -7.06802616e-10  1.00000000e+00 
-7.26108951e-10  1.48017016e-01  1.48017016e-01  1.48017016e-01  3.55495746e-08  3.90648960e-08  1.48017016e-01  3.75461085e-08  4.22409148e-11 -7.26108951e-10  1.00000000e+00 
-6.86931401e-10  3.91662487e-08  3.44560575e-08  4.05067729e-08  1.51111733e-01  3.76777855e-08  1.51111733e-01  3.62294438e-08  4.61235197e-11 -6.86931401e-10  1.00000000e+00 
-7.09709624e-10  1.49373405e-01  3.51503644e-08  4.13584450e-08  1.49373405e-01  3.84549974e-08  1.49373405e-01  3.69672452e-08  4.38871484e-11 -7.09709624e-10  1.00000000e+00 
-7.06474879e-10  3.98820600e-08  1.49478711e-01  4.12364323e-08  1.49478711e-01  3.83436854e-08  1.49478711e-01  3.68616548e-08  4.41336849e-11 -7.06474879e-10  1.00000000e+00 
-7.25751903e-10  1.47915725e-01  1.47915725e-01  4.20125915e-08  1.47915725e-01  3.90518542e-08  1.47915725e-01  3.75337951e-08  4.22305765e-11 -7.25751903e-10  1.00000000e+00 
-7.07485626e-10  3.99178387e-08  3.50806997e-08  1.49569089e-01  1.49569089e-01  3.83770253e-08  1.49569089e-01  3.68932235e-08  4.41109669e-11 -7.07485626e-10  1.00000000e+00 
-7.27299998e-10  1.47972698e-01  3.57340336e-08  1.47972698e-01  1.47972698e-01  3.91086191e-08  1.47972698e-01  3.75875772e-08  4.21606117e-11 -7.27299998e-10  1.00000000e+00 
-7.23984428e-10  4.05698382e-08  1.48105365e-01  1.48105365e-01  1.48105365e-01  3.89832549e-08  1.48105365e-01  3.74686724e-08  4.24311532e-11 -7.23984428e-10  1.00000000e+00 
-7.40993045e-10  1.46656229e-01  1.46656229e-01  1.46656229e-01  1.46656229e-01  3.96645384e-08  1.46656229e-01  3.81151642e-08  4.06854061e-11 -7.40993045e-10  1.00000000e+00 
-6.88310742e-10  3.92142199e-08  3.44959058e-08  4.05557213e-08  3.43506045e-08  1.51075418e-01  1.51075418e-01  3.62718181e-08  4.60110851e-11 -6.88310742e-10  1.00000000e+00 
-7.10441483e-10  1.49399754e-01  3.51717473e-08  4.13847881e-08  3.50263332e-08  1.49399754e-01  1.49399754e-01  3.69900109e-08  4.38639252e-11 -7.10441483e-10  1.00000000e+00 
-7.07919945e-10  3.99346161e-08  1.49465085e-01  4.12900580e-08  3.49492270e-08  1.49465085e-01  1.49465085e-01  3.69080433e-08  4.40312412e-11 -7.07919945e-10  1.00000000e+00 
-7.27102822e-10  1.47923231e-01  1.47923231e-01  4.20685074e-08  3.55834687e-08  1.47923231e-01  1.47923231e-01  3.75821299e-08  4.21451193e-11 -7.27102822e-10  1.00000000e+00 
-7.09217574e-10  3.99830706e-08  3.51348268e-08  1.49538761e-01  3.49894337e-08  1.49538761e-01  1.49538761e-01  3.69507994e-08  4.39952346e-11 -7.09217574e-10  1.00000000e+00 
-7.28515026e-10  1.47966321e-01  3.57738663e-08  1.47966321e-01  3.56284545e-08  1.47966321e-01  1.47966321e-01  3.76299624e-08  4.20861076e-11 -7.28515026e-10  1.00000000e+00 
-7.25170146e-10  4.06185123e-08  1.48099264e-01  1.48099264e-01  3.55171098e-08  1.48099264e-01  1.48099264e-01  3.75116050e-08  4.23420386e-11 -7.25170146e-10  1.00000000e+00 
-7.42358175e-10  1.46634048e-01  1.46634048e-01  1.46634048e-01  3.61377293e-08  1.46634048e-01  1.46634048e-01  3.81712047e-08  4.05931169e-11 -7.42358175e-10  1.00000000e+00 
-7.07070846e-10  3.99033825e-08  3.50687036e-08  4.12582494e-08  1.49576390e-01  1.49576390e-01  1.49576390e-01  3.68804635e-08  4.41434855e-11 -7.07070846e-10  1.00000000e+00 
-7.27411908e-10  1.47917524e-01  3.57388032e-08  4.20806410e-08  1.47917524e-01  1.47917524e-01  1.47917524e-01  3.75926230e-08  4.21318648e-11 -7.27411908e-10  1.00000000e+00 
-7.24169169e-10  4.05788901e-08  1.48051106e-01  4.19466081e-08  1.48051106e-01  1.48051106e-01  1.48051106e-01  3.74766629e-08  4.23846400e-11 -7.24169169e-10  1.00000000e+00 
-7.41769313e-10  1.46563316e-01  1.46563316e-01  4.27227914e-08  1.46563316e-01  1.46563316e-01  1.46563316e-01  3.81485417e-08  4.05996026e-11 -7.41769313e-10  1.00000000e+00 
-7.25370874e-10  4.06261398e-08  3.56688764e-08  1.48136517e-01  1.48136517e-01  1.48136517e-01  1.48136517e-01  3.75183282e-08  4.23378933e-11 -7.25370874e-10  1.00000000e+00 
-7.42616635e-10  1.46680793e-01  3.62917015e-08  1.46680793e-01  1.46680793e-01  1.46680793e-01  1.46680793e-01  3.81803561e-08  4.06008035e-11 -7.42616635e-10  1.00000000e+00 
-7.39174943e-10  4.12241678e-08  1.46806026e-01  1.46806026e-01  1.46806026e-01  1.46806026e-01  1.46806026e-01  3.80458024e-08  4.08668715e-11 -7.39174943e-10  1.00000000e+00 
-7.54196705e-10  1.45458136e-01  1.45458136e-01  1.45458136e-01  1.45458136e-01  1.45458136e-01  1.45458136e-01  3.86641046e-08  3.93044742e-11 -7.54196705e-10  1.00000000e+00 
