 v-sweep         v(b0)           v(b1)           v(b2)           v(b3)           v(b4)           v(b5)           v(b6)           i(vbias)        i(viout)        v(vout)        
 0.00000000e+00  5.16125846e-01  5.16125846e-01  5.16125846e-01  5.16125846e-01  5.16125846e-01  5.16125846e-01  3.25301917e-09  7.00533811e-07  4.47496317e-07  0.00000000e+00 
 1.00000000e-02  5.16125847e-01  5.16125847e-01  5.16125847e-01  5.16125847e-01  5.16125847e-01  5.16125847e-01  3.25301906e-09  7.00533814e-07  4.47460825e-07  1.00000000e-02 
 2.00000000e-02  5.16125846e-01  5.16125846e-01  5.16125846e-01  5.16125846e-01  5.16125846e-01  5.16125846e-01  3.25301906e-09  7.00533811e-07  4.47428969e-07  2.00000000e-02 
 3.00000000e-02  5.16125848e-01  5.16125848e-01  5.16125848e-01  5.16125848e-01  5.16125848e-01  5.16125848e-01  3.25301906e-09  7.00533814e-07  4.47397723e-07  3.00000000e-02 
 4.00000000e-02  5.16125846e-01  5.16125846e-01  5.16125846e-01  5.16125846e-01  5.16125846e-01  5.16125846e-01  3.25301917e-09  7.00533807e-07  4.47368180e-07  4.00000000e-02 
 5.00000000e-02  5.16125849e-01  5.16125849e-01  5.16125849e-01  5.16125849e-01  5.16125849e-01  5.16125849e-01  3.25301917e-09  7.00533825e-07  4.47340275e-07  5.00000000e-02 
 6.00000000e-02  5.16125847e-01  5.16125847e-01  5.16125847e-01  5.16125847e-01  5.16125847e-01  5.16125847e-01  3.25301906e-09  7.00533814e-07  4.47313754e-07  6.00000000e-02 
 7.00000000e-02  5.16125847e-01  5.16125847e-01  5.16125847e-01  5.16125846e-01  5.16125847e-01  5.16125847e-01  3.25301918e-09  7.00533811e-07  4.47288647e-07  7.00000000e-02 
 8.00000000e-02  5.16125847e-01  5.16125847e-01  5.16125847e-01  5.16125847e-01  5.16125847e-01  5.16125847e-01  3.25301917e-09  7.00533811e-07  4.47265082e-07  8.00000000e-02 
 9.00000000e-02  5.16125848e-01  5.16125848e-01  5.16125848e-01  5.16125848e-01  5.16125848e-01  5.16125848e-01  3.25301917e-09  7.00533821e-07  4.47242675e-07  9.00000000e-02 
 1.00000000e-01  5.16125847e-01  5.16125847e-01  5.16125847e-01  5.16125847e-01  5.16125847e-01  5.16125847e-01  3.25301906e-09  7.00533814e-07  4.47221508e-07  1.00000000e-01 
 1.10000000e-01  5.16125844e-01  5.16125844e-01  5.16125844e-01  5.16125844e-01  5.16125844e-01  5.16125844e-01  3.25301918e-09  7.00533796e-07  4.47201570e-07  1.10000000e-01 
 1.20000000e-01  5.16125849e-01  5.16125849e-01  5.16125849e-01  5.16125849e-01  5.16125849e-01  5.16125849e-01  3.25301917e-09  7.00533821e-07  4.47182753e-07  1.20000000e-01 
 1.30000000e-01  5.16125849e-01  5.16125849e-01  5.16125849e-01  5.16125849e-01  5.16125849e-01  5.16125849e-01  3.25301906e-09  7.00533825e-07  4.47165089e-07  1.30000000e-01 
 1.40000000e-01  5.16125848e-01  5.16125848e-01  5.16125848e-01  5.16125848e-01  5.16125848e-01  5.16125848e-01  3.25301918e-09  7.00533818e-07  4.47148429e-07  1.40000000e-01 
 1.50000000e-01  5.16125849e-01  5.16125849e-01  5.16125849e-01  5.16125849e-01  5.16125849e-01  5.16125849e-01  3.25301917e-09  7.00533825e-07  4.47132736e-07  1.50000000e-01 
 1.60000000e-01  5.16125848e-01  5.16125848e-01  5.16125848e-01  5.16125848e-01  5.16125848e-01  5.16125848e-01  3.25301917e-09  7.00533818e-07  4.47117946e-07  1.60000000e-01 
 1.70000000e-01  5.16125848e-01  5.16125848e-01  5.16125849e-01  5.16125848e-01  5.16125848e-01  5.16125848e-01  3.25301906e-09  7.00533821e-07  4.47104060e-07  1.70000000e-01 
 1.80000000e-01  5.16125849e-01  5.16125849e-01  5.16125849e-01  5.16125849e-01  5.16125849e-01  5.16125849e-01  3.25301906e-09  7.00533825e-07  4.47091189e-07  1.80000000e-01 
 1.90000000e-01  5.16125846e-01  5.16125846e-01  5.16125846e-01  5.16125846e-01  5.16125846e-01  5.16125846e-01  3.25301906e-09  7.00533811e-07  4.47078820e-07  1.90000000e-01 
 2.00000000e-01  5.16125847e-01  5.16125847e-01  5.16125847e-01  5.16125847e-01  5.16125847e-01  5.16125847e-01  3.25301917e-09  7.00533814e-07  4.47067343e-07  2.00000000e-01 
 2.10000000e-01  5.16125848e-01  5.16125848e-01  5.16125848e-01  5.16125848e-01  5.16125848e-01  5.16125848e-01  3.25301917e-09  7.00533821e-07  4.47056621e-07  2.10000000e-01 
 2.20000000e-01  5.16125846e-01  5.16125846e-01  5.16125846e-01  5.16125846e-01  5.16125846e-01  5.16125846e-01  3.25301917e-09  7.00533811e-07  4.47046567e-07  2.20000000e-01 
 2.30000000e-01  5.16125849e-01  5.16125848e-01  5.16125849e-01  5.16125848e-01  5.16125849e-01  5.16125849e-01  3.25301917e-09  7.00533821e-07  4.47037159e-07  2.30000000e-01 
 2.40000000e-01  5.16125847e-01  5.16125847e-01  5.16125847e-01  5.16125847e-01  5.16125847e-01  5.16125847e-01  3.25301906e-09  7.00533818e-07  4.47028309e-07  2.40000000e-01 
 2.50000000e-01  5.16125848e-01  5.16125848e-01  5.16125848e-01  5.16125848e-01  5.16125848e-01  5.16125848e-01  3.25301918e-09  7.00533821e-07  4.47020145e-07  2.50000000e-01 
 2.60000000e-01  5.16125845e-01  5.16125845e-01  5.16125845e-01  5.16125845e-01  5.16125845e-01  5.16125845e-01  3.25301905e-09  7.00533800e-07  4.47012340e-07  2.60000000e-01 
 2.70000000e-01  5.16125848e-01  5.16125848e-01  5.16125848e-01  5.16125848e-01  5.16125848e-01  5.16125848e-01  3.25301906e-09  7.00533818e-07  4.47005210e-07  2.70000000e-01 
 2.80000000e-01  5.16125848e-01  5.16125848e-01  5.16125848e-01  5.16125848e-01  5.16125848e-01  5.16125848e-01  3.25301906e-09  7.00533818e-07  4.46998481e-07  2.80000000e-01 
 2.90000000e-01  5.16125847e-01  5.16125847e-01  5.16125847e-01  5.16125847e-01  5.16125847e-01  5.16125847e-01  3.25301906e-09  7.00533814e-07  4.46992228e-07  2.90000000e-01 
 3.00000000e-01  5.16125846e-01  5.16125846e-01  5.16125846e-01  5.16125846e-01  5.16125846e-01  5.16125846e-01  3.25301917e-09  7.00533811e-07  4.46986263e-07  3.00000000e-01 
 3.10000000e-01  5.16125849e-01  5.16125849e-01  5.16125849e-01  5.16125849e-01  5.16125849e-01  5.16125849e-01  3.25301905e-09  7.00533818e-07  4.46980945e-07  3.10000000e-01 
 3.20000000e-01  5.16125849e-01  5.16125848e-01  5.16125849e-01  5.16125848e-01  5.16125848e-01  5.16125849e-01  3.25301906e-09  7.00533825e-07  4.46975864e-07  3.20000000e-01 
 3.30000000e-01  5.16125847e-01  5.16125847e-01  5.16125847e-01  5.16125847e-01  5.16125847e-01  5.16125847e-01  3.25301917e-09  7.00533814e-07  4.46971121e-07  3.30000000e-01 
 3.40000000e-01  5.16125847e-01  5.16125847e-01  5.16125847e-01  5.16125847e-01  5.16125847e-01  5.16125847e-01  3.25301917e-09  7.00533814e-07  4.46966641e-07  3.40000000e-01 
 3.50000000e-01  5.16125846e-01  5.16125846e-01  5.16125846e-01  5.16125846e-01  5.16125846e-01  5.16125846e-01  3.25301906e-09  7.00533811e-07  4.46962595e-07  3.50000000e-01 
 3.60000000e-01  5.16125848e-01  5.16125848e-01  5.16125848e-01  5.16125848e-01  5.16125848e-01  5.16125848e-01  3.25301918e-09  7.00533821e-07  4.46958701e-07  3.60000000e-01 
 3.70000000e-01  5.16125848e-01  5.16125848e-01  5.16125848e-01  5.16125848e-01  5.16125848e-01  5.16125848e-01  3.25301905e-09  7.00533818e-07  4.46955227e-07  3.70000000e-01 
 3.80000000e-01  5.16125851e-01  5.16125851e-01  5.16125851e-01  5.16125851e-01  5.16125851e-01  5.16125851e-01  3.25301906e-09  7.00533835e-07  4.46951908e-07  3.80000000e-01 
 3.90000000e-01  5.16125846e-01  5.16125846e-01  5.16125846e-01  5.16125846e-01  5.16125846e-01  5.16125846e-01  3.25301917e-09  7.00533811e-07  4.46948739e-07  3.90000000e-01 
 4.00000000e-01  5.16125848e-01  5.16125848e-01  5.16125848e-01  5.16125848e-01  5.16125848e-01  5.16125848e-01  3.25301905e-09  7.00533821e-07  4.46945812e-07  4.00000000e-01 
 4.10000000e-01  5.16125848e-01  5.16125848e-01  5.16125848e-01  5.16125848e-01  5.16125848e-01  5.16125848e-01  3.25301918e-09  7.00533818e-07  4.46943254e-07  4.10000000e-01 
 4.20000000e-01  5.16125846e-01  5.16125846e-01  5.16125846e-01  5.16125846e-01  5.16125846e-01  5.16125846e-01  3.25301917e-09  7.00533811e-07  4.46940597e-07  4.20000000e-01 
 4.30000000e-01  5.16125845e-01  5.16125845e-01  5.16125846e-01  5.16125845e-01  5.16125845e-01  5.16125845e-01  3.25301906e-09  7.00533807e-07  4.46938266e-07  4.30000000e-01 
 4.40000000e-01  5.16125846e-01  5.16125846e-01  5.16125846e-01  5.16125846e-01  5.16125846e-01  5.16125846e-01  3.25301906e-09  7.00533811e-07  4.46936120e-07  4.40000000e-01 
 4.50000000e-01  5.16125847e-01  5.16125847e-01  5.16125847e-01  5.16125847e-01  5.16125847e-01  5.16125847e-01  3.25301906e-09  7.00533814e-07  4.46934010e-07  4.50000000e-01 
 4.60000000e-01  5.16125848e-01  5.16125848e-01  5.16125848e-01  5.16125848e-01  5.16125848e-01  5.16125848e-01  3.25301906e-09  7.00533821e-07  4.46932077e-07  4.60000000e-01 
 4.70000000e-01  5.16125848e-01  5.16125848e-01  5.16125848e-01  5.16125848e-01  5.16125848e-01  5.16125848e-01  3.25301906e-09  7.00533818e-07  4.46930258e-07  4.70000000e-01 
 4.80000000e-01  5.16125848e-01  5.16125848e-01  5.16125848e-01  5.16125848e-01  5.16125848e-01  5.16125848e-01  3.25301906e-09  7.00533821e-07  4.46928524e-07  4.80000000e-01 
 4.90000000e-01  5.16125849e-01  5.16125849e-01  5.16125849e-01  5.16125849e-01  5.16125849e-01  5.16125849e-01  3.25301917e-09  7.00533821e-07  4.46926919e-07  4.90000000e-01 
 5.00000000e-01  5.16125849e-01  5.16125849e-01  5.16125849e-01  5.16125849e-01  5.16125849e-01  5.16125849e-01  3.25301917e-09  7.00533825e-07  4.46925334e-07  5.00000000e-01 
 5.10000000e-01  5.16125848e-01  5.16125847e-01  5.16125848e-01  5.16125847e-01  5.16125847e-01  5.16125848e-01  3.25301906e-09  7.00533814e-07  4.46923870e-07  5.10000000e-01 
 5.20000000e-01  5.16125848e-01  5.16125848e-01  5.16125848e-01  5.16125848e-01  5.16125848e-01  5.16125848e-01  3.25301918e-09  7.00533814e-07  4.46922527e-07  5.20000000e-01 
 5.30000000e-01  5.16125846e-01  5.16125846e-01  5.16125846e-01  5.16125846e-01  5.16125846e-01  5.16125846e-01  3.25301905e-09  7.00533811e-07  4.46921312e-07  5.30000000e-01 
 5.40000000e-01  5.16125847e-01  5.16125847e-01  5.16125847e-01  5.16125847e-01  5.16125847e-01  5.16125847e-01  3.25301906e-09  7.00533811e-07  4.46920012e-07  5.40000000e-01 
 5.50000000e-01  5.16125848e-01  5.16125848e-01  5.16125848e-01  5.16125847e-01  5.16125848e-01  5.16125848e-01  3.25301917e-09  7.00533818e-07  4.46918811e-07  5.50000000e-01 
 5.60000000e-01  5.16125850e-01  5.16125850e-01  5.16125850e-01  5.16125850e-01  5.16125850e-01  5.16125850e-01  3.25301905e-09  7.00533835e-07  4.46917589e-07  5.60000000e-01 
 5.70000000e-01  5.16125849e-01  5.16125849e-01  5.16125849e-01  5.16125848e-01  5.16125849e-01  5.16125849e-01  3.25301906e-09  7.00533821e-07  4.46916445e-07  5.70000000e-01 
 5.80000000e-01  5.16125847e-01  5.16125847e-01  5.16125847e-01  5.16125847e-01  5.16125847e-01  5.16125847e-01  3.25301906e-09  7.00533814e-07  4.46915443e-07  5.80000000e-01 
 5.90000000e-01  5.16125849e-01  5.16125849e-01  5.16125849e-01  5.16125849e-01  5.16125849e-01  5.16125849e-01  3.25301917e-09  7.00533821e-07  4.46914370e-07  5.90000000e-01 
 6.00000000e-01  5.16125848e-01  5.16125848e-01  5.16125848e-01  5.16125848e-01  5.16125848e-01  5.16125848e-01  3.25301917e-09  7.00533818e-07  4.46913354e-07  6.00000000e-01 
 6.10000000e-01  5.16125846e-01  5.16125846e-01  5.16125846e-01  5.16125846e-01  5.16125846e-01  5.16125846e-01  3.25301906e-09  7.00533811e-07  4.46912310e-07  6.10000000e-01 
 6.20000000e-01  5.16125847e-01  5.16125847e-01  5.16125847e-01  5.16125847e-01  5.16125847e-01  5.16125847e-01  3.25301906e-09  7.00533814e-07  4.46911457e-07  6.20000000e-01 
 6.30000000e-01  5.16125848e-01  5.16125848e-01  5.16125848e-01  5.16125848e-01  5.16125848e-01  5.16125848e-01  3.25301917e-09  7.00533818e-07  4.46910420e-07  6.30000000e-01 
 6.40000000e-01  5.16125844e-01  5.16125844e-01  5.16125844e-01  5.16125844e-01  5.16125844e-01  5.16125844e-01  3.25301917e-09  7.00533796e-07  4.46909439e-07  6.40000000e-01 
 6.50000000e-01  5.16125845e-01  5.16125845e-01  5.16125845e-01  5.16125845e-01  5.16125845e-01  5.16125845e-01  3.25301917e-09  7.00533803e-07  4.46908636e-07  6.50000000e-01 
 6.60000000e-01  5.16125849e-01  5.16125849e-01  5.16125849e-01  5.16125849e-01  5.16125849e-01  5.16125849e-01  3.25301906e-09  7.00533821e-07  4.46907734e-07  6.60000000e-01 
 6.70000000e-01  5.16125847e-01  5.16125847e-01  5.16125847e-01  5.16125847e-01  5.16125847e-01  5.16125847e-01  3.25301906e-09  7.00533814e-07  4.46906810e-07  6.70000000e-01 
 6.80000000e-01  5.16125843e-01  5.16125843e-01  5.16125843e-01  5.16125843e-01  5.16125843e-01  5.16125843e-01  3.25301917e-09  7.00533793e-07  4.46905823e-07  6.80000000e-01 
 6.90000000e-01  5.16125846e-01  5.16125846e-01  5.16125846e-01  5.16125846e-01  5.16125846e-01  5.16125846e-01  3.25301917e-09  7.00533811e-07  4.46904913e-07  6.90000000e-01 
 7.00000000e-01  5.16125846e-01  5.16125846e-01  5.16125846e-01  5.16125846e-01  5.16125846e-01  5.16125846e-01  3.25301906e-09  7.00533807e-07  4.46904174e-07  7.00000000e-01 
 7.10000000e-01  5.16125846e-01  5.16125846e-01  5.16125846e-01  5.16125846e-01  5.16125846e-01  5.16125846e-01  3.25301918e-09  7.00533811e-07  4.46903250e-07  7.10000000e-01 
 7.20000000e-01  5.16125847e-01  5.16125847e-01  5.16125847e-01  5.16125847e-01  5.16125847e-01  5.16125847e-01  3.25301917e-09  7.00533811e-07  4.46902469e-07  7.20000000e-01 
 7.30000000e-01  5.16125847e-01  5.16125847e-01  5.16125847e-01  5.16125847e-01  5.16125847e-01  5.16125847e-01  3.25301906e-09  7.00533818e-07  4.46901495e-07  7.30000000e-01 
 7.40000000e-01  5.16125846e-01  5.16125846e-01  5.16125846e-01  5.16125846e-01  5.16125846e-01  5.16125846e-01  3.25301906e-09  7.00533803e-07  4.46900621e-07  7.40000000e-01 
 7.50000000e-01  5.16125848e-01  5.16125848e-01  5.16125848e-01  5.16125848e-01  5.16125848e-01  5.16125848e-01  3.25301917e-09  7.00533818e-07  4.46899790e-07  7.50000000e-01 
 7.60000000e-01  5.16125847e-01  5.16125847e-01  5.16125847e-01  5.16125847e-01  5.16125847e-01  5.16125847e-01  3.25301905e-09  7.00533811e-07  4.46898909e-07  7.60000000e-01 
 7.70000000e-01  5.16125848e-01  5.16125848e-01  5.16125848e-01  5.16125848e-01  5.16125848e-01  5.16125848e-01  3.25301918e-09  7.00533821e-07  4.46898092e-07  7.70000000e-01 
 7.80000000e-01  5.16125845e-01  5.16125845e-01  5.16125845e-01  5.16125845e-01  5.16125845e-01  5.16125845e-01  3.25301917e-09  7.00533803e-07  4.46897218e-07  7.80000000e-01 
 7.90000000e-01  5.16125845e-01  5.16125845e-01  5.16125845e-01  5.16125845e-01  5.16125845e-01  5.16125845e-01  3.25301906e-09  7.00533800e-07  4.46896294e-07  7.90000000e-01 
 8.00000000e-01  5.16125849e-01  5.16125849e-01  5.16125849e-01  5.16125849e-01  5.16125849e-01  5.16125849e-01  3.25301906e-09  7.00533821e-07  4.46895370e-07  8.00000000e-01 
 8.10000000e-01  5.16125847e-01  5.16125847e-01  5.16125847e-01  5.16125847e-01  5.16125847e-01  5.16125847e-01  3.25301917e-09  7.00533814e-07  4.46894518e-07  8.10000000e-01 
 8.20000000e-01  5.16125849e-01  5.16125849e-01  5.16125849e-01  5.16125849e-01  5.16125849e-01  5.16125849e-01  3.25301905e-09  7.00533825e-07  4.46893708e-07  8.20000000e-01 
 8.30000000e-01  5.16125847e-01  5.16125847e-01  5.16125847e-01  5.16125847e-01  5.16125847e-01  5.16125847e-01  3.25301906e-09  7.00533814e-07  4.46892756e-07  8.30000000e-01 
 8.40000000e-01  5.16125847e-01  5.16125847e-01  5.16125847e-01  5.16125847e-01  5.16125847e-01  5.16125847e-01  3.25301917e-09  7.00533811e-07  4.46891931e-07  8.40000000e-01 
 8.50000000e-01  5.16125848e-01  5.16125848e-01  5.16125848e-01  5.16125848e-01  5.16125848e-01  5.16125848e-01  3.25301917e-09  7.00533821e-07  4.46890908e-07  8.50000000e-01 
 8.60000000e-01  5.16125849e-01  5.16125849e-01  5.16125849e-01  5.16125849e-01  5.16125849e-01  5.16125849e-01  3.25301917e-09  7.00533828e-07  4.46890013e-07  8.60000000e-01 
 8.70000000e-01  5.16125847e-01  5.16125847e-01  5.16125847e-01  5.16125847e-01  5.16125847e-01  5.16125847e-01  3.25301906e-09  7.00533818e-07  4.46889118e-07  8.70000000e-01 
 8.80000000e-01  5.16125845e-01  5.16125845e-01  5.16125845e-01  5.16125845e-01  5.16125845e-01  5.16125845e-01  3.25301906e-09  7.00533796e-07  4.46888251e-07  8.80000000e-01 
 8.90000000e-01  5.16125848e-01  5.16125848e-01  5.16125848e-01  5.16125848e-01  5.16125848e-01  5.16125848e-01  3.25301906e-09  7.00533818e-07  4.46887228e-07  8.90000000e-01 
 9.00000000e-01  5.16125847e-01  5.16125847e-01  5.16125847e-01  5.16125847e-01  5.16125847e-01  5.16125847e-01  3.25301917e-09  7.00533818e-07  4.46886418e-07  9.00000000e-01 
 9.10000000e-01  5.16125848e-01  5.16125848e-01  5.16125848e-01  5.16125848e-01  5.16125848e-01  5.16125848e-01  3.25301917e-09  7.00533821e-07  4.46885451e-07  9.10000000e-01 
 9.20000000e-01  5.16125847e-01  5.16125847e-01  5.16125847e-01  5.16125847e-01  5.16125847e-01  5.16125847e-01  3.25301917e-09  7.00533814e-07  4.46884471e-07  9.20000000e-01 
 9.30000000e-01  5.16125848e-01  5.16125848e-01  5.16125848e-01  5.16125847e-01  5.16125848e-01  5.16125848e-01  3.25301906e-09  7.00533818e-07  4.46883448e-07  9.30000000e-01 
 9.40000000e-01  5.16125849e-01  5.16125849e-01  5.16125849e-01  5.16125849e-01  5.16125849e-01  5.16125849e-01  3.25301906e-09  7.00533825e-07  4.46882524e-07  9.40000000e-01 
 9.50000000e-01  5.16125846e-01  5.16125846e-01  5.16125846e-01  5.16125846e-01  5.16125846e-01  5.16125846e-01  3.25301906e-09  7.00533811e-07  4.46881629e-07  9.50000000e-01 
 9.60000000e-01  5.16125846e-01  5.16125846e-01  5.16125846e-01  5.16125846e-01  5.16125846e-01  5.16125846e-01  3.25301906e-09  7.00533807e-07  4.46880549e-07  9.60000000e-01 
 9.70000000e-01  5.16125846e-01  5.16125846e-01  5.16125846e-01  5.16125846e-01  5.16125846e-01  5.16125846e-01  3.25301917e-09  7.00533811e-07  4.46879568e-07  9.70000000e-01 
 9.80000000e-01  5.16125849e-01  5.16125849e-01  5.16125849e-01  5.16125849e-01  5.16125849e-01  5.16125849e-01  3.25301917e-09  7.00533825e-07  4.46878687e-07  9.80000000e-01 
 9.90000000e-01  5.16125845e-01  5.16125845e-01  5.16125845e-01  5.16125845e-01  5.16125845e-01  5.16125845e-01  3.25301906e-09  7.00533803e-07  4.46877578e-07  9.90000000e-01 
 1.00000000e+00  5.16125848e-01  5.16125848e-01  5.16125848e-01  5.16125848e-01  5.16125848e-01  5.16125848e-01  3.25301906e-09  7.00533821e-07  4.46876598e-07  1.00000000e+00 
 1.01000000e+00  5.16125848e-01  5.16125848e-01  5.16125848e-01  5.16125848e-01  5.16125848e-01  5.16125848e-01  3.25301906e-09  7.00533821e-07  4.46875546e-07  1.01000000e+00 
 1.02000000e+00  5.16125848e-01  5.16125848e-01  5.16125848e-01  5.16125847e-01  5.16125848e-01  5.16125848e-01  3.25301906e-09  7.00533818e-07  4.46874580e-07  1.02000000e+00 
 1.03000000e+00  5.16125846e-01  5.16125846e-01  5.16125846e-01  5.16125846e-01  5.16125846e-01  5.16125846e-01  3.25301917e-09  7.00533811e-07  4.46873500e-07  1.03000000e+00 
 1.04000000e+00  5.16125846e-01  5.16125846e-01  5.16125846e-01  5.16125846e-01  5.16125846e-01  5.16125846e-01  3.25301905e-09  7.00533811e-07  4.46872519e-07  1.04000000e+00 
 1.05000000e+00  5.16125847e-01  5.16125847e-01  5.16125847e-01  5.16125847e-01  5.16125847e-01  5.16125847e-01  3.25301906e-09  7.00533814e-07  4.46871482e-07  1.05000000e+00 
 1.06000000e+00  5.16125846e-01  5.16125846e-01  5.16125846e-01  5.16125846e-01  5.16125846e-01  5.16125846e-01  3.25301906e-09  7.00533807e-07  4.46870331e-07  1.06000000e+00 
 1.07000000e+00  5.16125849e-01  5.16125849e-01  5.16125849e-01  5.16125849e-01  5.16125849e-01  5.16125849e-01  3.25301917e-09  7.00533825e-07  4.46869336e-07  1.07000000e+00 
 1.08000000e+00  5.16125846e-01  5.16125846e-01  5.16125846e-01  5.16125846e-01  5.16125846e-01  5.16125846e-01  3.25301917e-09  7.00533811e-07  4.46868185e-07  1.08000000e+00 
 1.09000000e+00  5.16125848e-01  5.16125848e-01  5.16125848e-01  5.16125848e-01  5.16125848e-01  5.16125848e-01  3.25301917e-09  7.00533818e-07  4.46867148e-07  1.09000000e+00 
 1.10000000e+00  5.16125845e-01  5.16125845e-01  5.16125845e-01  5.16125845e-01  5.16125845e-01  5.16125845e-01  3.25301906e-09  7.00533800e-07  4.46865954e-07  1.10000000e+00 
 1.11000000e+00  5.16125846e-01  5.16125846e-01  5.16125846e-01  5.16125846e-01  5.16125846e-01  5.16125846e-01  3.25301918e-09  7.00533811e-07  4.46864817e-07  1.11000000e+00 
 1.12000000e+00  5.16125844e-01  5.16125844e-01  5.16125844e-01  5.16125844e-01  5.16125844e-01  5.16125844e-01  3.25301905e-09  7.00533796e-07  4.46863694e-07  1.12000000e+00 
 1.13000000e+00  5.16125845e-01  5.16125845e-01  5.16125845e-01  5.16125844e-01  5.16125845e-01  5.16125845e-01  3.25301918e-09  7.00533803e-07  4.46862529e-07  1.13000000e+00 
 1.14000000e+00  5.16125847e-01  5.16125847e-01  5.16125847e-01  5.16125847e-01  5.16125847e-01  5.16125847e-01  3.25301917e-09  7.00533814e-07  4.46861392e-07  1.14000000e+00 
 1.15000000e+00  5.16125846e-01  5.16125846e-01  5.16125846e-01  5.16125846e-01  5.16125846e-01  5.16125846e-01  3.25301906e-09  7.00533811e-07  4.46860241e-07  1.15000000e+00 
 1.16000000e+00  5.16125848e-01  5.16125848e-01  5.16125848e-01  5.16125848e-01  5.16125848e-01  5.16125848e-01  3.25301906e-09  7.00533814e-07  4.46859005e-07  1.16000000e+00 
 1.17000000e+00  5.16125846e-01  5.16125846e-01  5.16125846e-01  5.16125846e-01  5.16125846e-01  5.16125846e-01  3.25301906e-09  7.00533807e-07  4.46857854e-07  1.17000000e+00 
 1.18000000e+00  5.16125847e-01  5.16125847e-01  5.16125847e-01  5.16125846e-01  5.16125847e-01  5.16125847e-01  3.25301917e-09  7.00533811e-07  4.46856561e-07  1.18000000e+00 
 1.19000000e+00  5.16125847e-01  5.16125847e-01  5.16125847e-01  5.16125846e-01  5.16125847e-01  5.16125847e-01  3.25301917e-09  7.00533818e-07  4.46855395e-07  1.19000000e+00 
 1.20000000e+00  5.16125847e-01  5.16125847e-01  5.16125847e-01  5.16125847e-01  5.16125847e-01  5.16125847e-01  3.25301917e-09  7.00533811e-07  4.46854003e-07  1.20000000e+00 
 1.21000000e+00  5.16125844e-01  5.16125844e-01  5.16125844e-01  5.16125844e-01  5.16125844e-01  5.16125844e-01  3.25301917e-09  7.00533796e-07  4.46852710e-07  1.21000000e+00 
 1.22000000e+00  5.16125846e-01  5.16125846e-01  5.16125846e-01  5.16125846e-01  5.16125846e-01  5.16125846e-01  3.25301906e-09  7.00533811e-07  4.46851402e-07  1.22000000e+00 
 1.23000000e+00  5.16125849e-01  5.16125849e-01  5.16125849e-01  5.16125849e-01  5.16125849e-01  5.16125849e-01  3.25301906e-09  7.00533825e-07  4.46850166e-07  1.23000000e+00 
 1.24000000e+00  5.16125850e-01  5.16125850e-01  5.16125850e-01  5.16125850e-01  5.16125850e-01  5.16125850e-01  3.25301906e-09  7.00533828e-07  4.46848787e-07  1.24000000e+00 
 1.25000000e+00  5.16125847e-01  5.16125847e-01  5.16125847e-01  5.16125847e-01  5.16125847e-01  5.16125847e-01  3.25301906e-09  7.00533814e-07  4.46847423e-07  1.25000000e+00 
 1.26000000e+00  5.16125849e-01  5.16125848e-01  5.16125849e-01  5.16125848e-01  5.16125849e-01  5.16125849e-01  3.25301906e-09  7.00533825e-07  4.46846073e-07  1.26000000e+00 
 1.27000000e+00  5.16125847e-01  5.16125847e-01  5.16125848e-01  5.16125847e-01  5.16125847e-01  5.16125848e-01  3.25301917e-09  7.00533821e-07  4.46844581e-07  1.27000000e+00 
 1.28000000e+00  5.16125848e-01  5.16125848e-01  5.16125848e-01  5.16125848e-01  5.16125848e-01  5.16125848e-01  3.25301917e-09  7.00533818e-07  4.46843188e-07  1.28000000e+00 
 1.29000000e+00  5.16125845e-01  5.16125845e-01  5.16125845e-01  5.16125845e-01  5.16125845e-01  5.16125845e-01  3.25301906e-09  7.00533800e-07  4.46841653e-07  1.29000000e+00 
 1.30000000e+00  5.16125847e-01  5.16125847e-01  5.16125847e-01  5.16125847e-01  5.16125847e-01  5.16125847e-01  3.25301918e-09  7.00533811e-07  4.46840076e-07  1.30000000e+00 
 1.31000000e+00  5.16125848e-01  5.16125847e-01  5.16125848e-01  5.16125847e-01  5.16125848e-01  5.16125848e-01  3.25301905e-09  7.00533814e-07  4.46838584e-07  1.31000000e+00 
 1.32000000e+00  5.16125847e-01  5.16125847e-01  5.16125847e-01  5.16125847e-01  5.16125847e-01  5.16125847e-01  3.25301918e-09  7.00533814e-07  4.46836935e-07  1.32000000e+00 
 1.33000000e+00  5.16125848e-01  5.16125848e-01  5.16125848e-01  5.16125848e-01  5.16125848e-01  5.16125848e-01  3.25301917e-09  7.00533821e-07  4.46835415e-07  1.33000000e+00 
 1.34000000e+00  5.16125846e-01  5.16125846e-01  5.16125846e-01  5.16125846e-01  5.16125846e-01  5.16125846e-01  3.25301906e-09  7.00533807e-07  4.46833624e-07  1.34000000e+00 
 1.35000000e+00  5.16125849e-01  5.16125849e-01  5.16125849e-01  5.16125849e-01  5.16125849e-01  5.16125849e-01  3.25301918e-09  7.00533825e-07  4.46831919e-07  1.35000000e+00 
 1.36000000e+00  5.16125846e-01  5.16125846e-01  5.16125846e-01  5.16125846e-01  5.16125846e-01  5.16125846e-01  3.25301905e-09  7.00533811e-07  4.46830072e-07  1.36000000e+00 
 1.37000000e+00  5.16125846e-01  5.16125846e-01  5.16125846e-01  5.16125846e-01  5.16125846e-01  5.16125846e-01  3.25301906e-09  7.00533811e-07  4.46828267e-07  1.37000000e+00 
 1.38000000e+00  5.16125848e-01  5.16125848e-01  5.16125848e-01  5.16125848e-01  5.16125848e-01  5.16125848e-01  3.25301917e-09  7.00533818e-07  4.46826391e-07  1.38000000e+00 
 1.39000000e+00  5.16125847e-01  5.16125847e-01  5.16125847e-01  5.16125847e-01  5.16125847e-01  5.16125847e-01  3.25301905e-09  7.00533814e-07  4.46824401e-07  1.39000000e+00 
 1.40000000e+00  5.16125849e-01  5.16125849e-01  5.16125849e-01  5.16125849e-01  5.16125849e-01  5.16125849e-01  3.25301918e-09  7.00533825e-07  4.46822341e-07  1.40000000e+00 
 1.41000000e+00  5.16125848e-01  5.16125848e-01  5.16125848e-01  5.16125848e-01  5.16125848e-01  5.16125848e-01  3.25301917e-09  7.00533825e-07  4.46820209e-07  1.41000000e+00 
 1.42000000e+00  5.16125847e-01  5.16125847e-01  5.16125847e-01  5.16125847e-01  5.16125847e-01  5.16125847e-01  3.25301917e-09  7.00533814e-07  4.46817964e-07  1.42000000e+00 
 1.43000000e+00  5.16125848e-01  5.16125848e-01  5.16125848e-01  5.16125848e-01  5.16125848e-01  5.16125848e-01  3.25301917e-09  7.00533814e-07  4.46815449e-07  1.43000000e+00 
 1.44000000e+00  5.16125845e-01  5.16125845e-01  5.16125845e-01  5.16125845e-01  5.16125845e-01  5.16125845e-01  3.25301906e-09  7.00533800e-07  4.46812962e-07  1.44000000e+00 
 1.45000000e+00  5.16125848e-01  5.16125848e-01  5.16125848e-01  5.16125848e-01  5.16125848e-01  5.16125848e-01  3.25301918e-09  7.00533821e-07  4.46810290e-07  1.45000000e+00 
 1.46000000e+00  5.16125847e-01  5.16125847e-01  5.16125847e-01  5.16125847e-01  5.16125847e-01  5.16125847e-01  3.25301917e-09  7.00533814e-07  4.46807491e-07  1.46000000e+00 
 1.47000000e+00  5.16125849e-01  5.16125849e-01  5.16125849e-01  5.16125849e-01  5.16125849e-01  5.16125849e-01  3.25301917e-09  7.00533828e-07  4.46804364e-07  1.47000000e+00 
 1.48000000e+00  5.16125849e-01  5.16125849e-01  5.16125849e-01  5.16125849e-01  5.16125849e-01  5.16125849e-01  3.25301906e-09  7.00533825e-07  4.46801067e-07  1.48000000e+00 
 1.49000000e+00  5.16125846e-01  5.16125846e-01  5.16125846e-01  5.16125846e-01  5.16125846e-01  5.16125846e-01  3.25301918e-09  7.00533807e-07  4.46797273e-07  1.49000000e+00 
 1.50000000e+00  5.16125848e-01  5.16125848e-01  5.16125848e-01  5.16125848e-01  5.16125848e-01  5.16125848e-01  3.25301905e-09  7.00533821e-07  4.46793166e-07  1.50000000e+00 
 1.51000000e+00  5.16125849e-01  5.16125849e-01  5.16125849e-01  5.16125849e-01  5.16125849e-01  5.16125849e-01  3.25301918e-09  7.00533818e-07  4.46788547e-07  1.51000000e+00 
 1.52000000e+00  5.16125849e-01  5.16125849e-01  5.16125849e-01  5.16125848e-01  5.16125849e-01  5.16125849e-01  3.25301917e-09  7.00533825e-07  4.46783261e-07  1.52000000e+00 
 1.53000000e+00  5.16125846e-01  5.16125846e-01  5.16125846e-01  5.16125846e-01  5.16125846e-01  5.16125846e-01  3.25301906e-09  7.00533807e-07  4.46777037e-07  1.53000000e+00 
 1.54000000e+00  5.16125847e-01  5.16125847e-01  5.16125847e-01  5.16125847e-01  5.16125847e-01  5.16125847e-01  3.25301906e-09  7.00533818e-07  4.46769761e-07  1.54000000e+00 
 1.55000000e+00  5.16125849e-01  5.16125848e-01  5.16125849e-01  5.16125848e-01  5.16125849e-01  5.16125849e-01  3.25301906e-09  7.00533818e-07  4.46760765e-07  1.55000000e+00 
 1.56000000e+00  5.16125848e-01  5.16125848e-01  5.16125848e-01  5.16125848e-01  5.16125848e-01  5.16125848e-01  3.25301906e-09  7.00533821e-07  4.46749453e-07  1.56000000e+00 
 1.57000000e+00  5.16125846e-01  5.16125846e-01  5.16125846e-01  5.16125846e-01  5.16125846e-01  5.16125846e-01  3.25301906e-09  7.00533811e-07  4.46734788e-07  1.57000000e+00 
 1.58000000e+00  5.16125847e-01  5.16125847e-01  5.16125847e-01  5.16125847e-01  5.16125847e-01  5.16125847e-01  3.25301917e-09  7.00533814e-07  4.46715035e-07  1.58000000e+00 
 1.59000000e+00  5.16125845e-01  5.16125845e-01  5.16125845e-01  5.16125844e-01  5.16125845e-01  5.16125845e-01  3.25301905e-09  7.00533800e-07  4.46687210e-07  1.59000000e+00 
 1.60000000e+00  5.16125847e-01  5.16125847e-01  5.16125847e-01  5.16125847e-01  5.16125847e-01  5.16125847e-01  3.25301918e-09  7.00533814e-07  4.46646254e-07  1.60000000e+00 
 1.61000000e+00  5.16125848e-01  5.16125848e-01  5.16125848e-01  5.16125848e-01  5.16125848e-01  5.16125848e-01  3.25301905e-09  7.00533818e-07  4.46582931e-07  1.61000000e+00 
 1.62000000e+00  5.16125848e-01  5.16125848e-01  5.16125848e-01  5.16125848e-01  5.16125848e-01  5.16125848e-01  3.25301906e-09  7.00533818e-07  4.46480527e-07  1.62000000e+00 
 1.63000000e+00  5.16125847e-01  5.16125847e-01  5.16125847e-01  5.16125847e-01  5.16125847e-01  5.16125847e-01  3.25301917e-09  7.00533814e-07  4.46308860e-07  1.63000000e+00 
 1.64000000e+00  5.16125845e-01  5.16125845e-01  5.16125845e-01  5.16125845e-01  5.16125845e-01  5.16125845e-01  3.25301917e-09  7.00533807e-07  4.46015008e-07  1.64000000e+00 
 1.65000000e+00  5.16125849e-01  5.16125849e-01  5.16125849e-01  5.16125849e-01  5.16125849e-01  5.16125849e-01  3.25301917e-09  7.00533825e-07  4.45506913e-07  1.65000000e+00 
 1.66000000e+00  5.16125849e-01  5.16125849e-01  5.16125849e-01  5.16125849e-01  5.16125849e-01  5.16125849e-01  3.25301917e-09  7.00533825e-07  4.44606741e-07  1.66000000e+00 
 1.67000000e+00  5.16125847e-01  5.16125847e-01  5.16125847e-01  5.16125847e-01  5.16125847e-01  5.16125847e-01  3.25301917e-09  7.00533811e-07  4.42919031e-07  1.67000000e+00 
 1.68000000e+00  5.16125844e-01  5.16125844e-01  5.16125844e-01  5.16125844e-01  5.16125844e-01  5.16125844e-01  3.25301906e-09  7.00533803e-07  4.37587005e-07  1.68000000e+00 
 1.69000000e+00  5.16125848e-01  5.16125848e-01  5.16125848e-01  5.16125848e-01  5.16125848e-01  5.16125848e-01  3.25301917e-09  7.00533821e-07  4.14911455e-07  1.69000000e+00 
 1.70000000e+00  5.16125845e-01  5.16125845e-01  5.16125845e-01  5.16125845e-01  5.16125845e-01  5.16125845e-01  3.25301917e-09  7.00533800e-07  3.91976471e-07  1.70000000e+00 
 1.71000000e+00  5.16125850e-01  5.16125850e-01  5.16125850e-01  5.16125850e-01  5.16125850e-01  5.16125850e-01  3.25301906e-09  7.00533835e-07  3.64735200e-07  1.71000000e+00 
 1.72000000e+00  5.16125846e-01  5.16125846e-01  5.16125846e-01  5.16125846e-01  5.16125846e-01  5.16125846e-01  3.25301906e-09  7.00533811e-07  3.32150449e-07  1.72000000e+00 
 1.73000000e+00  5.16125849e-01  5.16125849e-01  5.16125849e-01  5.16125849e-01  5.16125849e-01  5.16125849e-01  3.25301906e-09  7.00533825e-07  2.92786979e-07  1.73000000e+00 
 1.74000000e+00  5.16125847e-01  5.16125846e-01  5.16125847e-01  5.16125846e-01  5.16125847e-01  5.16125847e-01  3.25301917e-09  7.00533811e-07  2.17402913e-07  1.74000000e+00 
 1.75000000e+00  5.16125847e-01  5.16125847e-01  5.16125847e-01  5.16125847e-01  5.16125847e-01  5.16125847e-01  3.25301906e-09  7.00533814e-07  1.45802147e-07  1.75000000e+00 
 1.76000000e+00  5.16125850e-01  5.16125850e-01  5.16125850e-01  5.16125850e-01  5.16125850e-01  5.16125850e-01  3.25301906e-09  7.00533828e-07  8.49861124e-08  1.76000000e+00 
 1.77000000e+00  5.16125847e-01  5.16125847e-01  5.16125847e-01  5.16125847e-01  5.16125847e-01  5.16125847e-01  3.25301917e-09  7.00533811e-07  3.21755635e-08  1.77000000e+00 
 1.78000000e+00  5.16125851e-01  5.16125851e-01  5.16125851e-01  5.16125851e-01  5.16125851e-01  5.16125851e-01  3.25301917e-09  7.00533832e-07 -1.43954537e-08  1.78000000e+00 
 1.79000000e+00  5.16125847e-01  5.16125847e-01  5.16125847e-01  5.16125847e-01  5.16125847e-01  5.16125847e-01  3.25301917e-09  7.00533814e-07 -5.53906716e-08  1.79000000e+00 
 1.80000000e+00  5.16125849e-01  5.16125848e-01  5.16125849e-01  5.16125848e-01  5.16125849e-01  5.16125849e-01  3.25301906e-09  7.00533821e-07 -9.06629509e-08  1.80000000e+00 
