 v-sweep         v(b0)           v(b1)           v(b2)           v(b3)           v(b4)           v(b5)           v(b6)           i(vbias)        i(viout)        v(vout)        
 0.00000000e+00  4.58462903e-01  3.27048957e-09  3.32189058e-09  4.58462903e-01  4.58462903e-01  4.58462903e-01  3.28527969e-09  1.59154523e-07  8.84230940e-08  0.00000000e+00 
 1.00000000e-02  4.58462931e-01  3.27048956e-09  3.32189057e-09  4.58462931e-01  4.58462931e-01  4.58462931e-01  3.28527968e-09  1.59154560e-07  8.84227834e-08  1.00000000e-02 
 2.00000000e-02  4.58462912e-01  3.27048945e-09  3.32189046e-09  4.58462912e-01  4.58462912e-01  4.58462912e-01  3.28527968e-09  1.59154547e-07  8.84222406e-08  2.00000000e-02 
 3.00000000e-02  4.58462902e-01  3.27048956e-09  3.32189057e-09  4.58462902e-01  4.58462901e-01  4.58462901e-01  3.28527968e-09  1.59154514e-07  8.84220197e-08  3.00000000e-02 
 4.00000000e-02  4.58462896e-01  3.27048956e-09  3.32189045e-09  4.58462896e-01  4.58462896e-01  4.58462896e-01  3.28527968e-09  1.59154514e-07  8.84217251e-08  4.00000000e-02 
 5.00000000e-02  4.58462911e-01  3.27048956e-09  3.32189046e-09  4.58462911e-01  4.58462911e-01  4.58462911e-01  3.28527968e-09  1.59154524e-07  8.84212024e-08  5.00000000e-02 
 6.00000000e-02  4.58462907e-01  3.27048945e-09  3.32189046e-09  4.58462907e-01  4.58462907e-01  4.58462907e-01  3.28527968e-09  1.59154532e-07  8.84210007e-08  6.00000000e-02 
 7.00000000e-02  4.58462897e-01  3.27048956e-09  3.32189057e-09  4.58462897e-01  4.58462897e-01  4.58462897e-01  3.28527968e-09  1.59154514e-07  8.84206530e-08  7.00000000e-02 
 8.00000000e-02  4.58462904e-01  3.27048945e-09  3.32189056e-09  4.58462904e-01  4.58462904e-01  4.58462904e-01  3.28527968e-09  1.59154536e-07  8.84203244e-08  8.00000000e-02 
 9.00000000e-02  4.58462892e-01  3.27048956e-09  3.32189057e-09  4.58462892e-01  4.58462892e-01  4.58462892e-01  3.28527968e-09  1.59154502e-07  8.84200739e-08  9.00000000e-02 
 1.00000000e-01  4.58462906e-01  3.27048956e-09  3.32189057e-09  4.58462906e-01  4.58462906e-01  4.58462906e-01  3.28527968e-09  1.59154538e-07  8.84197506e-08  1.00000000e-01 
 1.10000000e-01  4.58462889e-01  3.27048945e-09  3.32189057e-09  4.58462889e-01  4.58462889e-01  4.58462889e-01  3.28527968e-09  1.59154495e-07  8.84195419e-08  1.10000000e-01 
 1.20000000e-01  4.58462903e-01  3.27048956e-09  3.32189057e-09  4.58462903e-01  4.58462903e-01  4.58462903e-01  3.28527968e-09  1.59154537e-07  8.84193421e-08  1.20000000e-01 
 1.30000000e-01  4.58462886e-01  3.27048956e-09  3.32189057e-09  4.58462886e-01  4.58462886e-01  4.58462886e-01  3.28527968e-09  1.59154487e-07  8.84190019e-08  1.30000000e-01 
 1.40000000e-01  4.58462880e-01  3.27048956e-09  3.32189057e-09  4.58462880e-01  4.58462880e-01  4.58462880e-01  3.28527968e-09  1.59154499e-07  8.84188021e-08  1.40000000e-01 
 1.50000000e-01  4.58462887e-01  3.27048945e-09  3.32189045e-09  4.58462887e-01  4.58462887e-01  4.58462887e-01  3.28527968e-09  1.59154495e-07  8.84185560e-08  1.50000000e-01 
 1.60000000e-01  4.58462916e-01  3.27048945e-09  3.32189057e-09  4.58462916e-01  4.58462916e-01  4.58462916e-01  3.28527968e-09  1.59154544e-07  8.84183837e-08  1.60000000e-01 
 1.70000000e-01  4.58462913e-01  3.27048945e-09  3.32189045e-09  4.58462913e-01  4.58462913e-01  4.58462913e-01  3.28527968e-09  1.59154531e-07  8.84182061e-08  1.70000000e-01 
 1.80000000e-01  4.58462900e-01  3.27048956e-09  3.32189046e-09  4.58462900e-01  4.58462900e-01  4.58462900e-01  3.28527968e-09  1.59154507e-07  8.84181333e-08  1.80000000e-01 
 1.90000000e-01  4.58462922e-01  3.27048956e-09  3.32189057e-09  4.58462922e-01  4.58462922e-01  4.58462922e-01  3.28527968e-09  1.59154549e-07  8.84178935e-08  1.90000000e-01 
 2.00000000e-01  4.58462923e-01  3.27048956e-09  3.32189045e-09  4.58462923e-01  4.58462923e-01  4.58462923e-01  3.28527968e-09  1.59154560e-07  8.84177744e-08  2.00000000e-01 
 2.10000000e-01  4.58462874e-01  3.27048944e-09  3.32189046e-09  4.58462874e-01  4.58462874e-01  4.58462874e-01  3.28527968e-09  1.59154479e-07  8.84174263e-08  2.10000000e-01 
 2.20000000e-01  4.58462893e-01  3.27048956e-09  3.32189046e-09  4.58462893e-01  4.58462893e-01  4.58462893e-01  3.28527968e-09  1.59154509e-07  8.84174742e-08  2.20000000e-01 
 2.30000000e-01  4.58462894e-01  3.27048945e-09  3.32189057e-09  4.58462894e-01  4.58462894e-01  4.58462894e-01  3.28527968e-09  1.59154510e-07  8.84173001e-08  2.30000000e-01 
 2.40000000e-01  4.58462916e-01  3.27048956e-09  3.32189045e-09  4.58462916e-01  4.58462916e-01  4.58462916e-01  3.28527968e-09  1.59154551e-07  8.84171154e-08  2.40000000e-01 
 2.50000000e-01  4.58462917e-01  3.27048945e-09  3.32189046e-09  4.58462917e-01  4.58462917e-01  4.58462917e-01  3.28527968e-09  1.59154549e-07  8.84168561e-08  2.50000000e-01 
 2.60000000e-01  4.58462873e-01  3.27048956e-09  3.32189057e-09  4.58462873e-01  4.58462873e-01  4.58462873e-01  3.28527968e-09  1.59154486e-07  8.84169129e-08  2.60000000e-01 
 2.70000000e-01  4.58462887e-01  3.27048945e-09  3.32189045e-09  4.58462887e-01  4.58462887e-01  4.58462887e-01  3.28527968e-09  1.59154506e-07  8.84167708e-08  2.70000000e-01 
 2.80000000e-01  4.58462920e-01  3.27048956e-09  3.32189046e-09  4.58462920e-01  4.58462920e-01  4.58462920e-01  3.28527968e-09  1.59154549e-07  8.84165701e-08  2.80000000e-01 
 2.90000000e-01  4.58462901e-01  3.27048956e-09  3.32189046e-09  4.58462901e-01  4.58462901e-01  4.58462901e-01  3.28527968e-09  1.59154523e-07  8.84163427e-08  2.90000000e-01 
 3.00000000e-01  4.58462905e-01  3.27048956e-09  3.32189046e-09  4.58462905e-01  4.58462905e-01  4.58462905e-01  3.28527968e-09  1.59154532e-07  8.84163285e-08  3.00000000e-01 
 3.10000000e-01  4.58462875e-01  3.27048956e-09  3.32189057e-09  4.58462875e-01  4.58462875e-01  4.58462875e-01  3.28527968e-09  1.59154481e-07  8.84162148e-08  3.10000000e-01 
 3.20000000e-01  4.58462883e-01  3.27048945e-09  3.32189045e-09  4.58462883e-01  4.58462883e-01  4.58462883e-01  3.28527968e-09  1.59154498e-07  8.84160549e-08  3.20000000e-01 
 3.30000000e-01  4.58462913e-01  3.27048945e-09  3.32189057e-09  4.58462913e-01  4.58462913e-01  4.58462913e-01  3.28527968e-09  1.59154539e-07  8.84159341e-08  3.30000000e-01 
 3.40000000e-01  4.58462887e-01  3.27048956e-09  3.32189045e-09  4.58462887e-01  4.58462887e-01  4.58462887e-01  3.28527968e-09  1.59154506e-07  8.84158169e-08  3.40000000e-01 
 3.50000000e-01  4.58462888e-01  3.27048945e-09  3.32189057e-09  4.58462888e-01  4.58462888e-01  4.58462888e-01  3.28527968e-09  1.59154508e-07  8.84158027e-08  3.50000000e-01 
 3.60000000e-01  4.58462896e-01  3.27048956e-09  3.32189056e-09  4.58462896e-01  4.58462896e-01  4.58462896e-01  3.28527968e-09  1.59154496e-07  8.84156570e-08  3.60000000e-01 
 3.70000000e-01  4.58462917e-01  3.27048956e-09  3.32189057e-09  4.58462917e-01  4.58462917e-01  4.58462917e-01  3.28527968e-09  1.59154542e-07  8.84156250e-08  3.70000000e-01 
 3.80000000e-01  4.58462887e-01  3.27048945e-09  3.32189057e-09  4.58462887e-01  4.58462887e-01  4.58462887e-01  3.28527968e-09  1.59154494e-07  8.84155007e-08  3.80000000e-01 
 3.90000000e-01  4.58462913e-01  3.27048956e-09  3.32189057e-09  4.58462913e-01  4.58462913e-01  4.58462913e-01  3.28527968e-09  1.59154538e-07  8.84155291e-08  3.90000000e-01 
 4.00000000e-01  4.58462892e-01  3.27048956e-09  3.32189057e-09  4.58462892e-01  4.58462892e-01  4.58462892e-01  3.28527968e-09  1.59154510e-07  8.84152271e-08  4.00000000e-01 
 4.10000000e-01  4.58462905e-01  3.27048956e-09  3.32189057e-09  4.58462905e-01  4.58462905e-01  4.58462905e-01  3.28527968e-09  1.59154520e-07  8.84152414e-08  4.10000000e-01 
 4.20000000e-01  4.58462908e-01  3.27048945e-09  3.32189057e-09  4.58462908e-01  4.58462908e-01  4.58462908e-01  3.28527968e-09  1.59154523e-07  8.84150815e-08  4.20000000e-01 
 4.30000000e-01  4.58462903e-01  3.27048945e-09  3.32189046e-09  4.58462903e-01  4.58462903e-01  4.58462903e-01  3.28527968e-09  1.59154532e-07  8.84150282e-08  4.30000000e-01 
 4.40000000e-01  4.58462902e-01  3.27048945e-09  3.32189057e-09  4.58462902e-01  4.58462902e-01  4.58462902e-01  3.28527968e-09  1.59154514e-07  8.84150246e-08  4.40000000e-01 
 4.50000000e-01  4.58462916e-01  3.27048956e-09  3.32189045e-09  4.58462916e-01  4.58462916e-01  4.58462916e-01  3.28527968e-09  1.59154551e-07  8.84150282e-08  4.50000000e-01 
 4.60000000e-01  4.58462913e-01  3.27048945e-09  3.32189057e-09  4.58462913e-01  4.58462913e-01  4.58462913e-01  3.28527968e-09  1.59154547e-07  8.84148470e-08  4.60000000e-01 
 4.70000000e-01  4.58462902e-01  3.27048956e-09  3.32189056e-09  4.58462902e-01  4.58462902e-01  4.58462902e-01  3.28527968e-09  1.59154510e-07  8.84147227e-08  4.70000000e-01 
 4.80000000e-01  4.58462899e-01  3.27048945e-09  3.32189046e-09  4.58462899e-01  4.58462899e-01  4.58462899e-01  3.28527968e-09  1.59154508e-07  8.84146409e-08  4.80000000e-01 
 4.90000000e-01  4.58462908e-01  3.27048945e-09  3.32189057e-09  4.58462908e-01  4.58462908e-01  4.58462908e-01  3.28527968e-09  1.59154522e-07  8.84147013e-08  4.90000000e-01 
 5.00000000e-01  4.58462889e-01  3.27048956e-09  3.32189056e-09  4.58462889e-01  4.58462889e-01  4.58462889e-01  3.28527968e-09  1.59154491e-07  8.84145521e-08  5.00000000e-01 
 5.10000000e-01  4.58462909e-01  3.27048956e-09  3.32189046e-09  4.58462909e-01  4.58462909e-01  4.58462909e-01  3.28527968e-09  1.59154535e-07  8.84145663e-08  5.10000000e-01 
 5.20000000e-01  4.58462915e-01  3.27048956e-09  3.32189057e-09  4.58462915e-01  4.58462915e-01  4.58462915e-01  3.28527968e-09  1.59154539e-07  8.84143283e-08  5.20000000e-01 
 5.30000000e-01  4.58462918e-01  3.27048956e-09  3.32189045e-09  4.58462918e-01  4.58462918e-01  4.58462918e-01  3.28527968e-09  1.59154545e-07  8.84143141e-08  5.30000000e-01 
 5.40000000e-01  4.58462869e-01  3.27048956e-09  3.32189057e-09  4.58462869e-01  4.58462869e-01  4.58462869e-01  3.28527968e-09  1.59154469e-07  8.84141684e-08  5.40000000e-01 
 5.50000000e-01  4.58462887e-01  3.27048945e-09  3.32189045e-09  4.58462887e-01  4.58462887e-01  4.58462887e-01  3.28527968e-09  1.59154503e-07  8.84140441e-08  5.50000000e-01 
 5.60000000e-01  4.58462914e-01  3.27048956e-09  3.32189057e-09  4.58462914e-01  4.58462914e-01  4.58462914e-01  3.28527968e-09  1.59154539e-07  8.84140618e-08  5.60000000e-01 
 5.70000000e-01  4.58462896e-01  3.27048956e-09  3.32189045e-09  4.58462896e-01  4.58462896e-01  4.58462896e-01  3.28527968e-09  1.59154521e-07  8.84139801e-08  5.70000000e-01 
 5.80000000e-01  4.58462888e-01  3.27048956e-09  3.32189046e-09  4.58462888e-01  4.58462888e-01  4.58462888e-01  3.28527968e-09  1.59154508e-07  8.84139340e-08  5.80000000e-01 
 5.90000000e-01  4.58462893e-01  3.27048945e-09  3.32189057e-09  4.58462893e-01  4.58462893e-01  4.58462893e-01  3.28527968e-09  1.59154507e-07  8.84138061e-08  5.90000000e-01 
 6.00000000e-01  4.58462906e-01  3.27048945e-09  3.32189045e-09  4.58462906e-01  4.58462906e-01  4.58462906e-01  3.28527968e-09  1.59154520e-07  8.84138345e-08  6.00000000e-01 
 6.10000000e-01  4.58462909e-01  3.27048956e-09  3.32189057e-09  4.58462909e-01  4.58462909e-01  4.58462909e-01  3.28527968e-09  1.59154530e-07  8.84137066e-08  6.10000000e-01 
 6.20000000e-01  4.58462903e-01  3.27048945e-09  3.32189045e-09  4.58462903e-01  4.58462903e-01  4.58462903e-01  3.28527968e-09  1.59154520e-07  8.84136284e-08  6.20000000e-01 
 6.30000000e-01  4.58462906e-01  3.27048956e-09  3.32189046e-09  4.58462906e-01  4.58462905e-01  4.58462905e-01  3.28527968e-09  1.59154530e-07  8.84136000e-08  6.30000000e-01 
 6.40000000e-01  4.58462893e-01  3.27048945e-09  3.32189057e-09  4.58462893e-01  4.58462893e-01  4.58462893e-01  3.28527968e-09  1.59154497e-07  8.84133584e-08  6.40000000e-01 
 6.50000000e-01  4.58462905e-01  3.27048956e-09  3.32189056e-09  4.58462905e-01  4.58462905e-01  4.58462905e-01  3.28527968e-09  1.59154531e-07  8.84133371e-08  6.50000000e-01 
 6.60000000e-01  4.58462883e-01  3.27048945e-09  3.32189057e-09  4.58462883e-01  4.58462883e-01  4.58462883e-01  3.28527968e-09  1.59154483e-07  8.84132731e-08  6.60000000e-01 
 6.70000000e-01  4.58462899e-01  3.27048956e-09  3.32189057e-09  4.58462899e-01  4.58462899e-01  4.58462899e-01  3.28527968e-09  1.59154504e-07  8.84133584e-08  6.70000000e-01 
 6.80000000e-01  4.58462904e-01  3.27048956e-09  3.32189046e-09  4.58462904e-01  4.58462904e-01  4.58462904e-01  3.28527968e-09  1.59154522e-07  8.84131808e-08  6.80000000e-01 
 6.90000000e-01  4.58462891e-01  3.27048956e-09  3.32189057e-09  4.58462891e-01  4.58462891e-01  4.58462891e-01  3.28527968e-09  1.59154502e-07  8.84131097e-08  6.90000000e-01 
 7.00000000e-01  4.58462916e-01  3.27048956e-09  3.32189056e-09  4.58462916e-01  4.58462916e-01  4.58462916e-01  3.28527968e-09  1.59154548e-07  8.84131026e-08  7.00000000e-01 
 7.10000000e-01  4.58462916e-01  3.27048945e-09  3.32189057e-09  4.58462916e-01  4.58462916e-01  4.58462916e-01  3.28527968e-09  1.59154541e-07  8.84130316e-08  7.10000000e-01 
 7.20000000e-01  4.58462901e-01  3.27048945e-09  3.32189046e-09  4.58462901e-01  4.58462901e-01  4.58462901e-01  3.28527968e-09  1.59154511e-07  8.84128966e-08  7.20000000e-01 
 7.30000000e-01  4.58462910e-01  3.27048945e-09  3.32189057e-09  4.58462910e-01  4.58462910e-01  4.58462910e-01  3.28527968e-09  1.59154549e-07  8.84129321e-08  7.30000000e-01 
 7.40000000e-01  4.58462890e-01  3.27048956e-09  3.32189056e-09  4.58462890e-01  4.58462890e-01  4.58462890e-01  3.28527968e-09  1.59154505e-07  8.84128113e-08  7.40000000e-01 
 7.50000000e-01  4.58462904e-01  3.27048945e-09  3.32189057e-09  4.58462904e-01  4.58462904e-01  4.58462904e-01  3.28527968e-09  1.59154526e-07  8.84127616e-08  7.50000000e-01 
 7.60000000e-01  4.58462884e-01  3.27048956e-09  3.32189045e-09  4.58462884e-01  4.58462884e-01  4.58462884e-01  3.28527968e-09  1.59154483e-07  8.84126550e-08  7.60000000e-01 
 7.70000000e-01  4.58462902e-01  3.27048945e-09  3.32189046e-09  4.58462902e-01  4.58462902e-01  4.58462902e-01  3.28527968e-09  1.59154526e-07  8.84125626e-08  7.70000000e-01 
 7.80000000e-01  4.58462912e-01  3.27048945e-09  3.32189046e-09  4.58462913e-01  4.58462912e-01  4.58462912e-01  3.28527968e-09  1.59154527e-07  8.84125981e-08  7.80000000e-01 
 7.90000000e-01  4.58462905e-01  3.27048956e-09  3.32189057e-09  4.58462905e-01  4.58462905e-01  4.58462905e-01  3.28527968e-09  1.59154521e-07  8.84123992e-08  7.90000000e-01 
 8.00000000e-01  4.58462907e-01  3.27048945e-09  3.32189056e-09  4.58462907e-01  4.58462907e-01  4.58462907e-01  3.28527968e-09  1.59154526e-07  8.84124063e-08  8.00000000e-01 
 8.10000000e-01  4.58462904e-01  3.27048945e-09  3.32189057e-09  4.58462904e-01  4.58462904e-01  4.58462904e-01  3.28527968e-09  1.59154521e-07  8.84123139e-08  8.10000000e-01 
 8.20000000e-01  4.58462904e-01  3.27048945e-09  3.32189057e-09  4.58462904e-01  4.58462904e-01  4.58462904e-01  3.28527968e-09  1.59154510e-07  8.84122286e-08  8.20000000e-01 
 8.30000000e-01  4.58462907e-01  3.27048956e-09  3.32189046e-09  4.58462907e-01  4.58462907e-01  4.58462907e-01  3.28527968e-09  1.59154534e-07  8.84122215e-08  8.30000000e-01 
 8.40000000e-01  4.58462902e-01  3.27048945e-09  3.32189057e-09  4.58462902e-01  4.58462902e-01  4.58462902e-01  3.28527968e-09  1.59154510e-07  8.84121434e-08  8.40000000e-01 
 8.50000000e-01  4.58462903e-01  3.27048956e-09  3.32189056e-09  4.58462903e-01  4.58462903e-01  4.58462903e-01  3.28527968e-09  1.59154531e-07  8.84119657e-08  8.50000000e-01 
 8.60000000e-01  4.58462885e-01  3.27048945e-09  3.32189057e-09  4.58462885e-01  4.58462885e-01  4.58462885e-01  3.28527968e-09  1.59154498e-07  8.84118663e-08  8.60000000e-01 
 8.70000000e-01  4.58462904e-01  3.27048956e-09  3.32189057e-09  4.58462904e-01  4.58462904e-01  4.58462904e-01  3.28527968e-09  1.59154521e-07  8.84119231e-08  8.70000000e-01 
 8.80000000e-01  4.58462892e-01  3.27048956e-09  3.32189045e-09  4.58462892e-01  4.58462892e-01  4.58462892e-01  3.28527968e-09  1.59154500e-07  8.84117455e-08  8.80000000e-01 
 8.90000000e-01  4.58462902e-01  3.27048956e-09  3.32189046e-09  4.58462902e-01  4.58462902e-01  4.58462902e-01  3.28527968e-09  1.59154534e-07  8.84116460e-08  8.90000000e-01 
 9.00000000e-01  4.58462887e-01  3.27048956e-09  3.32189046e-09  4.58462887e-01  4.58462887e-01  4.58462887e-01  3.28527968e-09  1.59154490e-07  8.84116247e-08  9.00000000e-01 
 9.10000000e-01  4.58462892e-01  3.27048956e-09  3.32189046e-09  4.58462892e-01  4.58462892e-01  4.58462892e-01  3.28527968e-09  1.59154515e-07  8.84115749e-08  9.10000000e-01 
 9.20000000e-01  4.58462896e-01  3.27048945e-09  3.32189057e-09  4.58462896e-01  4.58462896e-01  4.58462896e-01  3.28527968e-09  1.59154506e-07  8.84114257e-08  9.20000000e-01 
 9.30000000e-01  4.58462934e-01  3.27048956e-09  3.32189057e-09  4.58462934e-01  4.58462934e-01  4.58462934e-01  3.28527968e-09  1.59154563e-07  8.84114399e-08  9.30000000e-01 
 9.40000000e-01  4.58462887e-01  3.27048945e-09  3.32189045e-09  4.58462887e-01  4.58462887e-01  4.58462887e-01  3.28527968e-09  1.59154488e-07  8.84113334e-08  9.40000000e-01 
 9.50000000e-01  4.58462901e-01  3.27048945e-09  3.32189057e-09  4.58462901e-01  4.58462901e-01  4.58462901e-01  3.28527968e-09  1.59154526e-07  8.84112765e-08  9.50000000e-01 
 9.60000000e-01  4.58462880e-01  3.27048945e-09  3.32189045e-09  4.58462880e-01  4.58462880e-01  4.58462880e-01  3.28527968e-09  1.59154474e-07  8.84112055e-08  9.60000000e-01 
 9.70000000e-01  4.58462904e-01  3.27048945e-09  3.32189057e-09  4.58462904e-01  4.58462904e-01  4.58462904e-01  3.28527968e-09  1.59154528e-07  8.84110918e-08  9.70000000e-01 
 9.80000000e-01  4.58462921e-01  3.27048956e-09  3.32189045e-09  4.58462921e-01  4.58462921e-01  4.58462921e-01  3.28527968e-09  1.59154546e-07  8.84111202e-08  9.80000000e-01 
 9.90000000e-01  4.58462907e-01  3.27048956e-09  3.32189046e-09  4.58462907e-01  4.58462907e-01  4.58462907e-01  3.28527968e-09  1.59154526e-07  8.84109426e-08  9.90000000e-01 
 1.00000000e+00  4.58462895e-01  3.27048956e-09  3.32189046e-09  4.58462895e-01  4.58462895e-01  4.58462895e-01  3.28527968e-09  1.59154509e-07  8.84109213e-08  1.00000000e+00 
 1.01000000e+00  4.58462895e-01  3.27048956e-09  3.32189057e-09  4.58462895e-01  4.58462895e-01  4.58462895e-01  3.28527968e-09  1.59154509e-07  8.84108573e-08  1.01000000e+00 
 1.02000000e+00  4.58462904e-01  3.27048945e-09  3.32189056e-09  4.58462904e-01  4.58462904e-01  4.58462904e-01  3.28527968e-09  1.59154520e-07  8.84108502e-08  1.02000000e+00 
 1.03000000e+00  4.58462901e-01  3.27048945e-09  3.32189057e-09  4.58462901e-01  4.58462901e-01  4.58462901e-01  3.28527968e-09  1.59154507e-07  8.84107010e-08  1.03000000e+00 
 1.04000000e+00  4.58462901e-01  3.27048945e-09  3.32189046e-09  4.58462901e-01  4.58462901e-01  4.58462901e-01  3.28527968e-09  1.59154521e-07  8.84105233e-08  1.04000000e+00 
 1.05000000e+00  4.58462912e-01  3.27048956e-09  3.32189057e-09  4.58462912e-01  4.58462912e-01  4.58462912e-01  3.28527968e-09  1.59154536e-07  8.84104949e-08  1.05000000e+00 
 1.06000000e+00  4.58462896e-01  3.27048956e-09  3.32189045e-09  4.58462896e-01  4.58462896e-01  4.58462896e-01  3.28527968e-09  1.59154507e-07  8.84104807e-08  1.06000000e+00 
 1.07000000e+00  4.58462884e-01  3.27048956e-09  3.32189057e-09  4.58462884e-01  4.58462884e-01  4.58462884e-01  3.28527968e-09  1.59154500e-07  8.84103386e-08  1.07000000e+00 
 1.08000000e+00  4.58462897e-01  3.27048956e-09  3.32189045e-09  4.58462897e-01  4.58462897e-01  4.58462897e-01  3.28527968e-09  1.59154510e-07  8.84103812e-08  1.08000000e+00 
 1.09000000e+00  4.58462918e-01  3.27048956e-09  3.32189058e-09  4.58462918e-01  4.58462918e-01  4.58462918e-01  3.28527968e-09  1.59154538e-07  8.84101823e-08  1.09000000e+00 
 1.10000000e+00  4.58462887e-01  3.27048956e-09  3.32189056e-09  4.58462887e-01  4.58462887e-01  4.58462887e-01  3.28527968e-09  1.59154512e-07  8.84100544e-08  1.10000000e+00 
 1.11000000e+00  4.58462908e-01  3.27048945e-09  3.32189057e-09  4.58462908e-01  4.58462908e-01  4.58462908e-01  3.28527968e-09  1.59154525e-07  8.84100331e-08  1.11000000e+00 
 1.12000000e+00  4.58462891e-01  3.27048945e-09  3.32189045e-09  4.58462891e-01  4.58462891e-01  4.58462891e-01  3.28527968e-09  1.59154506e-07  8.84099407e-08  1.12000000e+00 
 1.13000000e+00  4.58462901e-01  3.27048956e-09  3.32189046e-09  4.58462901e-01  4.58462901e-01  4.58462901e-01  3.28527968e-09  1.59154520e-07  8.84098128e-08  1.13000000e+00 
 1.14000000e+00  4.58462874e-01  3.27048956e-09  3.32189046e-09  4.58462874e-01  4.58462874e-01  4.58462874e-01  3.28527968e-09  1.59154485e-07  8.84097844e-08  1.14000000e+00 
 1.15000000e+00  4.58462877e-01  3.27048956e-09  3.32189057e-09  4.58462877e-01  4.58462877e-01  4.58462877e-01  3.28527968e-09  1.59154493e-07  8.84095783e-08  1.15000000e+00 
 1.16000000e+00  4.58462897e-01  3.27048956e-09  3.32189045e-09  4.58462897e-01  4.58462897e-01  4.58462897e-01  3.28527968e-09  1.59154505e-07  8.84096067e-08  1.16000000e+00 
 1.17000000e+00  4.58462879e-01  3.27048945e-09  3.32189046e-09  4.58462879e-01  4.58462879e-01  4.58462879e-01  3.28527968e-09  1.59154502e-07  8.84095073e-08  1.17000000e+00 
 1.18000000e+00  4.58462909e-01  3.27048956e-09  3.32189046e-09  4.58462909e-01  4.58462909e-01  4.58462909e-01  3.28527968e-09  1.59154526e-07  8.84094362e-08  1.18000000e+00 
 1.19000000e+00  4.58462908e-01  3.27048945e-09  3.32189046e-09  4.58462908e-01  4.58462908e-01  4.58462908e-01  3.28527968e-09  1.59154531e-07  8.84093794e-08  1.19000000e+00 
 1.20000000e+00  4.58462893e-01  3.27048945e-09  3.32189057e-09  4.58462893e-01  4.58462893e-01  4.58462893e-01  3.28527968e-09  1.59154506e-07  8.84093225e-08  1.20000000e+00 
 1.21000000e+00  4.58462918e-01  3.27048945e-09  3.32189057e-09  4.58462918e-01  4.58462918e-01  4.58462918e-01  3.28527968e-09  1.59154547e-07  8.84091804e-08  1.21000000e+00 
 1.22000000e+00  4.58462904e-01  3.27048945e-09  3.32189057e-09  4.58462904e-01  4.58462904e-01  4.58462904e-01  3.28527968e-09  1.59154521e-07  8.84091236e-08  1.22000000e+00 
 1.23000000e+00  4.58462923e-01  3.27048956e-09  3.32189057e-09  4.58462923e-01  4.58462923e-01  4.58462923e-01  3.28527968e-09  1.59154542e-07  8.84090809e-08  1.23000000e+00 
 1.24000000e+00  4.58462908e-01  3.27048956e-09  3.32189057e-09  4.58462908e-01  4.58462908e-01  4.58462908e-01  3.28527968e-09  1.59154535e-07  8.84088536e-08  1.24000000e+00 
 1.25000000e+00  4.58462906e-01  3.27048945e-09  3.32189057e-09  4.58462906e-01  4.58462906e-01  4.58462906e-01  3.28527968e-09  1.59154519e-07  8.84086973e-08  1.25000000e+00 
 1.26000000e+00  4.58462912e-01  3.27048945e-09  3.32189057e-09  4.58462912e-01  4.58462912e-01  4.58462912e-01  3.28527968e-09  1.59154546e-07  8.84086688e-08  1.26000000e+00 
 1.27000000e+00  4.58462882e-01  3.27048945e-09  3.32189057e-09  4.58462882e-01  4.58462882e-01  4.58462882e-01  3.28527968e-09  1.59154490e-07  8.84085836e-08  1.27000000e+00 
 1.28000000e+00  4.58462894e-01  3.27048956e-09  3.32189057e-09  4.58462894e-01  4.58462894e-01  4.58462894e-01  3.28527968e-09  1.59154493e-07  8.84083420e-08  1.28000000e+00 
 1.29000000e+00  4.58462891e-01  3.27048956e-09  3.32189057e-09  4.58462891e-01  4.58462891e-01  4.58462891e-01  3.28527968e-09  1.59154498e-07  8.84083846e-08  1.29000000e+00 
 1.30000000e+00  4.58462905e-01  3.27048945e-09  3.32189057e-09  4.58462905e-01  4.58462905e-01  4.58462905e-01  3.28527968e-09  1.59154523e-07  8.84083988e-08  1.30000000e+00 
 1.31000000e+00  4.58462870e-01  3.27048956e-09  3.32189057e-09  4.58462870e-01  4.58462870e-01  4.58462870e-01  3.28527968e-09  1.59154473e-07  8.84081715e-08  1.31000000e+00 
 1.32000000e+00  4.58462892e-01  3.27048945e-09  3.32189045e-09  4.58462892e-01  4.58462892e-01  4.58462892e-01  3.28527968e-09  1.59154510e-07  8.84078588e-08  1.32000000e+00 
 1.33000000e+00  4.58462883e-01  3.27048956e-09  3.32189057e-09  4.58462883e-01  4.58462883e-01  4.58462883e-01  3.28527968e-09  1.59154481e-07  8.84078872e-08  1.33000000e+00 
 1.34000000e+00  4.58462897e-01  3.27048945e-09  3.32189056e-09  4.58462897e-01  4.58462897e-01  4.58462897e-01  3.28527968e-09  1.59154526e-07  8.84077735e-08  1.34000000e+00 
 1.35000000e+00  4.58462883e-01  3.27048956e-09  3.32189045e-09  4.58462883e-01  4.58462883e-01  4.58462883e-01  3.28527968e-09  1.59154489e-07  8.84077309e-08  1.35000000e+00 
 1.36000000e+00  4.58462909e-01  3.27048956e-09  3.32189046e-09  4.58462909e-01  4.58462908e-01  4.58462909e-01  3.28527968e-09  1.59154544e-07  8.84075746e-08  1.36000000e+00 
 1.37000000e+00  4.58462893e-01  3.27048956e-09  3.32189057e-09  4.58462893e-01  4.58462893e-01  4.58462893e-01  3.28527968e-09  1.59154514e-07  8.84074751e-08  1.37000000e+00 
 1.38000000e+00  4.58462915e-01  3.27048956e-09  3.32189045e-09  4.58462915e-01  4.58462915e-01  4.58462915e-01  3.28527968e-09  1.59154534e-07  8.84073756e-08  1.38000000e+00 
 1.39000000e+00  4.58462894e-01  3.27048945e-09  3.32189057e-09  4.58462894e-01  4.58462894e-01  4.58462894e-01  3.28527968e-09  1.59154497e-07  8.84070772e-08  1.39000000e+00 
 1.40000000e+00  4.58462916e-01  3.27048956e-09  3.32189045e-09  4.58462916e-01  4.58462916e-01  4.58462916e-01  3.28527968e-09  1.59154542e-07  8.84070062e-08  1.40000000e+00 
 1.41000000e+00  4.58462895e-01  3.27048956e-09  3.32189046e-09  4.58462895e-01  4.58462895e-01  4.58462895e-01  3.28527968e-09  1.59154522e-07  8.84067788e-08  1.41000000e+00 
 1.42000000e+00  4.58462898e-01  3.27048945e-09  3.32189046e-09  4.58462898e-01  4.58462898e-01  4.58462898e-01  3.28527968e-09  1.59154518e-07  8.84066935e-08  1.42000000e+00 
 1.43000000e+00  4.58462913e-01  3.27048945e-09  3.32189046e-09  4.58462913e-01  4.58462913e-01  4.58462913e-01  3.28527968e-09  1.59154545e-07  8.84064235e-08  1.43000000e+00 
 1.44000000e+00  4.58462889e-01  3.27048956e-09  3.32189057e-09  4.58462889e-01  4.58462889e-01  4.58462889e-01  3.28527968e-09  1.59154509e-07  8.84063240e-08  1.44000000e+00 
 1.45000000e+00  4.58462917e-01  3.27048956e-09  3.32189056e-09  4.58462917e-01  4.58462917e-01  4.58462917e-01  3.28527968e-09  1.59154535e-07  8.84060825e-08  1.45000000e+00 
 1.46000000e+00  4.58462909e-01  3.27048956e-09  3.32189057e-09  4.58462909e-01  4.58462909e-01  4.58462909e-01  3.28527968e-09  1.59154551e-07  8.84058551e-08  1.46000000e+00 
 1.47000000e+00  4.58462916e-01  3.27048956e-09  3.32189046e-09  4.58462916e-01  4.58462916e-01  4.58462916e-01  3.28527968e-09  1.59154530e-07  8.84054288e-08  1.47000000e+00 
 1.48000000e+00  4.58462895e-01  3.27048945e-09  3.32189046e-09  4.58462895e-01  4.58462895e-01  4.58462895e-01  3.28527968e-09  1.59154500e-07  8.84050593e-08  1.48000000e+00 
 1.49000000e+00  4.58462919e-01  3.27048945e-09  3.32189046e-09  4.58462919e-01  4.58462918e-01  4.58462919e-01  3.28527968e-09  1.59154542e-07  8.84048177e-08  1.49000000e+00 
 1.50000000e+00  4.58462911e-01  3.27048956e-09  3.32189046e-09  4.58462911e-01  4.58462911e-01  4.58462911e-01  3.28527968e-09  1.59154545e-07  8.84042493e-08  1.50000000e+00 
 1.51000000e+00  4.58462921e-01  3.27048956e-09  3.32189057e-09  4.58462921e-01  4.58462921e-01  4.58462921e-01  3.28527968e-09  1.59154543e-07  8.84038087e-08  1.51000000e+00 
 1.52000000e+00  4.58462887e-01  3.27048956e-09  3.32189056e-09  4.58462887e-01  4.58462887e-01  4.58462887e-01  3.28527968e-09  1.59154504e-07  8.84029845e-08  1.52000000e+00 
 1.53000000e+00  4.58462894e-01  3.27048956e-09  3.32189057e-09  4.58462894e-01  4.58462894e-01  4.58462894e-01  3.28527968e-09  1.59154514e-07  8.84019897e-08  1.53000000e+00 
 1.54000000e+00  4.58462899e-01  3.27048956e-09  3.32189057e-09  4.58462899e-01  4.58462899e-01  4.58462899e-01  3.28527968e-09  1.59154504e-07  8.84006681e-08  1.54000000e+00 
 1.55000000e+00  4.58462897e-01  3.27048956e-09  3.32189057e-09  4.58462897e-01  4.58462897e-01  4.58462897e-01  3.28527968e-09  1.59154506e-07  8.83989486e-08  1.55000000e+00 
 1.56000000e+00  4.58462908e-01  3.27048945e-09  3.32189046e-09  4.58462908e-01  4.58462908e-01  4.58462908e-01  3.28527968e-09  1.59154522e-07  8.83962770e-08  1.56000000e+00 
 1.57000000e+00  4.58462892e-01  3.27048956e-09  3.32189057e-09  4.58462893e-01  4.58462892e-01  4.58462892e-01  3.28527968e-09  1.59154493e-07  8.83921558e-08  1.57000000e+00 
 1.58000000e+00  4.58462911e-01  3.27048945e-09  3.32189056e-09  4.58462911e-01  4.58462911e-01  4.58462911e-01  3.28527968e-09  1.59154536e-07  8.83857894e-08  1.58000000e+00 
 1.59000000e+00  4.58462890e-01  3.27048945e-09  3.32189057e-09  4.58462890e-01  4.58462890e-01  4.58462890e-01  3.28527968e-09  1.59154501e-07  8.83744349e-08  1.59000000e+00 
 1.60000000e+00  4.58462922e-01  3.27048945e-09  3.32189057e-09  4.58462922e-01  4.58462922e-01  4.58462922e-01  3.28527968e-09  1.59154564e-07  8.83545681e-08  1.60000000e+00 
 1.61000000e+00  4.58462916e-01  3.27048956e-09  3.32189057e-09  4.58462916e-01  4.58462916e-01  4.58462916e-01  3.28527968e-09  1.59154548e-07  8.83179467e-08  1.61000000e+00 
 1.62000000e+00  4.58462885e-01  3.27048945e-09  3.32189057e-09  4.58462885e-01  4.58462885e-01  4.58462885e-01  3.28527968e-09  1.59154498e-07  8.82466367e-08  1.62000000e+00 
 1.63000000e+00  4.58462911e-01  3.27048956e-09  3.32189046e-09  4.58462911e-01  4.58462911e-01  4.58462911e-01  3.28527968e-09  1.59154532e-07  8.80825013e-08  1.63000000e+00 
 1.64000000e+00  4.58462903e-01  3.27048956e-09  3.32189046e-09  4.58462903e-01  4.58462903e-01  4.58462903e-01  3.28527968e-09  1.59154522e-07  8.74019577e-08  1.64000000e+00 
 1.65000000e+00  4.58462886e-01  3.27048945e-09  3.32189057e-09  4.58462886e-01  4.58462886e-01  4.58462886e-01  3.28527968e-09  1.59154503e-07  8.57346691e-08  1.65000000e+00 
 1.66000000e+00  4.58462868e-01  3.27048944e-09  3.32189057e-09  4.58462868e-01  4.58462868e-01  4.58462868e-01  3.28527968e-09  1.59154473e-07  7.42069943e-08  1.66000000e+00 
 1.67000000e+00  4.58462914e-01  3.27048945e-09  3.32189057e-09  4.58462914e-01  4.58462914e-01  4.58462914e-01  3.28527968e-09  1.59154535e-07  5.98740257e-08  1.67000000e+00 
 1.68000000e+00  4.58462892e-01  3.27048956e-09  3.32189057e-09  4.58462892e-01  4.58462892e-01  4.58462892e-01  3.28527968e-09  1.59154499e-07  4.79008406e-08  1.68000000e+00 
 1.69000000e+00  4.58462896e-01  3.27048956e-09  3.32189057e-09  4.58462896e-01  4.58462896e-01  4.58462896e-01  3.28527968e-09  1.59154523e-07  3.79818204e-08  1.69000000e+00 
 1.70000000e+00  4.58462920e-01  3.27048945e-09  3.32189057e-09  4.58462920e-01  4.58462920e-01  4.58462920e-01  3.28527968e-09  1.59154542e-07  2.98141600e-08  1.70000000e+00 
 1.71000000e+00  4.58462921e-01  3.27048945e-09  3.32189057e-09  4.58462921e-01  4.58462921e-01  4.58462921e-01  3.28527968e-09  1.59154551e-07  2.31155184e-08  1.71000000e+00 
 1.72000000e+00  4.58462901e-01  3.27048956e-09  3.32189046e-09  4.58462901e-01  4.58462901e-01  4.58462901e-01  3.28527968e-09  1.59154506e-07  1.76369639e-08  1.72000000e+00 
 1.73000000e+00  4.58462899e-01  3.27048956e-09  3.32189057e-09  4.58462899e-01  4.58462899e-01  4.58462899e-01  3.28527968e-09  1.59154515e-07  1.31621789e-08  1.73000000e+00 
 1.74000000e+00  4.58462882e-01  3.27048956e-09  3.32189056e-09  4.58462882e-01  4.58462882e-01  4.58462882e-01  3.28527968e-09  1.59154494e-07  9.50291223e-09  1.74000000e+00 
 1.75000000e+00  4.58462912e-01  3.27048945e-09  3.32189057e-09  4.58462912e-01  4.58462912e-01  4.58462912e-01  3.28527968e-09  1.59154524e-07  6.49647802e-09  1.75000000e+00 
 1.76000000e+00  4.58462908e-01  3.27048956e-09  3.32189057e-09  4.58462908e-01  4.58462908e-01  4.58462908e-01  3.28527968e-09  1.59154532e-07  4.00277145e-09  1.76000000e+00 
 1.77000000e+00  4.58462881e-01  3.27048945e-09  3.32189057e-09  4.58462881e-01  4.58462881e-01  4.58462881e-01  3.28527968e-09  1.59154496e-07  1.91215577e-09  1.77000000e+00 
 1.78000000e+00  4.58462884e-01  3.27048945e-09  3.32189057e-09  4.58462884e-01  4.58462884e-01  4.58462884e-01  3.28527968e-09  1.59154498e-07  1.57839963e-10  1.78000000e+00 
 1.79000000e+00  4.58462895e-01  3.27048945e-09  3.32189057e-09  4.58462895e-01  4.58462895e-01  4.58462895e-01  3.28527968e-09  1.59154519e-07 -1.27965905e-09  1.79000000e+00 
 1.80000000e+00  4.58462886e-01  3.27048956e-09  3.32189057e-09  4.58462886e-01  4.58462886e-01  4.58462886e-01  3.28527968e-09  1.59154487e-07 -2.39683118e-09  1.80000000e+00 
