 v-sweep         v(b0)           v(b1)           v(b2)           v(b3)           v(b4)           v(b5)           v(b6)           i(vbias)        i(viout)        v(vout)        
 0.00000000e+00  4.58339887e-01  4.58339887e-01  3.25784747e-09  4.58339887e-01  3.26021516e-09  3.32057929e-09  3.26238683e-09  1.57967841e-07  1.79496342e-08  0.00000000e+00 
 1.00000000e-02  4.58339864e-01  4.58339864e-01  3.25784745e-09  4.58339864e-01  3.26021525e-09  3.32057928e-09  3.26238681e-09  1.57967798e-07  1.79490680e-08  1.00000000e-02 
 2.00000000e-02  4.58339875e-01  4.58339875e-01  3.25784745e-09  4.58339875e-01  3.26021525e-09  3.32057928e-09  3.26238693e-09  1.57967822e-07  1.79488566e-08  2.00000000e-02 
 3.00000000e-02  4.58339868e-01  4.58339868e-01  3.25784757e-09  4.58339868e-01  3.26021525e-09  3.32057928e-09  3.26238692e-09  1.57967810e-07  1.79484168e-08  3.00000000e-02 
 4.00000000e-02  4.58339873e-01  4.58339873e-01  3.25784757e-09  4.58339873e-01  3.26021514e-09  3.32057928e-09  3.26238693e-09  1.57967822e-07  1.79481083e-08  4.00000000e-02 
 5.00000000e-02  4.58339875e-01  4.58339875e-01  3.25784745e-09  4.58339875e-01  3.26021514e-09  3.32057928e-09  3.26238682e-09  1.57967815e-07  1.79477300e-08  5.00000000e-02 
 6.00000000e-02  4.58339861e-01  4.58339861e-01  3.25784757e-09  4.58339861e-01  3.26021514e-09  3.32057928e-09  3.26238682e-09  1.57967780e-07  1.79475155e-08  6.00000000e-02 
 7.00000000e-02  4.58339897e-01  4.58339897e-01  3.25784757e-09  4.58339897e-01  3.26021514e-09  3.32057928e-09  3.26238693e-09  1.57967852e-07  1.79471802e-08  7.00000000e-02 
 8.00000000e-02  4.58339866e-01  4.58339866e-01  3.25784745e-09  4.58339866e-01  3.26021514e-09  3.32057928e-09  3.26238681e-09  1.57967798e-07  1.79469062e-08  8.00000000e-02 
 9.00000000e-02  4.58339868e-01  4.58339868e-01  3.25784757e-09  4.58339868e-01  3.26021514e-09  3.32057928e-09  3.26238693e-09  1.57967815e-07  1.79466335e-08  9.00000000e-02 
 1.00000000e-01  4.58339872e-01  4.58339872e-01  3.25784757e-09  4.58339872e-01  3.26021514e-09  3.32057928e-09  3.26238692e-09  1.57967806e-07  1.79464710e-08  1.00000000e-01 
 1.10000000e-01  4.58339876e-01  4.58339876e-01  3.25784757e-09  4.58339876e-01  3.26021514e-09  3.32057928e-09  3.26238693e-09  1.57967816e-07  1.79461193e-08  1.10000000e-01 
 1.20000000e-01  4.58339892e-01  4.58339892e-01  3.25784745e-09  4.58339892e-01  3.26021514e-09  3.32057928e-09  3.26238693e-09  1.57967852e-07  1.79457977e-08  1.20000000e-01 
 1.30000000e-01  4.58339877e-01  4.58339877e-01  3.25784745e-09  4.58339877e-01  3.26021514e-09  3.32057928e-09  3.26238693e-09  1.57967827e-07  1.79456876e-08  1.30000000e-01 
 1.40000000e-01  4.58339879e-01  4.58339879e-01  3.25784757e-09  4.58339879e-01  3.26021514e-09  3.32057928e-09  3.26238682e-09  1.57967825e-07  1.79454336e-08  1.40000000e-01 
 1.50000000e-01  4.58339899e-01  4.58339899e-01  3.25784757e-09  4.58339899e-01  3.26021525e-09  3.32057928e-09  3.26238682e-09  1.57967846e-07  1.79452755e-08  1.50000000e-01 
 1.60000000e-01  4.58339875e-01  4.58339875e-01  3.25784757e-09  4.58339875e-01  3.26021514e-09  3.32057928e-09  3.26238681e-09  1.57967824e-07  1.79451529e-08  1.60000000e-01 
 1.70000000e-01  4.58339886e-01  4.58339886e-01  3.25784745e-09  4.58339886e-01  3.26021514e-09  3.32057928e-09  3.26238693e-09  1.57967832e-07  1.79449433e-08  1.70000000e-01 
 1.80000000e-01  4.58339887e-01  4.58339887e-01  3.25784757e-09  4.58339887e-01  3.26021514e-09  3.32057928e-09  3.26238692e-09  1.57967832e-07  1.79448207e-08  1.80000000e-01 
 1.90000000e-01  4.58339871e-01  4.58339871e-01  3.25784757e-09  4.58339871e-01  3.26021514e-09  3.32057928e-09  3.26238682e-09  1.57967814e-07  1.79446538e-08  1.90000000e-01 
 2.00000000e-01  4.58339877e-01  4.58339877e-01  3.25784745e-09  4.58339877e-01  3.26021514e-09  3.32057928e-09  3.26238693e-09  1.57967828e-07  1.79444353e-08  2.00000000e-01 
 2.10000000e-01  4.58339866e-01  4.58339866e-01  3.25784757e-09  4.58339866e-01  3.26021514e-09  3.32057928e-09  3.26238681e-09  1.57967793e-07  1.79443571e-08  2.10000000e-01 
 2.20000000e-01  4.58339876e-01  4.58339876e-01  3.25784745e-09  4.58339876e-01  3.26021525e-09  3.32057917e-09  3.26238693e-09  1.57967812e-07  1.79442310e-08  2.20000000e-01 
 2.30000000e-01  4.58339862e-01  4.58339862e-01  3.25784745e-09  4.58339862e-01  3.26021514e-09  3.32057928e-09  3.26238681e-09  1.57967801e-07  1.79440836e-08  2.30000000e-01 
 2.40000000e-01  4.58339862e-01  4.58339862e-01  3.25784757e-09  4.58339862e-01  3.26021514e-09  3.32057928e-09  3.26238693e-09  1.57967788e-07  1.79439326e-08  2.40000000e-01 
 2.50000000e-01  4.58339871e-01  4.58339871e-01  3.25784757e-09  4.58339871e-01  3.26021514e-09  3.32057928e-09  3.26238681e-09  1.57967800e-07  1.79438473e-08  2.50000000e-01 
 2.60000000e-01  4.58339875e-01  4.58339875e-01  3.25784745e-09  4.58339875e-01  3.26021525e-09  3.32057928e-09  3.26238693e-09  1.57967805e-07  1.79437549e-08  2.60000000e-01 
 2.70000000e-01  4.58339861e-01  4.58339861e-01  3.25784757e-09  4.58339861e-01  3.26021514e-09  3.32057928e-09  3.26238692e-09  1.57967789e-07  1.79434956e-08  2.70000000e-01 
 2.80000000e-01  4.58339867e-01  4.58339867e-01  3.25784745e-09  4.58339867e-01  3.26021514e-09  3.32057928e-09  3.26238693e-09  1.57967812e-07  1.79434423e-08  2.80000000e-01 
 2.90000000e-01  4.58339860e-01  4.58339860e-01  3.25784745e-09  4.58339860e-01  3.26021525e-09  3.32057928e-09  3.26238681e-09  1.57967792e-07  1.79433073e-08  2.90000000e-01 
 3.00000000e-01  4.58339891e-01  4.58339891e-01  3.25784757e-09  4.58339891e-01  3.26021514e-09  3.32057928e-09  3.26238682e-09  1.57967838e-07  1.79433748e-08  3.00000000e-01 
 3.10000000e-01  4.58339883e-01  4.58339883e-01  3.25784745e-09  4.58339883e-01  3.26021514e-09  3.32057928e-09  3.26238692e-09  1.57967838e-07  1.79430657e-08  3.10000000e-01 
 3.20000000e-01  4.58339870e-01  4.58339870e-01  3.25784745e-09  4.58339870e-01  3.26021525e-09  3.32057928e-09  3.26238693e-09  1.57967804e-07  1.79430444e-08  3.20000000e-01 
 3.30000000e-01  4.58339896e-01  4.58339896e-01  3.25784757e-09  4.58339896e-01  3.26021514e-09  3.32057928e-09  3.26238693e-09  1.57967838e-07  1.79429342e-08  3.30000000e-01 
 3.40000000e-01  4.58339876e-01  4.58339876e-01  3.25784745e-09  4.58339876e-01  3.26021514e-09  3.32057928e-09  3.26238682e-09  1.57967814e-07  1.79430053e-08  3.40000000e-01 
 3.50000000e-01  4.58339854e-01  4.58339854e-01  3.25784757e-09  4.58339854e-01  3.26021514e-09  3.32057928e-09  3.26238693e-09  1.57967789e-07  1.79427602e-08  3.50000000e-01 
 3.60000000e-01  4.58339886e-01  4.58339886e-01  3.25784745e-09  4.58339886e-01  3.26021525e-09  3.32057928e-09  3.26238681e-09  1.57967841e-07  1.79427424e-08  3.60000000e-01 
 3.70000000e-01  4.58339858e-01  4.58339858e-01  3.25784757e-09  4.58339858e-01  3.26021514e-09  3.32057928e-09  3.26238693e-09  1.57967798e-07  1.79426678e-08  3.70000000e-01 
 3.80000000e-01  4.58339878e-01  4.58339878e-01  3.25784757e-09  4.58339878e-01  3.26021525e-09  3.32057928e-09  3.26238681e-09  1.57967840e-07  1.79426110e-08  3.80000000e-01 
 3.90000000e-01  4.58339877e-01  4.58339877e-01  3.25784757e-09  4.58339877e-01  3.26021514e-09  3.32057928e-09  3.26238682e-09  1.57967818e-07  1.79425932e-08  3.90000000e-01 
 4.00000000e-01  4.58339869e-01  4.58339869e-01  3.25784745e-09  4.58339869e-01  3.26021514e-09  3.32057928e-09  3.26238692e-09  1.57967807e-07  1.79423765e-08  4.00000000e-01 
 4.10000000e-01  4.58339879e-01  4.58339879e-01  3.25784757e-09  4.58339879e-01  3.26021514e-09  3.32057928e-09  3.26238682e-09  1.57967811e-07  1.79424084e-08  4.10000000e-01 
 4.20000000e-01  4.58339862e-01  4.58339862e-01  3.25784745e-09  4.58339862e-01  3.26021514e-09  3.32057928e-09  3.26238693e-09  1.57967794e-07  1.79422166e-08  4.20000000e-01 
 4.30000000e-01  4.58339877e-01  4.58339877e-01  3.25784745e-09  4.58339877e-01  3.26021514e-09  3.32057928e-09  3.26238692e-09  1.57967821e-07  1.79420923e-08  4.30000000e-01 
 4.40000000e-01  4.58339874e-01  4.58339874e-01  3.25784757e-09  4.58339874e-01  3.26021525e-09  3.32057928e-09  3.26238693e-09  1.57967822e-07  1.79421065e-08  4.40000000e-01 
 4.50000000e-01  4.58339883e-01  4.58339883e-01  3.25784757e-09  4.58339883e-01  3.26021525e-09  3.32057928e-09  3.26238693e-09  1.57967814e-07  1.79420141e-08  4.50000000e-01 
 4.60000000e-01  4.58339863e-01  4.58339863e-01  3.25784745e-09  4.58339863e-01  3.26021514e-09  3.32057928e-09  3.26238693e-09  1.57967796e-07  1.79420105e-08  4.60000000e-01 
 4.70000000e-01  4.58339893e-01  4.58339893e-01  3.25784745e-09  4.58339893e-01  3.26021514e-09  3.32057928e-09  3.26238693e-09  1.57967847e-07  1.79420390e-08  4.70000000e-01 
 4.80000000e-01  4.58339871e-01  4.58339871e-01  3.25784757e-09  4.58339871e-01  3.26021514e-09  3.32057917e-09  3.26238693e-09  1.57967809e-07  1.79419075e-08  4.80000000e-01 
 4.90000000e-01  4.58339865e-01  4.58339865e-01  3.25784757e-09  4.58339865e-01  3.26021525e-09  3.32057928e-09  3.26238681e-09  1.57967815e-07  1.79418791e-08  4.90000000e-01 
 5.00000000e-01  4.58339854e-01  4.58339854e-01  3.25784745e-09  4.58339854e-01  3.26021514e-09  3.32057928e-09  3.26238693e-09  1.57967767e-07  1.79416588e-08  5.00000000e-01 
 5.10000000e-01  4.58339879e-01  4.58339879e-01  3.25784757e-09  4.58339879e-01  3.26021525e-09  3.32057928e-09  3.26238681e-09  1.57967841e-07  1.79417121e-08  5.10000000e-01 
 5.20000000e-01  4.58339868e-01  4.58339868e-01  3.25784757e-09  4.58339868e-01  3.26021514e-09  3.32057928e-09  3.26238693e-09  1.57967816e-07  1.79417476e-08  5.20000000e-01 
 5.30000000e-01  4.58339866e-01  4.58339866e-01  3.25784745e-09  4.58339866e-01  3.26021514e-09  3.32057928e-09  3.26238681e-09  1.57967796e-07  1.79417157e-08  5.30000000e-01 
 5.40000000e-01  4.58339874e-01  4.58339874e-01  3.25784757e-09  4.58339874e-01  3.26021514e-09  3.32057928e-09  3.26238693e-09  1.57967821e-07  1.79416197e-08  5.40000000e-01 
 5.50000000e-01  4.58339864e-01  4.58339864e-01  3.25784757e-09  4.58339864e-01  3.26021525e-09  3.32057917e-09  3.26238681e-09  1.57967799e-07  1.79415522e-08  5.50000000e-01 
 5.60000000e-01  4.58339869e-01  4.58339869e-01  3.25784745e-09  4.58339869e-01  3.26021525e-09  3.32057928e-09  3.26238682e-09  1.57967811e-07  1.79414954e-08  5.60000000e-01 
 5.70000000e-01  4.58339873e-01  4.58339873e-01  3.25784757e-09  4.58339873e-01  3.26021514e-09  3.32057928e-09  3.26238681e-09  1.57967807e-07  1.79414066e-08  5.70000000e-01 
 5.80000000e-01  4.58339871e-01  4.58339871e-01  3.25784757e-09  4.58339871e-01  3.26021514e-09  3.32057928e-09  3.26238682e-09  1.57967808e-07  1.79412964e-08  5.80000000e-01 
 5.90000000e-01  4.58339863e-01  4.58339863e-01  3.25784745e-09  4.58339863e-01  3.26021514e-09  3.32057928e-09  3.26238692e-09  1.57967793e-07  1.79413817e-08  5.90000000e-01 
 6.00000000e-01  4.58339891e-01  4.58339891e-01  3.25784757e-09  4.58339891e-01  3.26021525e-09  3.32057928e-09  3.26238682e-09  1.57967842e-07  1.79412538e-08  6.00000000e-01 
 6.10000000e-01  4.58339896e-01  4.58339896e-01  3.25784757e-09  4.58339896e-01  3.26021514e-09  3.32057928e-09  3.26238682e-09  1.57967846e-07  1.79412964e-08  6.10000000e-01 
 6.20000000e-01  4.58339882e-01  4.58339882e-01  3.25784757e-09  4.58339882e-01  3.26021514e-09  3.32057928e-09  3.26238692e-09  1.57967830e-07  1.79410407e-08  6.20000000e-01 
 6.30000000e-01  4.58339872e-01  4.58339872e-01  3.25784757e-09  4.58339872e-01  3.26021514e-09  3.32057928e-09  3.26238693e-09  1.57967814e-07  1.79411117e-08  6.30000000e-01 
 6.40000000e-01  4.58339871e-01  4.58339871e-01  3.25784745e-09  4.58339871e-01  3.26021525e-09  3.32057928e-09  3.26238682e-09  1.57967814e-07  1.79409767e-08  6.40000000e-01 
 6.50000000e-01  4.58339879e-01  4.58339879e-01  3.25784745e-09  4.58339879e-01  3.26021525e-09  3.32057928e-09  3.26238693e-09  1.57967823e-07  1.79409625e-08  6.50000000e-01 
 6.60000000e-01  4.58339863e-01  4.58339863e-01  3.25784757e-09  4.58339863e-01  3.26021525e-09  3.32057928e-09  3.26238681e-09  1.57967790e-07  1.79409412e-08  6.60000000e-01 
 6.70000000e-01  4.58339885e-01  4.58339885e-01  3.25784757e-09  4.58339885e-01  3.26021514e-09  3.32057928e-09  3.26238693e-09  1.57967848e-07  1.79408559e-08  6.70000000e-01 
 6.80000000e-01  4.58339869e-01  4.58339869e-01  3.25784757e-09  4.58339869e-01  3.26021514e-09  3.32057928e-09  3.26238681e-09  1.57967813e-07  1.79407564e-08  6.80000000e-01 
 6.90000000e-01  4.58339912e-01  4.58339912e-01  3.25784745e-09  4.58339912e-01  3.26021514e-09  3.32057928e-09  3.26238694e-09  1.57967863e-07  1.79408204e-08  6.90000000e-01 
 7.00000000e-01  4.58339871e-01  4.58339871e-01  3.25784757e-09  4.58339871e-01  3.26021514e-09  3.32057928e-09  3.26238692e-09  1.57967826e-07  1.79406854e-08  7.00000000e-01 
 7.10000000e-01  4.58339891e-01  4.58339891e-01  3.25784757e-09  4.58339891e-01  3.26021514e-09  3.32057928e-09  3.26238682e-09  1.57967836e-07  1.79406001e-08  7.10000000e-01 
 7.20000000e-01  4.58339880e-01  4.58339880e-01  3.25784757e-09  4.58339880e-01  3.26021514e-09  3.32057928e-09  3.26238682e-09  1.57967834e-07  1.79406143e-08  7.20000000e-01 
 7.30000000e-01  4.58339880e-01  4.58339880e-01  3.25784745e-09  4.58339880e-01  3.26021514e-09  3.32057928e-09  3.26238692e-09  1.57967815e-07  1.79405291e-08  7.30000000e-01 
 7.40000000e-01  4.58339870e-01  4.58339870e-01  3.25784745e-09  4.58339870e-01  3.26021525e-09  3.32057928e-09  3.26238693e-09  1.57967799e-07  1.79403941e-08  7.40000000e-01 
 7.50000000e-01  4.58339864e-01  4.58339864e-01  3.25784757e-09  4.58339864e-01  3.26021514e-09  3.32057928e-09  3.26238681e-09  1.57967802e-07  1.79403798e-08  7.50000000e-01 
 7.60000000e-01  4.58339886e-01  4.58339886e-01  3.25784745e-09  4.58339886e-01  3.26021514e-09  3.32057928e-09  3.26238693e-09  1.57967823e-07  1.79403727e-08  7.60000000e-01 
 7.70000000e-01  4.58339884e-01  4.58339884e-01  3.25784757e-09  4.58339884e-01  3.26021514e-09  3.32057928e-09  3.26238681e-09  1.57967816e-07  1.79403372e-08  7.70000000e-01 
 7.80000000e-01  4.58339873e-01  4.58339873e-01  3.25784745e-09  4.58339873e-01  3.26021514e-09  3.32057928e-09  3.26238693e-09  1.57967796e-07  1.79403443e-08  7.80000000e-01 
 7.90000000e-01  4.58339886e-01  4.58339886e-01  3.25784757e-09  4.58339886e-01  3.26021525e-09  3.32057928e-09  3.26238681e-09  1.57967836e-07  1.79401809e-08  7.90000000e-01 
 8.00000000e-01  4.58339896e-01  4.58339896e-01  3.25784757e-09  4.58339896e-01  3.26021514e-09  3.32057928e-09  3.26238694e-09  1.57967861e-07  1.79401525e-08  8.00000000e-01 
 8.10000000e-01  4.58339860e-01  4.58339860e-01  3.25784745e-09  4.58339860e-01  3.26021514e-09  3.32057928e-09  3.26238692e-09  1.57967785e-07  1.79400814e-08  8.10000000e-01 
 8.20000000e-01  4.58339878e-01  4.58339878e-01  3.25784745e-09  4.58339878e-01  3.26021514e-09  3.32057928e-09  3.26238682e-09  1.57967827e-07  1.79401169e-08  8.20000000e-01 
 8.30000000e-01  4.58339883e-01  4.58339883e-01  3.25784757e-09  4.58339883e-01  3.26021514e-09  3.32057928e-09  3.26238693e-09  1.57967828e-07  1.79399322e-08  8.30000000e-01 
 8.40000000e-01  4.58339872e-01  4.58339872e-01  3.25784745e-09  4.58339872e-01  3.26021514e-09  3.32057928e-09  3.26238692e-09  1.57967810e-07  1.79400246e-08  8.40000000e-01 
 8.50000000e-01  4.58339875e-01  4.58339875e-01  3.25784757e-09  4.58339875e-01  3.26021514e-09  3.32057928e-09  3.26238693e-09  1.57967814e-07  1.79399322e-08  8.50000000e-01 
 8.60000000e-01  4.58339858e-01  4.58339858e-01  3.25784745e-09  4.58339858e-01  3.26021514e-09  3.32057928e-09  3.26238681e-09  1.57967792e-07  1.79399180e-08  8.60000000e-01 
 8.70000000e-01  4.58339889e-01  4.58339889e-01  3.25784757e-09  4.58339889e-01  3.26021514e-09  3.32057917e-09  3.26238693e-09  1.57967842e-07  1.79396551e-08  8.70000000e-01 
 8.80000000e-01  4.58339893e-01  4.58339893e-01  3.25784745e-09  4.58339893e-01  3.26021514e-09  3.32057928e-09  3.26238681e-09  1.57967848e-07  1.79397972e-08  8.80000000e-01 
 8.90000000e-01  4.58339874e-01  4.58339874e-01  3.25784745e-09  4.58339874e-01  3.26021525e-09  3.32057928e-09  3.26238682e-09  1.57967816e-07  1.79397333e-08  8.90000000e-01 
 9.00000000e-01  4.58339890e-01  4.58339890e-01  3.25784745e-09  4.58339890e-01  3.26021514e-09  3.32057928e-09  3.26238681e-09  1.57967836e-07  1.79396409e-08  9.00000000e-01 
 9.10000000e-01  4.58339872e-01  4.58339872e-01  3.25784757e-09  4.58339872e-01  3.26021525e-09  3.32057928e-09  3.26238682e-09  1.57967818e-07  1.79396196e-08  9.10000000e-01 
 9.20000000e-01  4.58339878e-01  4.58339878e-01  3.25784745e-09  4.58339878e-01  3.26021525e-09  3.32057928e-09  3.26238692e-09  1.57967812e-07  1.79395627e-08  9.20000000e-01 
 9.30000000e-01  4.58339883e-01  4.58339883e-01  3.25784757e-09  4.58339883e-01  3.26021525e-09  3.32057928e-09  3.26238693e-09  1.57967829e-07  1.79395840e-08  9.30000000e-01 
 9.40000000e-01  4.58339867e-01  4.58339867e-01  3.25784757e-09  4.58339867e-01  3.26021514e-09  3.32057928e-09  3.26238693e-09  1.57967802e-07  1.79393993e-08  9.40000000e-01 
 9.50000000e-01  4.58339883e-01  4.58339883e-01  3.25784757e-09  4.58339883e-01  3.26021514e-09  3.32057928e-09  3.26238682e-09  1.57967831e-07  1.79393993e-08  9.50000000e-01 
 9.60000000e-01  4.58339878e-01  4.58339878e-01  3.25784757e-09  4.58339878e-01  3.26021514e-09  3.32057928e-09  3.26238682e-09  1.57967830e-07  1.79391506e-08  9.60000000e-01 
 9.70000000e-01  4.58339870e-01  4.58339870e-01  3.25784757e-09  4.58339870e-01  3.26021514e-09  3.32057928e-09  3.26238692e-09  1.57967805e-07  1.79393567e-08  9.70000000e-01 
 9.80000000e-01  4.58339862e-01  4.58339862e-01  3.25784745e-09  4.58339862e-01  3.26021514e-09  3.32057928e-09  3.26238693e-09  1.57967795e-07  1.79392003e-08  9.80000000e-01 
 9.90000000e-01  4.58339888e-01  4.58339888e-01  3.25784745e-09  4.58339888e-01  3.26021514e-09  3.32057928e-09  3.26238693e-09  1.57967828e-07  1.79391790e-08  9.90000000e-01 
 1.00000000e+00  4.58339866e-01  4.58339866e-01  3.25784745e-09  4.58339866e-01  3.26021514e-09  3.32057928e-09  3.26238693e-09  1.57967805e-07  1.79391364e-08  1.00000000e+00 
 1.01000000e+00  4.58339872e-01  4.58339872e-01  3.25784757e-09  4.58339872e-01  3.26021514e-09  3.32057928e-09  3.26238693e-09  1.57967801e-07  1.79392288e-08  1.01000000e+00 
 1.02000000e+00  4.58339868e-01  4.58339868e-01  3.25784745e-09  4.58339868e-01  3.26021525e-09  3.32057928e-09  3.26238682e-09  1.57967803e-07  1.79390796e-08  1.02000000e+00 
 1.03000000e+00  4.58339864e-01  4.58339864e-01  3.25784757e-09  4.58339864e-01  3.26021525e-09  3.32057928e-09  3.26238693e-09  1.57967807e-07  1.79390582e-08  1.03000000e+00 
 1.04000000e+00  4.58339876e-01  4.58339876e-01  3.25784745e-09  4.58339876e-01  3.26021514e-09  3.32057928e-09  3.26238681e-09  1.57967813e-07  1.79388877e-08  1.04000000e+00 
 1.05000000e+00  4.58339874e-01  4.58339874e-01  3.25784757e-09  4.58339874e-01  3.26021514e-09  3.32057928e-09  3.26238693e-09  1.57967796e-07  1.79387527e-08  1.05000000e+00 
 1.06000000e+00  4.58339858e-01  4.58339858e-01  3.25784757e-09  4.58339858e-01  3.26021525e-09  3.32057928e-09  3.26238681e-09  1.57967794e-07  1.79388593e-08  1.06000000e+00 
 1.07000000e+00  4.58339865e-01  4.58339865e-01  3.25784745e-09  4.58339865e-01  3.26021514e-09  3.32057928e-09  3.26238682e-09  1.57967810e-07  1.79387527e-08  1.07000000e+00 
 1.08000000e+00  4.58339869e-01  4.58339869e-01  3.25784757e-09  4.58339869e-01  3.26021514e-09  3.32057928e-09  3.26238692e-09  1.57967799e-07  1.79386390e-08  1.08000000e+00 
 1.09000000e+00  4.58339857e-01  4.58339857e-01  3.25784745e-09  4.58339857e-01  3.26021525e-09  3.32057928e-09  3.26238681e-09  1.57967776e-07  1.79386888e-08  1.09000000e+00 
 1.10000000e+00  4.58339894e-01  4.58339894e-01  3.25784745e-09  4.58339894e-01  3.26021514e-09  3.32057928e-09  3.26238682e-09  1.57967846e-07  1.79385253e-08  1.10000000e+00 
 1.11000000e+00  4.58339849e-01  4.58339849e-01  3.25784757e-09  4.58339849e-01  3.26021514e-09  3.32057928e-09  3.26238681e-09  1.57967779e-07  1.79385040e-08  1.11000000e+00 
 1.12000000e+00  4.58339863e-01  4.58339863e-01  3.25784757e-09  4.58339863e-01  3.26021514e-09  3.32057928e-09  3.26238682e-09  1.57967813e-07  1.79385182e-08  1.12000000e+00 
 1.13000000e+00  4.58339860e-01  4.58339860e-01  3.25784745e-09  4.58339860e-01  3.26021525e-09  3.32057928e-09  3.26238681e-09  1.57967804e-07  1.79383619e-08  1.13000000e+00 
 1.14000000e+00  4.58339887e-01  4.58339887e-01  3.25784745e-09  4.58339887e-01  3.26021525e-09  3.32057928e-09  3.26238693e-09  1.57967834e-07  1.79382909e-08  1.14000000e+00 
 1.15000000e+00  4.58339873e-01  4.58339873e-01  3.25784745e-09  4.58339873e-01  3.26021525e-09  3.32057917e-09  3.26238692e-09  1.57967815e-07  1.79383548e-08  1.15000000e+00 
 1.16000000e+00  4.58339874e-01  4.58339874e-01  3.25784745e-09  4.58339874e-01  3.26021525e-09  3.32057928e-09  3.26238682e-09  1.57967816e-07  1.79382340e-08  1.16000000e+00 
 1.17000000e+00  4.58339866e-01  4.58339866e-01  3.25784757e-09  4.58339866e-01  3.26021514e-09  3.32057928e-09  3.26238693e-09  1.57967798e-07  1.79381203e-08  1.17000000e+00 
 1.18000000e+00  4.58339880e-01  4.58339880e-01  3.25784745e-09  4.58339880e-01  3.26021514e-09  3.32057917e-09  3.26238681e-09  1.57967823e-07  1.79381345e-08  1.18000000e+00 
 1.19000000e+00  4.58339888e-01  4.58339888e-01  3.25784757e-09  4.58339888e-01  3.26021514e-09  3.32057928e-09  3.26238682e-09  1.57967840e-07  1.79381203e-08  1.19000000e+00 
 1.20000000e+00  4.58339879e-01  4.58339879e-01  3.25784757e-09  4.58339879e-01  3.26021525e-09  3.32057928e-09  3.26238692e-09  1.57967825e-07  1.79380208e-08  1.20000000e+00 
 1.21000000e+00  4.58339851e-01  4.58339851e-01  3.25784745e-09  4.58339851e-01  3.26021514e-09  3.32057928e-09  3.26238693e-09  1.57967770e-07  1.79379356e-08  1.21000000e+00 
 1.22000000e+00  4.58339894e-01  4.58339894e-01  3.25784757e-09  4.58339894e-01  3.26021514e-09  3.32057928e-09  3.26238682e-09  1.57967858e-07  1.79378787e-08  1.22000000e+00 
 1.23000000e+00  4.58339874e-01  4.58339874e-01  3.25784757e-09  4.58339874e-01  3.26021514e-09  3.32057928e-09  3.26238693e-09  1.57967813e-07  1.79377508e-08  1.23000000e+00 
 1.24000000e+00  4.58339880e-01  4.58339880e-01  3.25784757e-09  4.58339880e-01  3.26021525e-09  3.32057928e-09  3.26238681e-09  1.57967829e-07  1.79378077e-08  1.24000000e+00 
 1.25000000e+00  4.58339877e-01  4.58339877e-01  3.25784757e-09  4.58339877e-01  3.26021514e-09  3.32057928e-09  3.26238682e-09  1.57967810e-07  1.79377651e-08  1.25000000e+00 
 1.26000000e+00  4.58339879e-01  4.58339879e-01  3.25784745e-09  4.58339879e-01  3.26021525e-09  3.32057928e-09  3.26238681e-09  1.57967821e-07  1.79376798e-08  1.26000000e+00 
 1.27000000e+00  4.58339883e-01  4.58339883e-01  3.25784745e-09  4.58339883e-01  3.26021525e-09  3.32057928e-09  3.26238693e-09  1.57967820e-07  1.79375093e-08  1.27000000e+00 
 1.28000000e+00  4.58339885e-01  4.58339885e-01  3.25784757e-09  4.58339885e-01  3.26021514e-09  3.32057928e-09  3.26238692e-09  1.57967826e-07  1.79374524e-08  1.28000000e+00 
 1.29000000e+00  4.58339875e-01  4.58339875e-01  3.25784745e-09  4.58339875e-01  3.26021514e-09  3.32057928e-09  3.26238693e-09  1.57967814e-07  1.79374950e-08  1.29000000e+00 
 1.30000000e+00  4.58339867e-01  4.58339867e-01  3.25784745e-09  4.58339867e-01  3.26021514e-09  3.32057928e-09  3.26238693e-09  1.57967800e-07  1.79374666e-08  1.30000000e+00 
 1.31000000e+00  4.58339866e-01  4.58339866e-01  3.25784757e-09  4.58339866e-01  3.26021525e-09  3.32057928e-09  3.26238693e-09  1.57967818e-07  1.79372535e-08  1.31000000e+00 
 1.32000000e+00  4.58339866e-01  4.58339866e-01  3.25784745e-09  4.58339866e-01  3.26021514e-09  3.32057928e-09  3.26238693e-09  1.57967802e-07  1.79372677e-08  1.32000000e+00 
 1.33000000e+00  4.58339865e-01  4.58339865e-01  3.25784757e-09  4.58339865e-01  3.26021514e-09  3.32057928e-09  3.26238681e-09  1.57967795e-07  1.79372108e-08  1.33000000e+00 
 1.34000000e+00  4.58339867e-01  4.58339867e-01  3.25784745e-09  4.58339867e-01  3.26021514e-09  3.32057928e-09  3.26238693e-09  1.57967799e-07  1.79371256e-08  1.34000000e+00 
 1.35000000e+00  4.58339866e-01  4.58339866e-01  3.25784757e-09  4.58339866e-01  3.26021514e-09  3.32057928e-09  3.26238681e-09  1.57967801e-07  1.79371256e-08  1.35000000e+00 
 1.36000000e+00  4.58339844e-01  4.58339844e-01  3.25784745e-09  4.58339844e-01  3.26021514e-09  3.32057928e-09  3.26238682e-09  1.57967777e-07  1.79370403e-08  1.36000000e+00 
 1.37000000e+00  4.58339886e-01  4.58339886e-01  3.25784757e-09  4.58339886e-01  3.26021514e-09  3.32057928e-09  3.26238681e-09  1.57967826e-07  1.79369835e-08  1.37000000e+00 
 1.38000000e+00  4.58339868e-01  4.58339868e-01  3.25784757e-09  4.58339868e-01  3.26021514e-09  3.32057928e-09  3.26238682e-09  1.57967809e-07  1.79368271e-08  1.38000000e+00 
 1.39000000e+00  4.58339871e-01  4.58339871e-01  3.25784757e-09  4.58339871e-01  3.26021514e-09  3.32057917e-09  3.26238681e-09  1.57967817e-07  1.79367419e-08  1.39000000e+00 
 1.40000000e+00  4.58339871e-01  4.58339871e-01  3.25784745e-09  4.58339871e-01  3.26021525e-09  3.32057928e-09  3.26238682e-09  1.57967801e-07  1.79367134e-08  1.40000000e+00 
 1.41000000e+00  4.58339870e-01  4.58339870e-01  3.25784757e-09  4.58339870e-01  3.26021525e-09  3.32057928e-09  3.26238681e-09  1.57967798e-07  1.79366566e-08  1.41000000e+00 
 1.42000000e+00  4.58339860e-01  4.58339860e-01  3.25784745e-09  4.58339860e-01  3.26021525e-09  3.32057928e-09  3.26238693e-09  1.57967790e-07  1.79366282e-08  1.42000000e+00 
 1.43000000e+00  4.58339880e-01  4.58339880e-01  3.25784757e-09  4.58339880e-01  3.26021525e-09  3.32057917e-09  3.26238692e-09  1.57967824e-07  1.79364434e-08  1.43000000e+00 
 1.44000000e+00  4.58339891e-01  4.58339891e-01  3.25784745e-09  4.58339891e-01  3.26021514e-09  3.32057928e-09  3.26238682e-09  1.57967854e-07  1.79364861e-08  1.44000000e+00 
 1.45000000e+00  4.58339876e-01  4.58339876e-01  3.25784745e-09  4.58339876e-01  3.26021514e-09  3.32057928e-09  3.26238682e-09  1.57967816e-07  1.79363013e-08  1.45000000e+00 
 1.46000000e+00  4.58339882e-01  4.58339882e-01  3.25784757e-09  4.58339882e-01  3.26021514e-09  3.32057928e-09  3.26238692e-09  1.57967836e-07  1.79363866e-08  1.46000000e+00 
 1.47000000e+00  4.58339869e-01  4.58339869e-01  3.25784745e-09  4.58339869e-01  3.26021525e-09  3.32057928e-09  3.26238682e-09  1.57967802e-07  1.79361876e-08  1.47000000e+00 
 1.48000000e+00  4.58339896e-01  4.58339896e-01  3.25784757e-09  4.58339896e-01  3.26021514e-09  3.32057928e-09  3.26238694e-09  1.57967847e-07  1.79361876e-08  1.48000000e+00 
 1.49000000e+00  4.58339876e-01  4.58339876e-01  3.25784757e-09  4.58339876e-01  3.26021514e-09  3.32057928e-09  3.26238681e-09  1.57967811e-07  1.79361308e-08  1.49000000e+00 
 1.50000000e+00  4.58339883e-01  4.58339883e-01  3.25784757e-09  4.58339883e-01  3.26021514e-09  3.32057928e-09  3.26238682e-09  1.57967819e-07  1.79359034e-08  1.50000000e+00 
 1.51000000e+00  4.58339861e-01  4.58339861e-01  3.25784757e-09  4.58339861e-01  3.26021514e-09  3.32057928e-09  3.26238692e-09  1.57967797e-07  1.79358608e-08  1.51000000e+00 
 1.52000000e+00  4.58339872e-01  4.58339872e-01  3.25784757e-09  4.58339872e-01  3.26021514e-09  3.32057928e-09  3.26238693e-09  1.57967816e-07  1.79358040e-08  1.52000000e+00 
 1.53000000e+00  4.58339872e-01  4.58339872e-01  3.25784757e-09  4.58339872e-01  3.26021525e-09  3.32057928e-09  3.26238682e-09  1.57967812e-07  1.79356050e-08  1.53000000e+00 
 1.54000000e+00  4.58339870e-01  4.58339870e-01  3.25784745e-09  4.58339870e-01  3.26021525e-09  3.32057917e-09  3.26238682e-09  1.57967806e-07  1.79354771e-08  1.54000000e+00 
 1.55000000e+00  4.58339858e-01  4.58339858e-01  3.25784757e-09  4.58339858e-01  3.26021514e-09  3.32057928e-09  3.26238692e-09  1.57967787e-07  1.79353350e-08  1.55000000e+00 
 1.56000000e+00  4.58339873e-01  4.58339873e-01  3.25784757e-09  4.58339873e-01  3.26021514e-09  3.32057928e-09  3.26238682e-09  1.57967810e-07  1.79350792e-08  1.56000000e+00 
 1.57000000e+00  4.58339881e-01  4.58339881e-01  3.25784745e-09  4.58339881e-01  3.26021514e-09  3.32057928e-09  3.26238693e-09  1.57967811e-07  1.79348945e-08  1.57000000e+00 
 1.58000000e+00  4.58339864e-01  4.58339864e-01  3.25784745e-09  4.58339864e-01  3.26021514e-09  3.32057928e-09  3.26238692e-09  1.57967792e-07  1.79346245e-08  1.58000000e+00 
 1.59000000e+00  4.58339832e-01  4.58339832e-01  3.25784757e-09  4.58339832e-01  3.26021514e-09  3.32057928e-09  3.26238693e-09  1.57967757e-07  1.79343687e-08  1.59000000e+00 
 1.60000000e+00  4.58339878e-01  4.58339878e-01  3.25784757e-09  4.58339878e-01  3.26021525e-09  3.32057928e-09  3.26238693e-09  1.57967819e-07  1.79339992e-08  1.60000000e+00 
 1.61000000e+00  4.58339864e-01  4.58339864e-01  3.25784757e-09  4.58339864e-01  3.26021514e-09  3.32057928e-09  3.26238681e-09  1.57967817e-07  1.79336865e-08  1.61000000e+00 
 1.62000000e+00  4.58339877e-01  4.58339877e-01  3.25784745e-09  4.58339877e-01  3.26021514e-09  3.32057917e-09  3.26238682e-09  1.57967818e-07  1.79328765e-08  1.62000000e+00 
 1.63000000e+00  4.58339860e-01  4.58339860e-01  3.25784757e-09  4.58339860e-01  3.26021525e-09  3.32057928e-09  3.26238681e-09  1.57967793e-07  1.79316544e-08  1.63000000e+00 
 1.64000000e+00  4.58339864e-01  4.58339864e-01  3.25784745e-09  4.58339864e-01  3.26021514e-09  3.32057928e-09  3.26238682e-09  1.57967806e-07  1.79302901e-08  1.64000000e+00 
 1.65000000e+00  4.58339861e-01  4.58339861e-01  3.25784757e-09  4.58339861e-01  3.26021525e-09  3.32057928e-09  3.26238681e-09  1.57967794e-07  1.79278601e-08  1.65000000e+00 
 1.66000000e+00  4.58339874e-01  4.58339874e-01  3.25784757e-09  4.58339874e-01  3.26021514e-09  3.32057928e-09  3.26238682e-09  1.57967815e-07  1.79235968e-08  1.66000000e+00 
 1.67000000e+00  4.58339882e-01  4.58339882e-01  3.25784757e-09  4.58339882e-01  3.26021525e-09  3.32057928e-09  3.26238692e-09  1.57967819e-07  1.79162498e-08  1.67000000e+00 
 1.68000000e+00  4.58339871e-01  4.58339871e-01  3.25784757e-09  4.58339871e-01  3.26021514e-09  3.32057928e-09  3.26238682e-09  1.57967815e-07  1.79027637e-08  1.68000000e+00 
 1.69000000e+00  4.58339851e-01  4.58339851e-01  3.25784745e-09  4.58339851e-01  3.26021525e-09  3.32057928e-09  3.26238682e-09  1.57967784e-07  1.78773121e-08  1.69000000e+00 
 1.70000000e+00  4.58339878e-01  4.58339878e-01  3.25784757e-09  4.58339878e-01  3.26021525e-09  3.32057928e-09  3.26238682e-09  1.57967818e-07  1.78279578e-08  1.70000000e+00 
 1.71000000e+00  4.58339879e-01  4.58339879e-01  3.25784757e-09  4.58339879e-01  3.26021514e-09  3.32057928e-09  3.26238682e-09  1.57967824e-07  1.75542851e-08  1.71000000e+00 
 1.72000000e+00  4.58339867e-01  4.58339867e-01  3.25784745e-09  4.58339867e-01  3.26021525e-09  3.32057928e-09  3.26238693e-09  1.57967806e-07  1.59973297e-08  1.72000000e+00 
 1.73000000e+00  4.58339865e-01  4.58339865e-01  3.25784745e-09  4.58339865e-01  3.26021525e-09  3.32057928e-09  3.26238682e-09  1.57967793e-07  1.33513822e-08  1.73000000e+00 
 1.74000000e+00  4.58339853e-01  4.58339853e-01  3.25784757e-09  4.58339853e-01  3.26021525e-09  3.32057928e-09  3.26238693e-09  1.57967764e-07  9.65314939e-09  1.74000000e+00 
 1.75000000e+00  4.58339869e-01  4.58339869e-01  3.25784745e-09  4.58339869e-01  3.26021514e-09  3.32057928e-09  3.26238682e-09  1.57967809e-07  6.61327704e-09  1.75000000e+00 
 1.76000000e+00  4.58339865e-01  4.58339865e-01  3.25784745e-09  4.58339865e-01  3.26021514e-09  3.32057928e-09  3.26238693e-09  1.57967795e-07  4.09060874e-09  1.76000000e+00 
 1.77000000e+00  4.58339870e-01  4.58339870e-01  3.25784757e-09  4.58339870e-01  3.26021514e-09  3.32057928e-09  3.26238692e-09  1.57967795e-07  1.97393035e-09  1.77000000e+00 
 1.78000000e+00  4.58339865e-01  4.58339865e-01  3.25784757e-09  4.58339865e-01  3.26021514e-09  3.32057928e-09  3.26238693e-09  1.57967789e-07  1.96536121e-10  1.78000000e+00 
 1.79000000e+00  4.58339855e-01  4.58339855e-01  3.25784757e-09  4.58339855e-01  3.26021525e-09  3.32057928e-09  3.26238681e-09  1.57967781e-07 -1.26119915e-09  1.79000000e+00 
 1.80000000e+00  4.58339886e-01  4.58339886e-01  3.25784745e-09  4.58339886e-01  3.26021525e-09  3.32057928e-09  3.26238682e-09  1.57967834e-07 -2.39526798e-09  1.80000000e+00 
