 v-sweep         v(b0)           v(b1)           v(b2)           v(b3)           v(b4)           v(b5)           v(b6)           i(vbias)        i(viout)        v(vout)        
 0.00000000e+00  3.26960982e-09  4.57450274e-01  3.27796640e-09  3.26039628e-09  4.57450274e-01  4.57450273e-01  4.57450274e-01  1.56112623e-07  1.73379666e-07  0.00000000e+00 
 1.00000000e-02  3.26960981e-09  4.57450310e-01  3.27796638e-09  3.26039627e-09  4.57450310e-01  4.57450310e-01  4.57450310e-01  1.56112664e-07  1.73379327e-07  1.00000000e-02 
 2.00000000e-02  3.26960981e-09  4.57450257e-01  3.27796627e-09  3.26039627e-09  4.57450257e-01  4.57450257e-01  4.57450257e-01  1.56112605e-07  1.73378747e-07  2.00000000e-02 
 3.00000000e-02  3.26960992e-09  4.57450313e-01  3.27796628e-09  3.26039627e-09  4.57450313e-01  4.57450313e-01  4.57450313e-01  1.56112675e-07  1.73378532e-07  3.00000000e-02 
 4.00000000e-02  3.26960992e-09  4.57450282e-01  3.27796627e-09  3.26039627e-09  4.57450282e-01  4.57450282e-01  4.57450282e-01  1.56112633e-07  1.73377879e-07  4.00000000e-02 
 5.00000000e-02  3.26960981e-09  4.57450292e-01  3.27796639e-09  3.26039627e-09  4.57450292e-01  4.57450292e-01  4.57450292e-01  1.56112624e-07  1.73377662e-07  5.00000000e-02 
 6.00000000e-02  3.26960981e-09  4.57450288e-01  3.27796638e-09  3.26039627e-09  4.57450288e-01  4.57450288e-01  4.57450288e-01  1.56112650e-07  1.73377191e-07  6.00000000e-02 
 7.00000000e-02  3.26960981e-09  4.57450284e-01  3.27796638e-09  3.26039627e-09  4.57450284e-01  4.57450284e-01  4.57450284e-01  1.56112632e-07  1.73376823e-07  7.00000000e-02 
 8.00000000e-02  3.26960981e-09  4.57450280e-01  3.27796638e-09  3.26039627e-09  4.57450280e-01  4.57450280e-01  4.57450280e-01  1.56112608e-07  1.73376459e-07  8.00000000e-02 
 9.00000000e-02  3.26960981e-09  4.57450297e-01  3.27796638e-09  3.26039627e-09  4.57450297e-01  4.57450297e-01  4.57450297e-01  1.56112644e-07  1.73376184e-07  9.00000000e-02 
 1.00000000e-01  3.26960981e-09  4.57450312e-01  3.27796627e-09  3.26039627e-09  4.57450312e-01  4.57450312e-01  4.57450312e-01  1.56112675e-07  1.73375925e-07  1.00000000e-01 
 1.10000000e-01  3.26960981e-09  4.57450284e-01  3.27796639e-09  3.26039627e-09  4.57450284e-01  4.57450284e-01  4.57450284e-01  1.56112645e-07  1.73375512e-07  1.10000000e-01 
 1.20000000e-01  3.26960992e-09  4.57450298e-01  3.27796638e-09  3.26039627e-09  4.57450298e-01  4.57450298e-01  4.57450298e-01  1.56112652e-07  1.73375126e-07  1.20000000e-01 
 1.30000000e-01  3.26960981e-09  4.57450292e-01  3.27796638e-09  3.26039627e-09  4.57450292e-01  4.57450291e-01  4.57450292e-01  1.56112651e-07  1.73374881e-07  1.30000000e-01 
 1.40000000e-01  3.26960992e-09  4.57450292e-01  3.27796638e-09  3.26039627e-09  4.57450292e-01  4.57450292e-01  4.57450292e-01  1.56112636e-07  1.73374547e-07  1.40000000e-01 
 1.50000000e-01  3.26960981e-09  4.57450282e-01  3.27796627e-09  3.26039627e-09  4.57450282e-01  4.57450282e-01  4.57450282e-01  1.56112626e-07  1.73374300e-07  1.50000000e-01 
 1.60000000e-01  3.26960981e-09  4.57450272e-01  3.27796639e-09  3.26039627e-09  4.57450272e-01  4.57450272e-01  4.57450272e-01  1.56112608e-07  1.73374017e-07  1.60000000e-01 
 1.70000000e-01  3.26960981e-09  4.57450310e-01  3.27796627e-09  3.26039627e-09  4.57450309e-01  4.57450309e-01  4.57450309e-01  1.56112671e-07  1.73373941e-07  1.70000000e-01 
 1.80000000e-01  3.26960981e-09  4.57450295e-01  3.27796639e-09  3.26039627e-09  4.57450295e-01  4.57450295e-01  4.57450295e-01  1.56112651e-07  1.73373548e-07  1.80000000e-01 
 1.90000000e-01  3.26960981e-09  4.57450287e-01  3.27796627e-09  3.26039627e-09  4.57450287e-01  4.57450287e-01  4.57450287e-01  1.56112639e-07  1.73373440e-07  1.90000000e-01 
 2.00000000e-01  3.26960981e-09  4.57450292e-01  3.27796639e-09  3.26039627e-09  4.57450291e-01  4.57450291e-01  4.57450291e-01  1.56112646e-07  1.73373087e-07  2.00000000e-01 
 2.10000000e-01  3.26960981e-09  4.57450282e-01  3.27796638e-09  3.26039627e-09  4.57450282e-01  4.57450282e-01  4.57450282e-01  1.56112635e-07  1.73372875e-07  2.10000000e-01 
 2.20000000e-01  3.26960981e-09  4.57450284e-01  3.27796627e-09  3.26039627e-09  4.57450284e-01  4.57450284e-01  4.57450284e-01  1.56112630e-07  1.73372692e-07  2.20000000e-01 
 2.30000000e-01  3.26960992e-09  4.57450286e-01  3.27796639e-09  3.26039627e-09  4.57450286e-01  4.57450286e-01  4.57450286e-01  1.56112634e-07  1.73372410e-07  2.30000000e-01 
 2.40000000e-01  3.26960992e-09  4.57450271e-01  3.27796638e-09  3.26039627e-09  4.57450271e-01  4.57450271e-01  4.57450271e-01  1.56112610e-07  1.73372191e-07  2.40000000e-01 
 2.50000000e-01  3.26960992e-09  4.57450306e-01  3.27796638e-09  3.26039627e-09  4.57450306e-01  4.57450306e-01  4.57450306e-01  1.56112664e-07  1.73372202e-07  2.50000000e-01 
 2.60000000e-01  3.26960992e-09  4.57450250e-01  3.27796638e-09  3.26039627e-09  4.57450250e-01  4.57450250e-01  4.57450250e-01  1.56112583e-07  1.73371754e-07  2.60000000e-01 
 2.70000000e-01  3.26960981e-09  4.57450303e-01  3.27796627e-09  3.26039627e-09  4.57450303e-01  4.57450303e-01  4.57450303e-01  1.56112652e-07  1.73371806e-07  2.70000000e-01 
 2.80000000e-01  3.26960992e-09  4.57450279e-01  3.27796628e-09  3.26039627e-09  4.57450279e-01  4.57450279e-01  4.57450279e-01  1.56112623e-07  1.73371472e-07  2.80000000e-01 
 2.90000000e-01  3.26960981e-09  4.57450301e-01  3.27796627e-09  3.26039627e-09  4.57450301e-01  4.57450301e-01  4.57450301e-01  1.56112655e-07  1.73371369e-07  2.90000000e-01 
 3.00000000e-01  3.26960981e-09  4.57450291e-01  3.27796627e-09  3.26039627e-09  4.57450291e-01  4.57450290e-01  4.57450291e-01  1.56112655e-07  1.73371234e-07  3.00000000e-01 
 3.10000000e-01  3.26960981e-09  4.57450300e-01  3.27796627e-09  3.26039627e-09  4.57450300e-01  4.57450300e-01  4.57450300e-01  1.56112655e-07  1.73371017e-07  3.10000000e-01 
 3.20000000e-01  3.26960981e-09  4.57450281e-01  3.27796639e-09  3.26039627e-09  4.57450281e-01  4.57450281e-01  4.57450281e-01  1.56112640e-07  1.73370807e-07  3.20000000e-01 
 3.30000000e-01  3.26960992e-09  4.57450301e-01  3.27796638e-09  3.26039627e-09  4.57450301e-01  4.57450301e-01  4.57450301e-01  1.56112658e-07  1.73370758e-07  3.30000000e-01 
 3.40000000e-01  3.26960981e-09  4.57450297e-01  3.27796638e-09  3.26039627e-09  4.57450297e-01  4.57450297e-01  4.57450297e-01  1.56112649e-07  1.73370477e-07  3.40000000e-01 
 3.50000000e-01  3.26960981e-09  4.57450291e-01  3.27796627e-09  3.26039627e-09  4.57450291e-01  4.57450291e-01  4.57450291e-01  1.56112652e-07  1.73370474e-07  3.50000000e-01 
 3.60000000e-01  3.26960981e-09  4.57450285e-01  3.27796639e-09  3.26039627e-09  4.57450285e-01  4.57450284e-01  4.57450285e-01  1.56112630e-07  1.73370175e-07  3.60000000e-01 
 3.70000000e-01  3.26960992e-09  4.57450289e-01  3.27796638e-09  3.26039627e-09  4.57450289e-01  4.57450289e-01  4.57450289e-01  1.56112641e-07  1.73370097e-07  3.70000000e-01 
 3.80000000e-01  3.26960992e-09  4.57450260e-01  3.27796638e-09  3.26039627e-09  4.57450260e-01  4.57450260e-01  4.57450260e-01  1.56112605e-07  1.73369770e-07  3.80000000e-01 
 3.90000000e-01  3.26960981e-09  4.57450290e-01  3.27796638e-09  3.26039627e-09  4.57450290e-01  4.57450290e-01  4.57450290e-01  1.56112636e-07  1.73369784e-07  3.90000000e-01 
 4.00000000e-01  3.26960981e-09  4.57450286e-01  3.27796627e-09  3.26039627e-09  4.57450286e-01  4.57450286e-01  4.57450286e-01  1.56112652e-07  1.73369667e-07  4.00000000e-01 
 4.10000000e-01  3.26960981e-09  4.57450292e-01  3.27796628e-09  3.26039627e-09  4.57450292e-01  4.57450292e-01  4.57450292e-01  1.56112651e-07  1.73369511e-07  4.10000000e-01 
 4.20000000e-01  3.26960981e-09  4.57450303e-01  3.27796627e-09  3.26039627e-09  4.57450303e-01  4.57450303e-01  4.57450303e-01  1.56112649e-07  1.73369362e-07  4.20000000e-01 
 4.30000000e-01  3.26960981e-09  4.57450295e-01  3.27796627e-09  3.26039627e-09  4.57450295e-01  4.57450295e-01  4.57450295e-01  1.56112650e-07  1.73369195e-07  4.30000000e-01 
 4.40000000e-01  3.26960981e-09  4.57450291e-01  3.27796627e-09  3.26039627e-09  4.57450291e-01  4.57450291e-01  4.57450291e-01  1.56112647e-07  1.73368985e-07  4.40000000e-01 
 4.50000000e-01  3.26960992e-09  4.57450276e-01  3.27796639e-09  3.26039627e-09  4.57450276e-01  4.57450276e-01  4.57450276e-01  1.56112625e-07  1.73368864e-07  4.50000000e-01 
 4.60000000e-01  3.26960981e-09  4.57450285e-01  3.27796627e-09  3.26039627e-09  4.57450285e-01  4.57450285e-01  4.57450285e-01  1.56112629e-07  1.73368651e-07  4.60000000e-01 
 4.70000000e-01  3.26960981e-09  4.57450291e-01  3.27796628e-09  3.26039627e-09  4.57450291e-01  4.57450291e-01  4.57450291e-01  1.56112646e-07  1.73368658e-07  4.70000000e-01 
 4.80000000e-01  3.26960981e-09  4.57450284e-01  3.27796627e-09  3.26039627e-09  4.57450284e-01  4.57450284e-01  4.57450284e-01  1.56112637e-07  1.73368559e-07  4.80000000e-01 
 4.90000000e-01  3.26960981e-09  4.57450297e-01  3.27796627e-09  3.26039627e-09  4.57450296e-01  4.57450296e-01  4.57450296e-01  1.56112648e-07  1.73368402e-07  4.90000000e-01 
 5.00000000e-01  3.26960981e-09  4.57450297e-01  3.27796639e-09  3.26039627e-09  4.57450297e-01  4.57450297e-01  4.57450297e-01  1.56112661e-07  1.73368200e-07  5.00000000e-01 
 5.10000000e-01  3.26960981e-09  4.57450283e-01  3.27796638e-09  3.26039627e-09  4.57450283e-01  4.57450283e-01  4.57450283e-01  1.56112630e-07  1.73367930e-07  5.10000000e-01 
 5.20000000e-01  3.26960981e-09  4.57450306e-01  3.27796638e-09  3.26039627e-09  4.57450306e-01  4.57450305e-01  4.57450306e-01  1.56112674e-07  1.73367933e-07  5.20000000e-01 
 5.30000000e-01  3.26960992e-09  4.57450288e-01  3.27796638e-09  3.26039627e-09  4.57450288e-01  4.57450288e-01  4.57450288e-01  1.56112654e-07  1.73367880e-07  5.30000000e-01 
 5.40000000e-01  3.26960981e-09  4.57450293e-01  3.27796627e-09  3.26039627e-09  4.57450293e-01  4.57450293e-01  4.57450293e-01  1.56112647e-07  1.73367599e-07  5.40000000e-01 
 5.50000000e-01  3.26960992e-09  4.57450276e-01  3.27796628e-09  3.26039627e-09  4.57450276e-01  4.57450276e-01  4.57450276e-01  1.56112625e-07  1.73367422e-07  5.50000000e-01 
 5.60000000e-01  3.26960992e-09  4.57450282e-01  3.27796627e-09  3.26039627e-09  4.57450282e-01  4.57450282e-01  4.57450282e-01  1.56112640e-07  1.73367390e-07  5.60000000e-01 
 5.70000000e-01  3.26960981e-09  4.57450297e-01  3.27796627e-09  3.26039627e-09  4.57450297e-01  4.57450297e-01  4.57450297e-01  1.56112645e-07  1.73367351e-07  5.70000000e-01 
 5.80000000e-01  3.26960981e-09  4.57450300e-01  3.27796639e-09  3.26039627e-09  4.57450300e-01  4.57450300e-01  4.57450300e-01  1.56112666e-07  1.73367276e-07  5.80000000e-01 
 5.90000000e-01  3.26960981e-09  4.57450291e-01  3.27796627e-09  3.26039627e-09  4.57450291e-01  4.57450291e-01  4.57450291e-01  1.56112657e-07  1.73367091e-07  5.90000000e-01 
 6.00000000e-01  3.26960981e-09  4.57450290e-01  3.27796628e-09  3.26039627e-09  4.57450290e-01  4.57450290e-01  4.57450290e-01  1.56112646e-07  1.73366821e-07  6.00000000e-01 
 6.10000000e-01  3.26960981e-09  4.57450291e-01  3.27796627e-09  3.26039627e-09  4.57450291e-01  4.57450291e-01  4.57450291e-01  1.56112648e-07  1.73366686e-07  6.10000000e-01 
 6.20000000e-01  3.26960992e-09  4.57450274e-01  3.27796627e-09  3.26039627e-09  4.57450274e-01  4.57450274e-01  4.57450274e-01  1.56112613e-07  1.73366494e-07  6.20000000e-01 
 6.30000000e-01  3.26960981e-09  4.57450286e-01  3.27796639e-09  3.26039627e-09  4.57450286e-01  4.57450286e-01  4.57450286e-01  1.56112640e-07  1.73366466e-07  6.30000000e-01 
 6.40000000e-01  3.26960981e-09  4.57450282e-01  3.27796638e-09  3.26039627e-09  4.57450282e-01  4.57450282e-01  4.57450282e-01  1.56112634e-07  1.73366324e-07  6.40000000e-01 
 6.50000000e-01  3.26960992e-09  4.57450289e-01  3.27796627e-09  3.26039627e-09  4.57450289e-01  4.57450289e-01  4.57450289e-01  1.56112643e-07  1.73366168e-07  6.50000000e-01 
 6.60000000e-01  3.26960981e-09  4.57450293e-01  3.27796639e-09  3.26039627e-09  4.57450293e-01  4.57450293e-01  4.57450293e-01  1.56112638e-07  1.73366125e-07  6.60000000e-01 
 6.70000000e-01  3.26960981e-09  4.57450286e-01  3.27796627e-09  3.26039627e-09  4.57450286e-01  4.57450286e-01  4.57450286e-01  1.56112638e-07  1.73365876e-07  6.70000000e-01 
 6.80000000e-01  3.26960992e-09  4.57450294e-01  3.27796639e-09  3.26039627e-09  4.57450294e-01  4.57450294e-01  4.57450294e-01  1.56112639e-07  1.73365791e-07  6.80000000e-01 
 6.90000000e-01  3.26960981e-09  4.57450279e-01  3.27796638e-09  3.26039627e-09  4.57450279e-01  4.57450279e-01  4.57450279e-01  1.56112626e-07  1.73365599e-07  6.90000000e-01 
 7.00000000e-01  3.26960981e-09  4.57450309e-01  3.27796638e-09  3.26039627e-09  4.57450309e-01  4.57450309e-01  4.57450309e-01  1.56112676e-07  1.73365585e-07  7.00000000e-01 
 7.10000000e-01  3.26960992e-09  4.57450270e-01  3.27796627e-09  3.26039627e-09  4.57450270e-01  4.57450270e-01  4.57450270e-01  1.56112621e-07  1.73365315e-07  7.10000000e-01 
 7.20000000e-01  3.26960981e-09  4.57450293e-01  3.27796628e-09  3.26039627e-09  4.57450293e-01  4.57450293e-01  4.57450293e-01  1.56112650e-07  1.73365308e-07  7.20000000e-01 
 7.30000000e-01  3.26960981e-09  4.57450295e-01  3.27796639e-09  3.26039627e-09  4.57450295e-01  4.57450295e-01  4.57450295e-01  1.56112662e-07  1.73365130e-07  7.30000000e-01 
 7.40000000e-01  3.26960992e-09  4.57450279e-01  3.27796627e-09  3.26039627e-09  4.57450279e-01  4.57450279e-01  4.57450279e-01  1.56112632e-07  1.73364832e-07  7.40000000e-01 
 7.50000000e-01  3.26960981e-09  4.57450289e-01  3.27796639e-09  3.26039627e-09  4.57450289e-01  4.57450289e-01  4.57450289e-01  1.56112629e-07  1.73364882e-07  7.50000000e-01 
 7.60000000e-01  3.26960981e-09  4.57450298e-01  3.27796638e-09  3.26039627e-09  4.57450298e-01  4.57450298e-01  4.57450298e-01  1.56112653e-07  1.73364754e-07  7.60000000e-01 
 7.70000000e-01  3.26960992e-09  4.57450298e-01  3.27796627e-09  3.26039627e-09  4.57450298e-01  4.57450298e-01  4.57450298e-01  1.56112649e-07  1.73364604e-07  7.70000000e-01 
 7.80000000e-01  3.26960981e-09  4.57450279e-01  3.27796628e-09  3.26039627e-09  4.57450279e-01  4.57450279e-01  4.57450279e-01  1.56112628e-07  1.73364292e-07  7.80000000e-01 
 7.90000000e-01  3.26960981e-09  4.57450289e-01  3.27796639e-09  3.26039627e-09  4.57450289e-01  4.57450289e-01  4.57450289e-01  1.56112628e-07  1.73364228e-07  7.90000000e-01 
 8.00000000e-01  3.26960981e-09  4.57450293e-01  3.27796638e-09  3.26039627e-09  4.57450293e-01  4.57450293e-01  4.57450293e-01  1.56112654e-07  1.73364114e-07  8.00000000e-01 
 8.10000000e-01  3.26960992e-09  4.57450274e-01  3.27796627e-09  3.26039627e-09  4.57450274e-01  4.57450273e-01  4.57450274e-01  1.56112611e-07  1.73363901e-07  8.10000000e-01 
 8.20000000e-01  3.26960981e-09  4.57450311e-01  3.27796639e-09  3.26039627e-09  4.57450311e-01  4.57450311e-01  4.57450311e-01  1.56112671e-07  1.73363944e-07  8.20000000e-01 
 8.30000000e-01  3.26960992e-09  4.57450277e-01  3.27796627e-09  3.26039627e-09  4.57450277e-01  4.57450276e-01  4.57450277e-01  1.56112622e-07  1.73363624e-07  8.30000000e-01 
 8.40000000e-01  3.26960981e-09  4.57450278e-01  3.27796639e-09  3.26039627e-09  4.57450278e-01  4.57450278e-01  4.57450278e-01  1.56112624e-07  1.73363510e-07  8.40000000e-01 
 8.50000000e-01  3.26960981e-09  4.57450313e-01  3.27796638e-09  3.26039627e-09  4.57450312e-01  4.57450312e-01  4.57450312e-01  1.56112668e-07  1.73363496e-07  8.50000000e-01 
 8.60000000e-01  3.26960981e-09  4.57450280e-01  3.27796638e-09  3.26039627e-09  4.57450280e-01  4.57450280e-01  4.57450280e-01  1.56112644e-07  1.73363169e-07  8.60000000e-01 
 8.70000000e-01  3.26960992e-09  4.57450289e-01  3.27796638e-09  3.26039627e-09  4.57450289e-01  4.57450289e-01  4.57450289e-01  1.56112635e-07  1.73363112e-07  8.70000000e-01 
 8.80000000e-01  3.26960992e-09  4.57450273e-01  3.27796627e-09  3.26039627e-09  4.57450273e-01  4.57450273e-01  4.57450273e-01  1.56112617e-07  1.73362857e-07  8.80000000e-01 
 8.90000000e-01  3.26960992e-09  4.57450312e-01  3.27796639e-09  3.26039627e-09  4.57450312e-01  4.57450311e-01  4.57450312e-01  1.56112661e-07  1.73362935e-07  8.90000000e-01 
 9.00000000e-01  3.26960981e-09  4.57450267e-01  3.27796638e-09  3.26039627e-09  4.57450267e-01  4.57450267e-01  4.57450267e-01  1.56112623e-07  1.73362601e-07  9.00000000e-01 
 9.10000000e-01  3.26960992e-09  4.57450260e-01  3.27796638e-09  3.26039627e-09  4.57450260e-01  4.57450260e-01  4.57450260e-01  1.56112578e-07  1.73362281e-07  9.10000000e-01 
 9.20000000e-01  3.26960992e-09  4.57450305e-01  3.27796627e-09  3.26039627e-09  4.57450305e-01  4.57450305e-01  4.57450305e-01  1.56112673e-07  1.73362409e-07  9.20000000e-01 
 9.30000000e-01  3.26960992e-09  4.57450283e-01  3.27796628e-09  3.26039627e-09  4.57450283e-01  4.57450283e-01  4.57450283e-01  1.56112630e-07  1.73362189e-07  9.30000000e-01 
 9.40000000e-01  3.26960992e-09  4.57450285e-01  3.27796639e-09  3.26039627e-09  4.57450285e-01  4.57450285e-01  4.57450285e-01  1.56112627e-07  1.73362025e-07  9.40000000e-01 
 9.50000000e-01  3.26960992e-09  4.57450272e-01  3.27796638e-09  3.26039627e-09  4.57450272e-01  4.57450271e-01  4.57450271e-01  1.56112616e-07  1.73361755e-07  9.50000000e-01 
 9.60000000e-01  3.26960981e-09  4.57450289e-01  3.27796638e-09  3.26039627e-09  4.57450289e-01  4.57450289e-01  4.57450289e-01  1.56112633e-07  1.73361741e-07  9.60000000e-01 
 9.70000000e-01  3.26960981e-09  4.57450287e-01  3.27796638e-09  3.26039627e-09  4.57450287e-01  4.57450287e-01  4.57450287e-01  1.56112642e-07  1.73361585e-07  9.70000000e-01 
 9.80000000e-01  3.26960981e-09  4.57450285e-01  3.27796638e-09  3.26039627e-09  4.57450284e-01  4.57450284e-01  4.57450284e-01  1.56112649e-07  1.73361322e-07  9.80000000e-01 
 9.90000000e-01  3.26960992e-09  4.57450314e-01  3.27796638e-09  3.26039627e-09  4.57450314e-01  4.57450314e-01  4.57450314e-01  1.56112683e-07  1.73361279e-07  9.90000000e-01 
 1.00000000e+00  3.26960981e-09  4.57450271e-01  3.27796638e-09  3.26039627e-09  4.57450271e-01  4.57450271e-01  4.57450271e-01  1.56112620e-07  1.73360988e-07  1.00000000e+00 
 1.01000000e+00  3.26960981e-09  4.57450287e-01  3.27796638e-09  3.26039627e-09  4.57450287e-01  4.57450287e-01  4.57450287e-01  1.56112635e-07  1.73360803e-07  1.01000000e+00 
 1.02000000e+00  3.26960981e-09  4.57450284e-01  3.27796627e-09  3.26039627e-09  4.57450284e-01  4.57450284e-01  4.57450284e-01  1.56112632e-07  1.73360668e-07  1.02000000e+00 
 1.03000000e+00  3.26960981e-09  4.57450295e-01  3.27796639e-09  3.26039627e-09  4.57450295e-01  4.57450295e-01  4.57450295e-01  1.56112654e-07  1.73360462e-07  1.03000000e+00 
 1.04000000e+00  3.26960981e-09  4.57450287e-01  3.27796638e-09  3.26039627e-09  4.57450287e-01  4.57450286e-01  4.57450287e-01  1.56112641e-07  1.73360320e-07  1.04000000e+00 
 1.05000000e+00  3.26960981e-09  4.57450301e-01  3.27796627e-09  3.26039627e-09  4.57450301e-01  4.57450301e-01  4.57450301e-01  1.56112655e-07  1.73360284e-07  1.05000000e+00 
 1.06000000e+00  3.26960981e-09  4.57450302e-01  3.27796628e-09  3.26039627e-09  4.57450302e-01  4.57450302e-01  4.57450302e-01  1.56112665e-07  1.73360050e-07  1.06000000e+00 
 1.07000000e+00  3.26960992e-09  4.57450276e-01  3.27796639e-09  3.26039627e-09  4.57450276e-01  4.57450276e-01  4.57450276e-01  1.56112644e-07  1.73359865e-07  1.07000000e+00 
 1.08000000e+00  3.26960992e-09  4.57450276e-01  3.27796627e-09  3.26039627e-09  4.57450276e-01  4.57450276e-01  4.57450276e-01  1.56112619e-07  1.73359481e-07  1.08000000e+00 
 1.09000000e+00  3.26960981e-09  4.57450297e-01  3.27796639e-09  3.26039627e-09  4.57450297e-01  4.57450297e-01  4.57450297e-01  1.56112656e-07  1.73359474e-07  1.09000000e+00 
 1.10000000e+00  3.26960992e-09  4.57450310e-01  3.27796638e-09  3.26039627e-09  4.57450310e-01  4.57450309e-01  4.57450310e-01  1.56112676e-07  1.73359346e-07  1.10000000e+00 
 1.11000000e+00  3.26960981e-09  4.57450292e-01  3.27796627e-09  3.26039627e-09  4.57450292e-01  4.57450292e-01  4.57450292e-01  1.56112652e-07  1.73359076e-07  1.11000000e+00 
 1.12000000e+00  3.26960981e-09  4.57450305e-01  3.27796628e-09  3.26039627e-09  4.57450305e-01  4.57450305e-01  4.57450305e-01  1.56112664e-07  1.73358956e-07  1.12000000e+00 
 1.13000000e+00  3.26960981e-09  4.57450302e-01  3.27796639e-09  3.26039627e-09  4.57450302e-01  4.57450302e-01  4.57450302e-01  1.56112660e-07  1.73358714e-07  1.13000000e+00 
 1.14000000e+00  3.26960981e-09  4.57450274e-01  3.27796638e-09  3.26039627e-09  4.57450274e-01  4.57450274e-01  4.57450274e-01  1.56112622e-07  1.73358480e-07  1.14000000e+00 
 1.15000000e+00  3.26960981e-09  4.57450298e-01  3.27796627e-09  3.26039627e-09  4.57450298e-01  4.57450298e-01  4.57450298e-01  1.56112654e-07  1.73358323e-07  1.15000000e+00 
 1.16000000e+00  3.26960992e-09  4.57450281e-01  3.27796639e-09  3.26039627e-09  4.57450281e-01  4.57450281e-01  4.57450281e-01  1.56112630e-07  1.73358075e-07  1.16000000e+00 
 1.17000000e+00  3.26960992e-09  4.57450299e-01  3.27796638e-09  3.26039627e-09  4.57450299e-01  4.57450299e-01  4.57450299e-01  1.56112657e-07  1.73357975e-07  1.17000000e+00 
 1.18000000e+00  3.26960992e-09  4.57450302e-01  3.27796627e-09  3.26039627e-09  4.57450302e-01  4.57450302e-01  4.57450302e-01  1.56112680e-07  1.73357847e-07  1.18000000e+00 
 1.19000000e+00  3.26960981e-09  4.57450299e-01  3.27796628e-09  3.26039627e-09  4.57450298e-01  4.57450298e-01  4.57450298e-01  1.56112671e-07  1.73357421e-07  1.19000000e+00 
 1.20000000e+00  3.26960981e-09  4.57450296e-01  3.27796627e-09  3.26039627e-09  4.57450296e-01  4.57450296e-01  4.57450296e-01  1.56112644e-07  1.73357307e-07  1.20000000e+00 
 1.21000000e+00  3.26960992e-09  4.57450260e-01  3.27796627e-09  3.26039627e-09  4.57450260e-01  4.57450260e-01  4.57450260e-01  1.56112597e-07  1.73356881e-07  1.21000000e+00 
 1.22000000e+00  3.26960981e-09  4.57450289e-01  3.27796639e-09  3.26039627e-09  4.57450289e-01  4.57450289e-01  4.57450289e-01  1.56112624e-07  1.73356696e-07  1.22000000e+00 
 1.23000000e+00  3.26960981e-09  4.57450295e-01  3.27796627e-09  3.26039627e-09  4.57450295e-01  4.57450295e-01  4.57450295e-01  1.56112655e-07  1.73356554e-07  1.23000000e+00 
 1.24000000e+00  3.26960981e-09  4.57450293e-01  3.27796639e-09  3.26039627e-09  4.57450293e-01  4.57450293e-01  4.57450293e-01  1.56112648e-07  1.73356227e-07  1.24000000e+00 
 1.25000000e+00  3.26960981e-09  4.57450289e-01  3.27796627e-09  3.26039627e-09  4.57450289e-01  4.57450289e-01  4.57450289e-01  1.56112654e-07  1.73356014e-07  1.25000000e+00 
 1.26000000e+00  3.26960981e-09  4.57450289e-01  3.27796628e-09  3.26039627e-09  4.57450289e-01  4.57450289e-01  4.57450289e-01  1.56112639e-07  1.73355744e-07  1.26000000e+00 
 1.27000000e+00  3.26960981e-09  4.57450287e-01  3.27796627e-09  3.26039627e-09  4.57450287e-01  4.57450287e-01  4.57450287e-01  1.56112631e-07  1.73355502e-07  1.27000000e+00 
 1.28000000e+00  3.26960992e-09  4.57450272e-01  3.27796639e-09  3.26039627e-09  4.57450272e-01  4.57450272e-01  4.57450272e-01  1.56112617e-07  1.73355176e-07  1.28000000e+00 
 1.29000000e+00  3.26960981e-09  4.57450291e-01  3.27796638e-09  3.26039627e-09  4.57450291e-01  4.57450291e-01  4.57450291e-01  1.56112629e-07  1.73354991e-07  1.29000000e+00 
 1.30000000e+00  3.26960992e-09  4.57450315e-01  3.27796627e-09  3.26039627e-09  4.57450315e-01  4.57450315e-01  4.57450315e-01  1.56112699e-07  1.73354735e-07  1.30000000e+00 
 1.31000000e+00  3.26960992e-09  4.57450276e-01  3.27796628e-09  3.26039627e-09  4.57450276e-01  4.57450276e-01  4.57450276e-01  1.56112630e-07  1.73354294e-07  1.31000000e+00 
 1.32000000e+00  3.26960992e-09  4.57450275e-01  3.27796627e-09  3.26039627e-09  4.57450275e-01  4.57450275e-01  4.57450275e-01  1.56112616e-07  1.73353911e-07  1.32000000e+00 
 1.33000000e+00  3.26960992e-09  4.57450300e-01  3.27796627e-09  3.26039627e-09  4.57450300e-01  4.57450300e-01  4.57450300e-01  1.56112660e-07  1.73353655e-07  1.33000000e+00 
 1.34000000e+00  3.26960981e-09  4.57450301e-01  3.27796639e-09  3.26039627e-09  4.57450301e-01  4.57450300e-01  4.57450301e-01  1.56112655e-07  1.73353357e-07  1.34000000e+00 
 1.35000000e+00  3.26960981e-09  4.57450282e-01  3.27796638e-09  3.26039627e-09  4.57450282e-01  4.57450281e-01  4.57450282e-01  1.56112642e-07  1.73352802e-07  1.35000000e+00 
 1.36000000e+00  3.26960981e-09  4.57450310e-01  3.27796638e-09  3.26039627e-09  4.57450310e-01  4.57450310e-01  4.57450310e-01  1.56112662e-07  1.73352575e-07  1.36000000e+00 
 1.37000000e+00  3.26960981e-09  4.57450299e-01  3.27796627e-09  3.26039627e-09  4.57450299e-01  4.57450299e-01  4.57450299e-01  1.56112674e-07  1.73352120e-07  1.37000000e+00 
 1.38000000e+00  3.26960992e-09  4.57450276e-01  3.27796628e-09  3.26039627e-09  4.57450276e-01  4.57450276e-01  4.57450276e-01  1.56112618e-07  1.73351467e-07  1.38000000e+00 
 1.39000000e+00  3.26960981e-09  4.57450298e-01  3.27796639e-09  3.26039627e-09  4.57450298e-01  4.57450298e-01  4.57450298e-01  1.56112647e-07  1.73351040e-07  1.39000000e+00 
 1.40000000e+00  3.26960981e-09  4.57450292e-01  3.27796627e-09  3.26039627e-09  4.57450292e-01  4.57450292e-01  4.57450292e-01  1.56112654e-07  1.73350372e-07  1.40000000e+00 
 1.41000000e+00  3.26960981e-09  4.57450276e-01  3.27796628e-09  3.26039627e-09  4.57450276e-01  4.57450275e-01  4.57450275e-01  1.56112625e-07  1.73349719e-07  1.41000000e+00 
 1.42000000e+00  3.26960981e-09  4.57450283e-01  3.27796627e-09  3.26039627e-09  4.57450283e-01  4.57450283e-01  4.57450283e-01  1.56112614e-07  1.73348880e-07  1.42000000e+00 
 1.43000000e+00  3.26960981e-09  4.57450275e-01  3.27796639e-09  3.26039627e-09  4.57450275e-01  4.57450275e-01  4.57450275e-01  1.56112615e-07  1.73348099e-07  1.43000000e+00 
 1.44000000e+00  3.26960981e-09  4.57450293e-01  3.27796638e-09  3.26039627e-09  4.57450293e-01  4.57450293e-01  4.57450293e-01  1.56112651e-07  1.73347104e-07  1.44000000e+00 
 1.45000000e+00  3.26960992e-09  4.57450293e-01  3.27796638e-09  3.26039627e-09  4.57450293e-01  4.57450292e-01  4.57450293e-01  1.56112655e-07  1.73345924e-07  1.45000000e+00 
 1.46000000e+00  3.26960992e-09  4.57450293e-01  3.27796627e-09  3.26039627e-09  4.57450293e-01  4.57450293e-01  4.57450293e-01  1.56112634e-07  1.73344475e-07  1.46000000e+00 
 1.47000000e+00  3.26960981e-09  4.57450296e-01  3.27796639e-09  3.26039627e-09  4.57450296e-01  4.57450296e-01  4.57450296e-01  1.56112649e-07  1.73342755e-07  1.47000000e+00 
 1.48000000e+00  3.26960981e-09  4.57450292e-01  3.27796627e-09  3.26039627e-09  4.57450292e-01  4.57450292e-01  4.57450292e-01  1.56112654e-07  1.73340496e-07  1.48000000e+00 
 1.49000000e+00  3.26960981e-09  4.57450283e-01  3.27796639e-09  3.26039627e-09  4.57450283e-01  4.57450282e-01  4.57450282e-01  1.56112631e-07  1.73337597e-07  1.49000000e+00 
 1.50000000e+00  3.26960981e-09  4.57450287e-01  3.27796627e-09  3.26039627e-09  4.57450287e-01  4.57450287e-01  4.57450287e-01  1.56112643e-07  1.73333589e-07  1.50000000e+00 
 1.51000000e+00  3.26960992e-09  4.57450263e-01  3.27796628e-09  3.26039627e-09  4.57450263e-01  4.57450263e-01  4.57450263e-01  1.56112611e-07  1.73328061e-07  1.51000000e+00 
 1.52000000e+00  3.26960992e-09  4.57450280e-01  3.27796627e-09  3.26039627e-09  4.57450280e-01  4.57450279e-01  4.57450280e-01  1.56112627e-07  1.73320402e-07  1.52000000e+00 
 1.53000000e+00  3.26960981e-09  4.57450274e-01  3.27796627e-09  3.26039627e-09  4.57450274e-01  4.57450274e-01  4.57450274e-01  1.56112625e-07  1.73308393e-07  1.53000000e+00 
 1.54000000e+00  3.26960981e-09  4.57450277e-01  3.27796639e-09  3.26039627e-09  4.57450277e-01  4.57450277e-01  4.57450277e-01  1.56112622e-07  1.73289365e-07  1.54000000e+00 
 1.55000000e+00  3.26960981e-09  4.57450287e-01  3.27796627e-09  3.26039627e-09  4.57450287e-01  4.57450287e-01  4.57450287e-01  1.56112628e-07  1.73257064e-07  1.55000000e+00 
 1.56000000e+00  3.26960981e-09  4.57450308e-01  3.27796639e-09  3.26039627e-09  4.57450308e-01  4.57450308e-01  4.57450308e-01  1.56112670e-07  1.73199865e-07  1.56000000e+00 
 1.57000000e+00  3.26960981e-09  4.57450314e-01  3.27796627e-09  3.26039627e-09  4.57450314e-01  4.57450314e-01  4.57450314e-01  1.56112666e-07  1.73093540e-07  1.57000000e+00 
 1.58000000e+00  3.26960992e-09  4.57450301e-01  3.27796628e-09  3.26039627e-09  4.57450301e-01  4.57450301e-01  4.57450301e-01  1.56112677e-07  1.72888775e-07  1.58000000e+00 
 1.59000000e+00  3.26960992e-09  4.57450286e-01  3.27796627e-09  3.26039627e-09  4.57450286e-01  4.57450286e-01  4.57450286e-01  1.56112636e-07  1.72485642e-07  1.59000000e+00 
 1.60000000e+00  3.26960981e-09  4.57450318e-01  3.27796639e-09  3.26039627e-09  4.57450318e-01  4.57450318e-01  4.57450318e-01  1.56112686e-07  1.71708109e-07  1.60000000e+00 
 1.61000000e+00  3.26960992e-09  4.57450261e-01  3.27796627e-09  3.26039627e-09  4.57450261e-01  4.57450261e-01  4.57450261e-01  1.56112605e-07  1.69970349e-07  1.61000000e+00 
 1.62000000e+00  3.26960981e-09  4.57450300e-01  3.27796627e-09  3.26039627e-09  4.57450300e-01  4.57450300e-01  4.57450300e-01  1.56112643e-07  1.46428022e-07  1.62000000e+00 
 1.63000000e+00  3.26960981e-09  4.57450313e-01  3.27796627e-09  3.26039627e-09  4.57450313e-01  4.57450313e-01  4.57450313e-01  1.56112669e-07  1.23125176e-07  1.63000000e+00 
 1.64000000e+00  3.26960981e-09  4.57450296e-01  3.27796627e-09  3.26039627e-09  4.57450296e-01  4.57450296e-01  4.57450296e-01  1.56112653e-07  1.02184742e-07  1.64000000e+00 
 1.65000000e+00  3.26960992e-09  4.57450292e-01  3.27796627e-09  3.26039627e-09  4.57450292e-01  4.57450292e-01  4.57450292e-01  1.56112637e-07  8.38589216e-08  1.65000000e+00 
 1.66000000e+00  3.26960981e-09  4.57450288e-01  3.27796627e-09  3.26039627e-09  4.57450288e-01  4.57450288e-01  4.57450288e-01  1.56112635e-07  6.81645815e-08  1.66000000e+00 
 1.67000000e+00  3.26960992e-09  4.57450282e-01  3.27796639e-09  3.26039627e-09  4.57450282e-01  4.57450282e-01  4.57450282e-01  1.56112618e-07  5.49238024e-08  1.67000000e+00 
 1.68000000e+00  3.26960992e-09  4.57450292e-01  3.27796638e-09  3.26039627e-09  4.57450292e-01  4.57450292e-01  4.57450292e-01  1.56112645e-07  4.38786572e-08  1.68000000e+00 
 1.69000000e+00  3.26960981e-09  4.57450279e-01  3.27796638e-09  3.26039627e-09  4.57450279e-01  4.57450279e-01  4.57450279e-01  1.56112623e-07  3.47395002e-08  1.69000000e+00 
 1.70000000e+00  3.26960981e-09  4.57450313e-01  3.27796638e-09  3.26039627e-09  4.57450313e-01  4.57450313e-01  4.57450313e-01  1.56112682e-07  2.72213896e-08  1.70000000e+00 
 1.71000000e+00  3.26960981e-09  4.57450262e-01  3.27796627e-09  3.26039627e-09  4.57450262e-01  4.57450262e-01  4.57450262e-01  1.56112613e-07  2.10627036e-08  1.71000000e+00 
 1.72000000e+00  3.26960980e-09  4.57450253e-01  3.27796628e-09  3.26039627e-09  4.57450253e-01  4.57450253e-01  4.57450253e-01  1.56112585e-07  1.60328995e-08  1.72000000e+00 
 1.73000000e+00  3.26960981e-09  4.57450294e-01  3.27796627e-09  3.26039627e-09  4.57450294e-01  4.57450294e-01  4.57450294e-01  1.56112639e-07  1.19310926e-08  1.73000000e+00 
 1.74000000e+00  3.26960992e-09  4.57450279e-01  3.27796639e-09  3.26039627e-09  4.57450279e-01  4.57450279e-01  4.57450279e-01  1.56112640e-07  8.58402416e-09  1.74000000e+00 
 1.75000000e+00  3.26960981e-09  4.57450300e-01  3.27796627e-09  3.26039627e-09  4.57450300e-01  4.57450300e-01  4.57450300e-01  1.56112659e-07  5.84120130e-09  1.75000000e+00 
 1.76000000e+00  3.26960981e-09  4.57450315e-01  3.27796628e-09  3.26039627e-09  4.57450315e-01  4.57450315e-01  4.57450315e-01  1.56112688e-07  3.57387364e-09  1.76000000e+00 
 1.77000000e+00  3.26960981e-09  4.57450305e-01  3.27796639e-09  3.26039627e-09  4.57450305e-01  4.57450305e-01  4.57450305e-01  1.56112674e-07  1.68105885e-09  1.77000000e+00 
 1.78000000e+00  3.26960981e-09  4.57450267e-01  3.27796627e-09  3.26039627e-09  4.57450267e-01  4.57450267e-01  4.57450267e-01  1.56112607e-07  1.00868647e-10  1.78000000e+00 
 1.79000000e+00  3.26960992e-09  4.57450296e-01  3.27796639e-09  3.26039627e-09  4.57450296e-01  4.57450296e-01  4.57450296e-01  1.56112651e-07 -1.18669163e-09  1.79000000e+00 
 1.80000000e+00  3.26960992e-09  4.57450325e-01  3.27796627e-09  3.26039627e-09  4.57450325e-01  4.57450325e-01  4.57450325e-01  1.56112706e-07 -2.18076934e-09  1.80000000e+00 
