 v-sweep         v(b0)           v(b1)           v(b2)           v(b3)           v(b4)           v(b5)           v(b6)           i(vbias)        i(viout)        v(vout)        
 0.00000000e+00  3.29561410e-09  3.26855193e-09  4.59177647e-01  4.59177647e-01  3.26958190e-09  3.28160765e-09  3.28754374e-09  1.61077742e-07  2.08024487e-08  0.00000000e+00 
 1.00000000e-02  3.29561409e-09  3.26855192e-09  4.59177650e-01  4.59177650e-01  3.26958178e-09  3.28160765e-09  3.28754373e-09  1.61077740e-07  2.08019599e-08  1.00000000e-02 
 2.00000000e-02  3.29561409e-09  3.26855204e-09  4.59177678e-01  4.59177678e-01  3.26958190e-09  3.28160765e-09  3.28754362e-09  1.61077798e-07  2.08017497e-08  2.00000000e-02 
 3.00000000e-02  3.29561409e-09  3.26855192e-09  4.59177652e-01  4.59177652e-01  3.26958189e-09  3.28160765e-09  3.28754374e-09  1.61077765e-07  2.08013278e-08  3.00000000e-02 
 4.00000000e-02  3.29561409e-09  3.26855204e-09  4.59177670e-01  4.59177670e-01  3.26958178e-09  3.28160765e-09  3.28754373e-09  1.61077789e-07  2.08008784e-08  4.00000000e-02 
 5.00000000e-02  3.29561409e-09  3.26855203e-09  4.59177645e-01  4.59177645e-01  3.26958190e-09  3.28160776e-09  3.28754362e-09  1.61077743e-07  2.08005266e-08  5.00000000e-02 
 6.00000000e-02  3.29561409e-09  3.26855192e-09  4.59177670e-01  4.59177670e-01  3.26958189e-09  3.28160765e-09  3.28754362e-09  1.61077787e-07  2.08002411e-08  6.00000000e-02 
 7.00000000e-02  3.29561409e-09  3.26855203e-09  4.59177656e-01  4.59177656e-01  3.26958178e-09  3.28160776e-09  3.28754373e-09  1.61077758e-07  2.08000706e-08  7.00000000e-02 
 8.00000000e-02  3.29561421e-09  3.26855192e-09  4.59177681e-01  4.59177681e-01  3.26958190e-09  3.28160776e-09  3.28754373e-09  1.61077792e-07  2.07997273e-08  8.00000000e-02 
 9.00000000e-02  3.29561409e-09  3.26855192e-09  4.59177664e-01  4.59177665e-01  3.26958189e-09  3.28160765e-09  3.28754373e-09  1.61077773e-07  2.07994519e-08  9.00000000e-02 
 1.00000000e-01  3.29561409e-09  3.26855203e-09  4.59177651e-01  4.59177651e-01  3.26958189e-09  3.28160776e-09  3.28754362e-09  1.61077763e-07  2.07991819e-08  1.00000000e-01 
 1.10000000e-01  3.29561409e-09  3.26855192e-09  4.59177655e-01  4.59177655e-01  3.26958189e-09  3.28160765e-09  3.28754362e-09  1.61077757e-07  2.07988293e-08  1.10000000e-01 
 1.20000000e-01  3.29561409e-09  3.26855204e-09  4.59177668e-01  4.59177668e-01  3.26958178e-09  3.28160765e-09  3.28754362e-09  1.61077778e-07  2.07986970e-08  1.20000000e-01 
 1.30000000e-01  3.29561409e-09  3.26855192e-09  4.59177639e-01  4.59177639e-01  3.26958179e-09  3.28160765e-09  3.28754362e-09  1.61077744e-07  2.07985602e-08  1.30000000e-01 
 1.40000000e-01  3.29561409e-09  3.26855192e-09  4.59177643e-01  4.59177643e-01  3.26958178e-09  3.28160776e-09  3.28754373e-09  1.61077752e-07  2.07981685e-08  1.40000000e-01 
 1.50000000e-01  3.29561409e-09  3.26855192e-09  4.59177647e-01  4.59177647e-01  3.26958190e-09  3.28160776e-09  3.28754361e-09  1.61077737e-07  2.07981046e-08  1.50000000e-01 
 1.60000000e-01  3.29561409e-09  3.26855204e-09  4.59177675e-01  4.59177675e-01  3.26958189e-09  3.28160776e-09  3.28754362e-09  1.61077782e-07  2.07980388e-08  1.60000000e-01 
 1.70000000e-01  3.29561409e-09  3.26855204e-09  4.59177667e-01  4.59177667e-01  3.26958189e-09  3.28160776e-09  3.28754362e-09  1.61077783e-07  2.07977013e-08  1.70000000e-01 
 1.80000000e-01  3.29561409e-09  3.26855204e-09  4.59177662e-01  4.59177662e-01  3.26958178e-09  3.28160765e-09  3.28754373e-09  1.61077773e-07  2.07976782e-08  1.80000000e-01 
 1.90000000e-01  3.29561409e-09  3.26855192e-09  4.59177641e-01  4.59177641e-01  3.26958190e-09  3.28160776e-09  3.28754361e-09  1.61077740e-07  2.07973478e-08  1.90000000e-01 
 2.00000000e-01  3.29561409e-09  3.26855204e-09  4.59177676e-01  4.59177677e-01  3.26958178e-09  3.28160765e-09  3.28754362e-09  1.61077806e-07  2.07973034e-08  2.00000000e-01 
 2.10000000e-01  3.29561409e-09  3.26855204e-09  4.59177659e-01  4.59177659e-01  3.26958190e-09  3.28160765e-09  3.28754373e-09  1.61077772e-07  2.07970992e-08  2.10000000e-01 
 2.20000000e-01  3.29561409e-09  3.26855192e-09  4.59177659e-01  4.59177659e-01  3.26958189e-09  3.28160765e-09  3.28754361e-09  1.61077759e-07  2.07969393e-08  2.20000000e-01 
 2.30000000e-01  3.29561409e-09  3.26855203e-09  4.59177649e-01  4.59177649e-01  3.26958178e-09  3.28160776e-09  3.28754362e-09  1.61077753e-07  2.07967812e-08  2.30000000e-01 
 2.40000000e-01  3.29561409e-09  3.26855203e-09  4.59177652e-01  4.59177652e-01  3.26958190e-09  3.28160776e-09  3.28754362e-09  1.61077745e-07  2.07966799e-08  2.40000000e-01 
 2.50000000e-01  3.29561409e-09  3.26855192e-09  4.59177655e-01  4.59177655e-01  3.26958189e-09  3.28160765e-09  3.28754373e-09  1.61077745e-07  2.07965520e-08  2.50000000e-01 
 2.60000000e-01  3.29561409e-09  3.26855203e-09  4.59177653e-01  4.59177653e-01  3.26958178e-09  3.28160776e-09  3.28754361e-09  1.61077754e-07  2.07963424e-08  2.60000000e-01 
 2.70000000e-01  3.29561409e-09  3.26855192e-09  4.59177656e-01  4.59177656e-01  3.26958179e-09  3.28160776e-09  3.28754362e-09  1.61077745e-07  2.07963460e-08  2.70000000e-01 
 2.80000000e-01  3.29561409e-09  3.26855192e-09  4.59177651e-01  4.59177651e-01  3.26958190e-09  3.28160765e-09  3.28754362e-09  1.61077754e-07  2.07962643e-08  2.80000000e-01 
 2.90000000e-01  3.29561409e-09  3.26855204e-09  4.59177665e-01  4.59177665e-01  3.26958189e-09  3.28160776e-09  3.28754362e-09  1.61077776e-07  2.07961612e-08  2.90000000e-01 
 3.00000000e-01  3.29561409e-09  3.26855203e-09  4.59177643e-01  4.59177643e-01  3.26958178e-09  3.28160776e-09  3.28754362e-09  1.61077743e-07  2.07959907e-08  3.00000000e-01 
 3.10000000e-01  3.29561409e-09  3.26855204e-09  4.59177669e-01  4.59177669e-01  3.26958179e-09  3.28160765e-09  3.28754362e-09  1.61077777e-07  2.07959836e-08  3.10000000e-01 
 3.20000000e-01  3.29561409e-09  3.26855192e-09  4.59177665e-01  4.59177665e-01  3.26958190e-09  3.28160765e-09  3.28754362e-09  1.61077773e-07  2.07958841e-08  3.20000000e-01 
 3.30000000e-01  3.29561409e-09  3.26855192e-09  4.59177639e-01  4.59177639e-01  3.26958189e-09  3.28160776e-09  3.28754373e-09  1.61077729e-07  2.07956994e-08  3.30000000e-01 
 3.40000000e-01  3.29561409e-09  3.26855204e-09  4.59177669e-01  4.59177669e-01  3.26958178e-09  3.28160776e-09  3.28754373e-09  1.61077779e-07  2.07956354e-08  3.40000000e-01 
 3.50000000e-01  3.29561409e-09  3.26855192e-09  4.59177665e-01  4.59177665e-01  3.26958190e-09  3.28160776e-09  3.28754362e-09  1.61077769e-07  2.07954436e-08  3.50000000e-01 
 3.60000000e-01  3.29561409e-09  3.26855203e-09  4.59177643e-01  4.59177643e-01  3.26958189e-09  3.28160765e-09  3.28754374e-09  1.61077741e-07  2.07953867e-08  3.60000000e-01 
 3.70000000e-01  3.29561409e-09  3.26855203e-09  4.59177655e-01  4.59177655e-01  3.26958189e-09  3.28160776e-09  3.28754361e-09  1.61077755e-07  2.07952731e-08  3.70000000e-01 
 3.80000000e-01  3.29561409e-09  3.26855203e-09  4.59177655e-01  4.59177655e-01  3.26958189e-09  3.28160776e-09  3.28754362e-09  1.61077762e-07  2.07953548e-08  3.80000000e-01 
 3.90000000e-01  3.29561409e-09  3.26855192e-09  4.59177660e-01  4.59177660e-01  3.26958189e-09  3.28160776e-09  3.28754362e-09  1.61077778e-07  2.07952660e-08  3.90000000e-01 
 4.00000000e-01  3.29561409e-09  3.26855203e-09  4.59177649e-01  4.59177649e-01  3.26958178e-09  3.28160765e-09  3.28754362e-09  1.61077753e-07  2.07952553e-08  4.00000000e-01 
 4.10000000e-01  3.29561409e-09  3.26855192e-09  4.59177676e-01  4.59177676e-01  3.26958179e-09  3.28160776e-09  3.28754362e-09  1.61077776e-07  2.07951167e-08  4.10000000e-01 
 4.20000000e-01  3.29561409e-09  3.26855203e-09  4.59177656e-01  4.59177656e-01  3.26958178e-09  3.28160765e-09  3.28754373e-09  1.61077769e-07  2.07950315e-08  4.20000000e-01 
 4.30000000e-01  3.29561409e-09  3.26855192e-09  4.59177651e-01  4.59177651e-01  3.26958178e-09  3.28160776e-09  3.28754373e-09  1.61077742e-07  2.07949284e-08  4.30000000e-01 
 4.40000000e-01  3.29561409e-09  3.26855204e-09  4.59177673e-01  4.59177673e-01  3.26958190e-09  3.28160765e-09  3.28754362e-09  1.61077786e-07  2.07948219e-08  4.40000000e-01 
 4.50000000e-01  3.29561409e-09  3.26855204e-09  4.59177672e-01  4.59177672e-01  3.26958189e-09  3.28160776e-09  3.28754374e-09  1.61077770e-07  2.07947366e-08  4.50000000e-01 
 4.60000000e-01  3.29561409e-09  3.26855192e-09  4.59177673e-01  4.59177673e-01  3.26958189e-09  3.28160765e-09  3.28754373e-09  1.61077788e-07  2.07946691e-08  4.60000000e-01 
 4.70000000e-01  3.29561409e-09  3.26855204e-09  4.59177659e-01  4.59177659e-01  3.26958189e-09  3.28160776e-09  3.28754362e-09  1.61077761e-07  2.07947579e-08  4.70000000e-01 
 4.80000000e-01  3.29561409e-09  3.26855192e-09  4.59177648e-01  4.59177648e-01  3.26958189e-09  3.28160765e-09  3.28754362e-09  1.61077745e-07  2.07946442e-08  4.80000000e-01 
 4.90000000e-01  3.29561409e-09  3.26855204e-09  4.59177672e-01  4.59177672e-01  3.26958189e-09  3.28160765e-09  3.28754373e-09  1.61077786e-07  2.07946513e-08  4.90000000e-01 
 5.00000000e-01  3.29561409e-09  3.26855204e-09  4.59177663e-01  4.59177663e-01  3.26958178e-09  3.28160776e-09  3.28754373e-09  1.61077773e-07  2.07945092e-08  5.00000000e-01 
 5.10000000e-01  3.29561409e-09  3.26855192e-09  4.59177660e-01  4.59177660e-01  3.26958190e-09  3.28160776e-09  3.28754373e-09  1.61077762e-07  2.07944666e-08  5.10000000e-01 
 5.20000000e-01  3.29561409e-09  3.26855203e-09  4.59177653e-01  4.59177653e-01  3.26958189e-09  3.28160765e-09  3.28754362e-09  1.61077751e-07  2.07944240e-08  5.20000000e-01 
 5.30000000e-01  3.29561409e-09  3.26855192e-09  4.59177653e-01  4.59177653e-01  3.26958189e-09  3.28160776e-09  3.28754362e-09  1.61077750e-07  2.07943458e-08  5.30000000e-01 
 5.40000000e-01  3.29561409e-09  3.26855192e-09  4.59177638e-01  4.59177638e-01  3.26958178e-09  3.28160776e-09  3.28754362e-09  1.61077723e-07  2.07941682e-08  5.40000000e-01 
 5.50000000e-01  3.29561409e-09  3.26855203e-09  4.59177657e-01  4.59177657e-01  3.26958190e-09  3.28160765e-09  3.28754373e-09  1.61077777e-07  2.07942072e-08  5.50000000e-01 
 5.60000000e-01  3.29561409e-09  3.26855204e-09  4.59177667e-01  4.59177667e-01  3.26958189e-09  3.28160776e-09  3.28754361e-09  1.61077766e-07  2.07941824e-08  5.60000000e-01 
 5.70000000e-01  3.29561409e-09  3.26855204e-09  4.59177661e-01  4.59177661e-01  3.26958189e-09  3.28160765e-09  3.28754362e-09  1.61077785e-07  2.07940616e-08  5.70000000e-01 
 5.80000000e-01  3.29561409e-09  3.26855203e-09  4.59177653e-01  4.59177653e-01  3.26958189e-09  3.28160765e-09  3.28754362e-09  1.61077750e-07  2.07939266e-08  5.80000000e-01 
 5.90000000e-01  3.29561409e-09  3.26855204e-09  4.59177671e-01  4.59177671e-01  3.26958178e-09  3.28160765e-09  3.28754362e-09  1.61077789e-07  2.07939692e-08  5.90000000e-01 
 6.00000000e-01  3.29561409e-09  3.26855204e-09  4.59177665e-01  4.59177666e-01  3.26958190e-09  3.28160776e-09  3.28754362e-09  1.61077779e-07  2.07939408e-08  6.00000000e-01 
 6.10000000e-01  3.29561409e-09  3.26855192e-09  4.59177656e-01  4.59177656e-01  3.26958178e-09  3.28160776e-09  3.28754373e-09  1.61077763e-07  2.07938058e-08  6.10000000e-01 
 6.20000000e-01  3.29561409e-09  3.26855203e-09  4.59177652e-01  4.59177652e-01  3.26958179e-09  3.28160776e-09  3.28754361e-09  1.61077754e-07  2.07938839e-08  6.20000000e-01 
 6.30000000e-01  3.29561409e-09  3.26855192e-09  4.59177647e-01  4.59177647e-01  3.26958178e-09  3.28160765e-09  3.28754362e-09  1.61077755e-07  2.07937561e-08  6.30000000e-01 
 6.40000000e-01  3.29561409e-09  3.26855204e-09  4.59177671e-01  4.59177671e-01  3.26958190e-09  3.28160776e-09  3.28754362e-09  1.61077774e-07  2.07937916e-08  6.40000000e-01 
 6.50000000e-01  3.29561409e-09  3.26855203e-09  4.59177641e-01  4.59177641e-01  3.26958189e-09  3.28160776e-09  3.28754362e-09  1.61077733e-07  2.07936779e-08  6.50000000e-01 
 6.60000000e-01  3.29561409e-09  3.26855204e-09  4.59177664e-01  4.59177664e-01  3.26958189e-09  3.28160776e-09  3.28754362e-09  1.61077785e-07  2.07936779e-08  6.60000000e-01 
 6.70000000e-01  3.29561409e-09  3.26855203e-09  4.59177648e-01  4.59177648e-01  3.26958189e-09  3.28160776e-09  3.28754362e-09  1.61077740e-07  2.07935429e-08  6.70000000e-01 
 6.80000000e-01  3.29561409e-09  3.26855204e-09  4.59177670e-01  4.59177670e-01  3.26958189e-09  3.28160765e-09  3.28754373e-09  1.61077780e-07  2.07934363e-08  6.80000000e-01 
 6.90000000e-01  3.29561409e-09  3.26855192e-09  4.59177644e-01  4.59177644e-01  3.26958178e-09  3.28160765e-09  3.28754361e-09  1.61077737e-07  2.07934789e-08  6.90000000e-01 
 7.00000000e-01  3.29561409e-09  3.26855204e-09  4.59177665e-01  4.59177665e-01  3.26958190e-09  3.28160776e-09  3.28754374e-09  1.61077780e-07  2.07933795e-08  7.00000000e-01 
 7.10000000e-01  3.29561421e-09  3.26855192e-09  4.59177661e-01  4.59177661e-01  3.26958178e-09  3.28160776e-09  3.28754373e-09  1.61077764e-07  2.07934008e-08  7.10000000e-01 
 7.20000000e-01  3.29561409e-09  3.26855192e-09  4.59177668e-01  4.59177668e-01  3.26958190e-09  3.28160765e-09  3.28754362e-09  1.61077780e-07  2.07932516e-08  7.20000000e-01 
 7.30000000e-01  3.29561409e-09  3.26855203e-09  4.59177643e-01  4.59177644e-01  3.26958189e-09  3.28160765e-09  3.28754374e-09  1.61077750e-07  2.07932729e-08  7.30000000e-01 
 7.40000000e-01  3.29561409e-09  3.26855204e-09  4.59177665e-01  4.59177665e-01  3.26958178e-09  3.28160776e-09  3.28754373e-09  1.61077762e-07  2.07931947e-08  7.40000000e-01 
 7.50000000e-01  3.29561409e-09  3.26855203e-09  4.59177654e-01  4.59177654e-01  3.26958179e-09  3.28160776e-09  3.28754373e-09  1.61077763e-07  2.07931592e-08  7.50000000e-01 
 7.60000000e-01  3.29561409e-09  3.26855204e-09  4.59177658e-01  4.59177658e-01  3.26958179e-09  3.28160765e-09  3.28754362e-09  1.61077760e-07  2.07931024e-08  7.60000000e-01 
 7.70000000e-01  3.29561409e-09  3.26855192e-09  4.59177656e-01  4.59177656e-01  3.26958178e-09  3.28160765e-09  3.28754362e-09  1.61077755e-07  2.07930455e-08  7.70000000e-01 
 7.80000000e-01  3.29561409e-09  3.26855204e-09  4.59177666e-01  4.59177666e-01  3.26958190e-09  3.28160776e-09  3.28754362e-09  1.61077778e-07  2.07930384e-08  7.80000000e-01 
 7.90000000e-01  3.29561409e-09  3.26855203e-09  4.59177640e-01  4.59177640e-01  3.26958189e-09  3.28160776e-09  3.28754362e-09  1.61077735e-07  2.07930100e-08  7.90000000e-01 
 8.00000000e-01  3.29561409e-09  3.26855192e-09  4.59177657e-01  4.59177657e-01  3.26958189e-09  3.28160765e-09  3.28754373e-09  1.61077766e-07  2.07928679e-08  8.00000000e-01 
 8.10000000e-01  3.29561409e-09  3.26855192e-09  4.59177659e-01  4.59177659e-01  3.26958178e-09  3.28160776e-09  3.28754361e-09  1.61077784e-07  2.07928395e-08  8.10000000e-01 
 8.20000000e-01  3.29561409e-09  3.26855204e-09  4.59177660e-01  4.59177660e-01  3.26958190e-09  3.28160776e-09  3.28754362e-09  1.61077766e-07  2.07928750e-08  8.20000000e-01 
 8.30000000e-01  3.29561409e-09  3.26855203e-09  4.59177623e-01  4.59177623e-01  3.26958189e-09  3.28160765e-09  3.28754373e-09  1.61077712e-07  2.07927400e-08  8.30000000e-01 
 8.40000000e-01  3.29561409e-09  3.26855192e-09  4.59177659e-01  4.59177659e-01  3.26958178e-09  3.28160765e-09  3.28754361e-09  1.61077764e-07  2.07926973e-08  8.40000000e-01 
 8.50000000e-01  3.29561409e-09  3.26855203e-09  4.59177645e-01  4.59177645e-01  3.26958190e-09  3.28160765e-09  3.28754374e-09  1.61077742e-07  2.07927968e-08  8.50000000e-01 
 8.60000000e-01  3.29561409e-09  3.26855192e-09  4.59177662e-01  4.59177662e-01  3.26958178e-09  3.28160776e-09  3.28754373e-09  1.61077765e-07  2.07926405e-08  8.60000000e-01 
 8.70000000e-01  3.29561409e-09  3.26855192e-09  4.59177645e-01  4.59177645e-01  3.26958179e-09  3.28160776e-09  3.28754362e-09  1.61077759e-07  2.07924984e-08  8.70000000e-01 
 8.80000000e-01  3.29561409e-09  3.26855203e-09  4.59177657e-01  4.59177657e-01  3.26958190e-09  3.28160776e-09  3.28754362e-09  1.61077759e-07  2.07924487e-08  8.80000000e-01 
 8.90000000e-01  3.29561409e-09  3.26855203e-09  4.59177650e-01  4.59177650e-01  3.26958189e-09  3.28160776e-09  3.28754362e-09  1.61077761e-07  2.07925055e-08  8.90000000e-01 
 9.00000000e-01  3.29561409e-09  3.26855192e-09  4.59177664e-01  4.59177664e-01  3.26958189e-09  3.28160765e-09  3.28754362e-09  1.61077775e-07  2.07923208e-08  9.00000000e-01 
 9.10000000e-01  3.29561409e-09  3.26855204e-09  4.59177659e-01  4.59177659e-01  3.26958189e-09  3.28160776e-09  3.28754362e-09  1.61077775e-07  2.07923634e-08  9.10000000e-01 
 9.20000000e-01  3.29561409e-09  3.26855192e-09  4.59177662e-01  4.59177662e-01  3.26958178e-09  3.28160776e-09  3.28754362e-09  1.61077754e-07  2.07923279e-08  9.20000000e-01 
 9.30000000e-01  3.29561409e-09  3.26855204e-09  4.59177673e-01  4.59177673e-01  3.26958190e-09  3.28160776e-09  3.28754362e-09  1.61077800e-07  2.07923208e-08  9.30000000e-01 
 9.40000000e-01  3.29561409e-09  3.26855203e-09  4.59177652e-01  4.59177652e-01  3.26958189e-09  3.28160776e-09  3.28754362e-09  1.61077751e-07  2.07923065e-08  9.40000000e-01 
 9.50000000e-01  3.29561409e-09  3.26855203e-09  4.59177656e-01  4.59177656e-01  3.26958189e-09  3.28160765e-09  3.28754362e-09  1.61077758e-07  2.07921929e-08  9.50000000e-01 
 9.60000000e-01  3.29561409e-09  3.26855192e-09  4.59177665e-01  4.59177665e-01  3.26958189e-09  3.28160776e-09  3.28754362e-09  1.61077779e-07  2.07921858e-08  9.60000000e-01 
 9.70000000e-01  3.29561409e-09  3.26855204e-09  4.59177659e-01  4.59177659e-01  3.26958178e-09  3.28160765e-09  3.28754373e-09  1.61077773e-07  2.07921786e-08  9.70000000e-01 
 9.80000000e-01  3.29561409e-09  3.26855204e-09  4.59177659e-01  4.59177659e-01  3.26958179e-09  3.28160765e-09  3.28754361e-09  1.61077755e-07  2.07920010e-08  9.80000000e-01 
 9.90000000e-01  3.29561409e-09  3.26855192e-09  4.59177648e-01  4.59177648e-01  3.26958178e-09  3.28160765e-09  3.28754362e-09  1.61077733e-07  2.07919442e-08  9.90000000e-01 
 1.00000000e+00  3.29561409e-09  3.26855203e-09  4.59177657e-01  4.59177657e-01  3.26958179e-09  3.28160765e-09  3.28754362e-09  1.61077760e-07  2.07918518e-08  1.00000000e+00 
 1.01000000e+00  3.29561409e-09  3.26855203e-09  4.59177654e-01  4.59177654e-01  3.26958190e-09  3.28160776e-09  3.28754362e-09  1.61077765e-07  2.07917807e-08  1.01000000e+00 
 1.02000000e+00  3.29561409e-09  3.26855203e-09  4.59177657e-01  4.59177657e-01  3.26958189e-09  3.28160776e-09  3.28754362e-09  1.61077760e-07  2.07917026e-08  1.02000000e+00 
 1.03000000e+00  3.29561420e-09  3.26855203e-09  4.59177647e-01  4.59177647e-01  3.26958178e-09  3.28160776e-09  3.28754362e-09  1.61077741e-07  2.07917026e-08  1.03000000e+00 
 1.04000000e+00  3.29561421e-09  3.26855203e-09  4.59177657e-01  4.59177657e-01  3.26958190e-09  3.28160765e-09  3.28754362e-09  1.61077763e-07  2.07915392e-08  1.04000000e+00 
 1.05000000e+00  3.29561409e-09  3.26855203e-09  4.59177641e-01  4.59177641e-01  3.26958178e-09  3.28160765e-09  3.28754362e-09  1.61077733e-07  2.07915463e-08  1.05000000e+00 
 1.06000000e+00  3.29561409e-09  3.26855204e-09  4.59177659e-01  4.59177659e-01  3.26958179e-09  3.28160776e-09  3.28754373e-09  1.61077759e-07  2.07915249e-08  1.06000000e+00 
 1.07000000e+00  3.29561409e-09  3.26855204e-09  4.59177664e-01  4.59177664e-01  3.26958190e-09  3.28160765e-09  3.28754361e-09  1.61077788e-07  2.07914894e-08  1.07000000e+00 
 1.08000000e+00  3.29561409e-09  3.26855203e-09  4.59177652e-01  4.59177652e-01  3.26958189e-09  3.28160776e-09  3.28754374e-09  1.61077756e-07  2.07913402e-08  1.08000000e+00 
 1.09000000e+00  3.29561409e-09  3.26855203e-09  4.59177657e-01  4.59177657e-01  3.26958178e-09  3.28160776e-09  3.28754361e-09  1.61077766e-07  2.07913615e-08  1.09000000e+00 
 1.10000000e+00  3.29561409e-09  3.26855192e-09  4.59177642e-01  4.59177642e-01  3.26958190e-09  3.28160776e-09  3.28754362e-09  1.61077743e-07  2.07913118e-08  1.10000000e+00 
 1.11000000e+00  3.29561409e-09  3.26855192e-09  4.59177665e-01  4.59177665e-01  3.26958189e-09  3.28160776e-09  3.28754362e-09  1.61077783e-07  2.07911697e-08  1.11000000e+00 
 1.12000000e+00  3.29561409e-09  3.26855192e-09  4.59177637e-01  4.59177637e-01  3.26958189e-09  3.28160776e-09  3.28754373e-09  1.61077739e-07  2.07912336e-08  1.12000000e+00 
 1.13000000e+00  3.29561409e-09  3.26855192e-09  4.59177658e-01  4.59177658e-01  3.26958178e-09  3.28160765e-09  3.28754361e-09  1.61077771e-07  2.07910844e-08  1.13000000e+00 
 1.14000000e+00  3.29561409e-09  3.26855203e-09  4.59177648e-01  4.59177648e-01  3.26958179e-09  3.28160765e-09  3.28754362e-09  1.61077759e-07  2.07910702e-08  1.14000000e+00 
 1.15000000e+00  3.29561421e-09  3.26855204e-09  4.59177662e-01  4.59177662e-01  3.26958179e-09  3.28160776e-09  3.28754373e-09  1.61077766e-07  2.07910844e-08  1.15000000e+00 
 1.16000000e+00  3.29561409e-09  3.26855192e-09  4.59177646e-01  4.59177646e-01  3.26958178e-09  3.28160776e-09  3.28754361e-09  1.61077746e-07  2.07910205e-08  1.16000000e+00 
 1.17000000e+00  3.29561421e-09  3.26855204e-09  4.59177663e-01  4.59177663e-01  3.26958190e-09  3.28160776e-09  3.28754374e-09  1.61077770e-07  2.07909636e-08  1.17000000e+00 
 1.18000000e+00  3.29561409e-09  3.26855203e-09  4.59177645e-01  4.59177645e-01  3.26958178e-09  3.28160776e-09  3.28754373e-09  1.61077735e-07  2.07908926e-08  1.18000000e+00 
 1.19000000e+00  3.29561409e-09  3.26855192e-09  4.59177653e-01  4.59177653e-01  3.26958190e-09  3.28160776e-09  3.28754362e-09  1.61077765e-07  2.07906794e-08  1.19000000e+00 
 1.20000000e+00  3.29561409e-09  3.26855203e-09  4.59177637e-01  4.59177637e-01  3.26958189e-09  3.28160765e-09  3.28754362e-09  1.61077724e-07  2.07907647e-08  1.20000000e+00 
 1.21000000e+00  3.29561409e-09  3.26855192e-09  4.59177661e-01  4.59177661e-01  3.26958189e-09  3.28160765e-09  3.28754362e-09  1.61077769e-07  2.07907362e-08  1.21000000e+00 
 1.22000000e+00  3.29561409e-09  3.26855203e-09  4.59177632e-01  4.59177632e-01  3.26958189e-09  3.28160776e-09  3.28754362e-09  1.61077724e-07  2.07905515e-08  1.22000000e+00 
 1.23000000e+00  3.29561409e-09  3.26855192e-09  4.59177655e-01  4.59177655e-01  3.26958189e-09  3.28160776e-09  3.28754373e-09  1.61077757e-07  2.07905799e-08  1.23000000e+00 
 1.24000000e+00  3.29561409e-09  3.26855192e-09  4.59177660e-01  4.59177660e-01  3.26958178e-09  3.28160776e-09  3.28754373e-09  1.61077774e-07  2.07904947e-08  1.24000000e+00 
 1.25000000e+00  3.29561409e-09  3.26855203e-09  4.59177635e-01  4.59177635e-01  3.26958179e-09  3.28160776e-09  3.28754362e-09  1.61077724e-07  2.07904804e-08  1.25000000e+00 
 1.26000000e+00  3.29561409e-09  3.26855192e-09  4.59177634e-01  4.59177634e-01  3.26958178e-09  3.28160765e-09  3.28754374e-09  1.61077724e-07  2.07903952e-08  1.26000000e+00 
 1.27000000e+00  3.29561421e-09  3.26855203e-09  4.59177649e-01  4.59177649e-01  3.26958190e-09  3.28160765e-09  3.28754373e-09  1.61077743e-07  2.07903810e-08  1.27000000e+00 
 1.28000000e+00  3.29561409e-09  3.26855192e-09  4.59177656e-01  4.59177656e-01  3.26958189e-09  3.28160765e-09  3.28754373e-09  1.61077760e-07  2.07902815e-08  1.28000000e+00 
 1.29000000e+00  3.29561409e-09  3.26855203e-09  4.59177645e-01  4.59177646e-01  3.26958189e-09  3.28160776e-09  3.28754362e-09  1.61077737e-07  2.07901678e-08  1.29000000e+00 
 1.30000000e+00  3.29561409e-09  3.26855203e-09  4.59177652e-01  4.59177652e-01  3.26958178e-09  3.28160765e-09  3.28754362e-09  1.61077755e-07  2.07901678e-08  1.30000000e+00 
 1.31000000e+00  3.29561409e-09  3.26855203e-09  4.59177656e-01  4.59177656e-01  3.26958179e-09  3.28160776e-09  3.28754362e-09  1.61077746e-07  2.07900968e-08  1.31000000e+00 
 1.32000000e+00  3.29561409e-09  3.26855203e-09  4.59177646e-01  4.59177646e-01  3.26958178e-09  3.28160765e-09  3.28754362e-09  1.61077736e-07  2.07899689e-08  1.32000000e+00 
 1.33000000e+00  3.29561409e-09  3.26855192e-09  4.59177655e-01  4.59177655e-01  3.26958190e-09  3.28160765e-09  3.28754362e-09  1.61077748e-07  2.07900683e-08  1.33000000e+00 
 1.34000000e+00  3.29561409e-09  3.26855192e-09  4.59177641e-01  4.59177641e-01  3.26958178e-09  3.28160776e-09  3.28754362e-09  1.61077731e-07  2.07899262e-08  1.34000000e+00 
 1.35000000e+00  3.29561420e-09  3.26855203e-09  4.59177645e-01  4.59177645e-01  3.26958179e-09  3.28160776e-09  3.28754362e-09  1.61077727e-07  2.07897557e-08  1.35000000e+00 
 1.36000000e+00  3.29561409e-09  3.26855204e-09  4.59177658e-01  4.59177658e-01  3.26958190e-09  3.28160765e-09  3.28754362e-09  1.61077746e-07  2.07898836e-08  1.36000000e+00 
 1.37000000e+00  3.29561409e-09  3.26855192e-09  4.59177674e-01  4.59177674e-01  3.26958189e-09  3.28160776e-09  3.28754362e-09  1.61077792e-07  2.07897557e-08  1.37000000e+00 
 1.38000000e+00  3.29561409e-09  3.26855203e-09  4.59177650e-01  4.59177650e-01  3.26958178e-09  3.28160765e-09  3.28754362e-09  1.61077754e-07  2.07896420e-08  1.38000000e+00 
 1.39000000e+00  3.29561409e-09  3.26855204e-09  4.59177665e-01  4.59177665e-01  3.26958190e-09  3.28160765e-09  3.28754373e-09  1.61077776e-07  2.07895425e-08  1.39000000e+00 
 1.40000000e+00  3.29561409e-09  3.26855192e-09  4.59177644e-01  4.59177644e-01  3.26958189e-09  3.28160765e-09  3.28754361e-09  1.61077734e-07  2.07894715e-08  1.40000000e+00 
 1.41000000e+00  3.29561409e-09  3.26855203e-09  4.59177647e-01  4.59177647e-01  3.26958178e-09  3.28160765e-09  3.28754362e-09  1.61077758e-07  2.07895710e-08  1.41000000e+00 
 1.42000000e+00  3.29561409e-09  3.26855204e-09  4.59177664e-01  4.59177664e-01  3.26958179e-09  3.28160765e-09  3.28754362e-09  1.61077766e-07  2.07894004e-08  1.42000000e+00 
 1.43000000e+00  3.29561409e-09  3.26855192e-09  4.59177658e-01  4.59177658e-01  3.26958190e-09  3.28160765e-09  3.28754362e-09  1.61077757e-07  2.07893578e-08  1.43000000e+00 
 1.44000000e+00  3.29561409e-09  3.26855204e-09  4.59177673e-01  4.59177673e-01  3.26958178e-09  3.28160776e-09  3.28754362e-09  1.61077783e-07  2.07892157e-08  1.44000000e+00 
 1.45000000e+00  3.29561409e-09  3.26855203e-09  4.59177657e-01  4.59177657e-01  3.26958190e-09  3.28160776e-09  3.28754362e-09  1.61077774e-07  2.07891020e-08  1.45000000e+00 
 1.46000000e+00  3.29561409e-09  3.26855204e-09  4.59177661e-01  4.59177661e-01  3.26958189e-09  3.28160776e-09  3.28754373e-09  1.61077769e-07  2.07890452e-08  1.46000000e+00 
 1.47000000e+00  3.29561409e-09  3.26855192e-09  4.59177654e-01  4.59177654e-01  3.26958189e-09  3.28160776e-09  3.28754373e-09  1.61077750e-07  2.07889883e-08  1.47000000e+00 
 1.48000000e+00  3.29561409e-09  3.26855192e-09  4.59177654e-01  4.59177654e-01  3.26958189e-09  3.28160765e-09  3.28754362e-09  1.61077756e-07  2.07888888e-08  1.48000000e+00 
 1.49000000e+00  3.29561409e-09  3.26855192e-09  4.59177676e-01  4.59177676e-01  3.26958178e-09  3.28160765e-09  3.28754362e-09  1.61077785e-07  2.07889315e-08  1.49000000e+00 
 1.50000000e+00  3.29561409e-09  3.26855203e-09  4.59177651e-01  4.59177651e-01  3.26958190e-09  3.28160765e-09  3.28754362e-09  1.61077741e-07  2.07885904e-08  1.50000000e+00 
 1.51000000e+00  3.29561409e-09  3.26855203e-09  4.59177657e-01  4.59177657e-01  3.26958189e-09  3.28160776e-09  3.28754362e-09  1.61077769e-07  2.07884909e-08  1.51000000e+00 
 1.52000000e+00  3.29561409e-09  3.26855204e-09  4.59177659e-01  4.59177659e-01  3.26958189e-09  3.28160776e-09  3.28754362e-09  1.61077757e-07  2.07884341e-08  1.52000000e+00 
 1.53000000e+00  3.29561409e-09  3.26855192e-09  4.59177631e-01  4.59177631e-01  3.26958178e-09  3.28160765e-09  3.28754362e-09  1.61077737e-07  2.07883346e-08  1.53000000e+00 
 1.54000000e+00  3.29561409e-09  3.26855204e-09  4.59177685e-01  4.59177685e-01  3.26958179e-09  3.28160776e-09  3.28754362e-09  1.61077811e-07  2.07881357e-08  1.54000000e+00 
 1.55000000e+00  3.29561409e-09  3.26855203e-09  4.59177643e-01  4.59177643e-01  3.26958190e-09  3.28160765e-09  3.28754362e-09  1.61077756e-07  2.07879935e-08  1.55000000e+00 
 1.56000000e+00  3.29561409e-09  3.26855204e-09  4.59177661e-01  4.59177661e-01  3.26958178e-09  3.28160765e-09  3.28754373e-09  1.61077775e-07  2.07878657e-08  1.56000000e+00 
 1.57000000e+00  3.29561409e-09  3.26855204e-09  4.59177659e-01  4.59177659e-01  3.26958190e-09  3.28160776e-09  3.28754361e-09  1.61077773e-07  2.07877378e-08  1.57000000e+00 
 1.58000000e+00  3.29561409e-09  3.26855204e-09  4.59177662e-01  4.59177662e-01  3.26958189e-09  3.28160765e-09  3.28754362e-09  1.61077776e-07  2.07873683e-08  1.58000000e+00 
 1.59000000e+00  3.29561409e-09  3.26855204e-09  4.59177666e-01  4.59177666e-01  3.26958189e-09  3.28160776e-09  3.28754362e-09  1.61077781e-07  2.07868993e-08  1.59000000e+00 
 1.60000000e+00  3.29561409e-09  3.26855203e-09  4.59177643e-01  4.59177643e-01  3.26958189e-09  3.28160776e-09  3.28754362e-09  1.61077753e-07  2.07864304e-08  1.60000000e+00 
 1.61000000e+00  3.29561409e-09  3.26855204e-09  4.59177665e-01  4.59177665e-01  3.26958189e-09  3.28160765e-09  3.28754362e-09  1.61077776e-07  2.07859188e-08  1.61000000e+00 
 1.62000000e+00  3.29561409e-09  3.26855192e-09  4.59177662e-01  4.59177662e-01  3.26958178e-09  3.28160776e-09  3.28754362e-09  1.61077775e-07  2.07850803e-08  1.62000000e+00 
 1.63000000e+00  3.29561409e-09  3.26855203e-09  4.59177654e-01  4.59177654e-01  3.26958179e-09  3.28160776e-09  3.28754362e-09  1.61077762e-07  2.07836450e-08  1.63000000e+00 
 1.64000000e+00  3.29561409e-09  3.26855192e-09  4.59177662e-01  4.59177662e-01  3.26958190e-09  3.28160765e-09  3.28754362e-09  1.61077765e-07  2.07817834e-08  1.64000000e+00 
 1.65000000e+00  3.29561409e-09  3.26855204e-09  4.59177674e-01  4.59177674e-01  3.26958178e-09  3.28160765e-09  3.28754362e-09  1.61077789e-07  2.07785149e-08  1.65000000e+00 
 1.66000000e+00  3.29561409e-09  3.26855203e-09  4.59177640e-01  4.59177640e-01  3.26958190e-09  3.28160765e-09  3.28754362e-09  1.61077733e-07  2.07723900e-08  1.66000000e+00 
 1.67000000e+00  3.29561409e-09  3.26855192e-09  4.59177660e-01  4.59177660e-01  3.26958178e-09  3.28160776e-09  3.28754362e-09  1.61077768e-07  2.07616182e-08  1.67000000e+00 
 1.68000000e+00  3.29561409e-09  3.26855204e-09  4.59177660e-01  4.59177660e-01  3.26958179e-09  3.28160776e-09  3.28754373e-09  1.61077771e-07  2.07418083e-08  1.68000000e+00 
 1.69000000e+00  3.29561409e-09  3.26855204e-09  4.59177675e-01  4.59177675e-01  3.26958189e-09  3.28160776e-09  3.28754362e-09  1.61077786e-07  2.07045190e-08  1.69000000e+00 
 1.70000000e+00  3.29561409e-09  3.26855192e-09  4.59177666e-01  4.59177666e-01  3.26958179e-09  3.28160765e-09  3.28754373e-09  1.61077767e-07  2.06057820e-08  1.70000000e+00 
 1.71000000e+00  3.29561409e-09  3.26855192e-09  4.59177633e-01  4.59177633e-01  3.26958178e-09  3.28160776e-09  3.28754362e-09  1.61077724e-07  1.95038581e-08  1.71000000e+00 
 1.72000000e+00  3.29561421e-09  3.26855204e-09  4.59177681e-01  4.59177681e-01  3.26958178e-09  3.28160765e-09  3.28754373e-09  1.61077809e-07  1.76967916e-08  1.72000000e+00 
 1.73000000e+00  3.29561409e-09  3.26855203e-09  4.59177651e-01  4.59177651e-01  3.26958178e-09  3.28160776e-09  3.28754362e-09  1.61077760e-07  1.33496485e-08  1.73000000e+00 
 1.74000000e+00  3.29561409e-09  3.26855204e-09  4.59177670e-01  4.59177670e-01  3.26958190e-09  3.28160776e-09  3.28754373e-09  1.61077782e-07  9.64928404e-09  1.74000000e+00 
 1.75000000e+00  3.29561409e-09  3.26855192e-09  4.59177655e-01  4.59177655e-01  3.26958190e-09  3.28160765e-09  3.28754362e-09  1.61077753e-07  6.60743638e-09  1.75000000e+00 
 1.76000000e+00  3.29561409e-09  3.26855192e-09  4.59177662e-01  4.59177662e-01  3.26958189e-09  3.28160776e-09  3.28754362e-09  1.61077779e-07  4.08267908e-09  1.76000000e+00 
 1.77000000e+00  3.29561409e-09  3.26855192e-09  4.59177674e-01  4.59177674e-01  3.26958178e-09  3.28160765e-09  3.28754362e-09  1.61077785e-07  1.96416750e-09  1.77000000e+00 
 1.78000000e+00  3.29561409e-09  3.26855203e-09  4.59177650e-01  4.59177650e-01  3.26958190e-09  3.28160776e-09  3.28754362e-09  1.61077757e-07  1.84584792e-10  1.78000000e+00 
 1.79000000e+00  3.29561409e-09  3.26855204e-09  4.59177660e-01  4.59177660e-01  3.26958178e-09  3.28160776e-09  3.28754362e-09  1.61077758e-07 -1.27523947e-09  1.79000000e+00 
 1.80000000e+00  3.29561409e-09  3.26855192e-09  4.59177644e-01  4.59177644e-01  3.26958190e-09  3.28160776e-09  3.28754362e-09  1.61077740e-07 -2.41108467e-09  1.80000000e+00 
