 v-sweep         v(b0)           v(b1)           v(b2)           v(b3)           v(b4)           v(b5)           v(b6)           i(vbias)        i(viout)        v(vout)        
 0.00000000e+00  4.58786609e-01  4.58786609e-01  3.29708529e-09  3.23835027e-09  3.24079656e-09  4.58786609e-01  3.24426658e-09  1.58701470e-07  5.41745329e-08  0.00000000e+00 
 1.00000000e-02  4.58786618e-01  4.58786618e-01  3.29708516e-09  3.23835014e-09  3.24079666e-09  4.58786618e-01  3.24426656e-09  1.58701472e-07  5.41741151e-08  1.00000000e-02 
 2.00000000e-02  4.58786612e-01  4.58786612e-01  3.29708516e-09  3.23835014e-09  3.24079654e-09  4.58786612e-01  3.24426656e-09  1.58701474e-07  5.41736951e-08  2.00000000e-02 
 3.00000000e-02  4.58786610e-01  4.58786610e-01  3.29708527e-09  3.23835025e-09  3.24079666e-09  4.58786611e-01  3.24426656e-09  1.58701468e-07  5.41732608e-08  3.00000000e-02 
 4.00000000e-02  4.58786594e-01  4.58786594e-01  3.29708527e-09  3.23835014e-09  3.24079666e-09  4.58786594e-01  3.24426656e-09  1.58701431e-07  5.41729266e-08  4.00000000e-02 
 5.00000000e-02  4.58786613e-01  4.58786613e-01  3.29708527e-09  3.23835014e-09  3.24079666e-09  4.58786613e-01  3.24426656e-09  1.58701474e-07  5.41726619e-08  5.00000000e-02 
 6.00000000e-02  4.58786592e-01  4.58786593e-01  3.29708527e-09  3.23835025e-09  3.24079666e-09  4.58786593e-01  3.24426656e-09  1.58701437e-07  5.41722569e-08  6.00000000e-02 
 7.00000000e-02  4.58786621e-01  4.58786621e-01  3.29708527e-09  3.23835014e-09  3.24079666e-09  4.58786621e-01  3.24426656e-09  1.58701475e-07  5.41719518e-08  7.00000000e-02 
 8.00000000e-02  4.58786600e-01  4.58786600e-01  3.29708516e-09  3.23835014e-09  3.24079666e-09  4.58786600e-01  3.24426656e-09  1.58701441e-07  5.41717862e-08  8.00000000e-02 
 9.00000000e-02  4.58786593e-01  4.58786593e-01  3.29708527e-09  3.23835014e-09  3.24079666e-09  4.58786593e-01  3.24426656e-09  1.58701442e-07  5.41713563e-08  9.00000000e-02 
 1.00000000e-01  4.58786597e-01  4.58786597e-01  3.29708516e-09  3.23835025e-09  3.24079666e-09  4.58786597e-01  3.24426656e-09  1.58701445e-07  5.41711289e-08  1.00000000e-01 
 1.10000000e-01  4.58786616e-01  4.58786616e-01  3.29708516e-09  3.23835014e-09  3.24079666e-09  4.58786616e-01  3.24426656e-09  1.58701475e-07  5.41708634e-08  1.10000000e-01 
 1.20000000e-01  4.58786611e-01  4.58786611e-01  3.29708527e-09  3.23835025e-09  3.24079654e-09  4.58786611e-01  3.24426656e-09  1.58701461e-07  5.41707568e-08  1.20000000e-01 
 1.30000000e-01  4.58786611e-01  4.58786611e-01  3.29708516e-09  3.23835014e-09  3.24079666e-09  4.58786611e-01  3.24426656e-09  1.58701473e-07  5.41705267e-08  1.30000000e-01 
 1.40000000e-01  4.58786611e-01  4.58786611e-01  3.29708516e-09  3.23835025e-09  3.24079666e-09  4.58786611e-01  3.24426656e-09  1.58701457e-07  5.41703731e-08  1.40000000e-01 
 1.50000000e-01  4.58786595e-01  4.58786595e-01  3.29708527e-09  3.23835014e-09  3.24079666e-09  4.58786595e-01  3.24426656e-09  1.58701439e-07  5.41699929e-08  1.50000000e-01 
 1.60000000e-01  4.58786600e-01  4.58786600e-01  3.29708527e-09  3.23835025e-09  3.24079666e-09  4.58786600e-01  3.24426656e-09  1.58701449e-07  5.41698544e-08  1.60000000e-01 
 1.70000000e-01  4.58786587e-01  4.58786587e-01  3.29708516e-09  3.23835014e-09  3.24079666e-09  4.58786587e-01  3.24426656e-09  1.58701425e-07  5.41696696e-08  1.70000000e-01 
 1.80000000e-01  4.58786585e-01  4.58786585e-01  3.29708527e-09  3.23835025e-09  3.24079666e-09  4.58786585e-01  3.24426656e-09  1.58701421e-07  5.41694174e-08  1.80000000e-01 
 1.90000000e-01  4.58786612e-01  4.58786612e-01  3.29708516e-09  3.23835025e-09  3.24079666e-09  4.58786612e-01  3.24426656e-09  1.58701453e-07  5.41692380e-08  1.90000000e-01 
 2.00000000e-01  4.58786606e-01  4.58786606e-01  3.29708516e-09  3.23835025e-09  3.24079666e-09  4.58786606e-01  3.24426656e-09  1.58701472e-07  5.41691492e-08  2.00000000e-01 
 2.10000000e-01  4.58786605e-01  4.58786605e-01  3.29708527e-09  3.23835014e-09  3.24079666e-09  4.58786605e-01  3.24426656e-09  1.58701461e-07  5.41691421e-08  2.10000000e-01 
 2.20000000e-01  4.58786602e-01  4.58786602e-01  3.29708527e-09  3.23835025e-09  3.24079666e-09  4.58786602e-01  3.24426656e-09  1.58701453e-07  5.41689129e-08  2.20000000e-01 
 2.30000000e-01  4.58786599e-01  4.58786599e-01  3.29708516e-09  3.23835025e-09  3.24079654e-09  4.58786599e-01  3.24426656e-09  1.58701446e-07  5.41686713e-08  2.30000000e-01 
 2.40000000e-01  4.58786602e-01  4.58786602e-01  3.29708516e-09  3.23835014e-09  3.24079666e-09  4.58786602e-01  3.24426656e-09  1.58701453e-07  5.41685221e-08  2.40000000e-01 
 2.50000000e-01  4.58786623e-01  4.58786623e-01  3.29708527e-09  3.23835014e-09  3.24079666e-09  4.58786623e-01  3.24426656e-09  1.58701482e-07  5.41684173e-08  2.50000000e-01 
 2.60000000e-01  4.58786610e-01  4.58786610e-01  3.29708516e-09  3.23835014e-09  3.24079654e-09  4.58786610e-01  3.24426656e-09  1.58701447e-07  5.41682610e-08  2.60000000e-01 
 2.70000000e-01  4.58786606e-01  4.58786606e-01  3.29708516e-09  3.23835014e-09  3.24079666e-09  4.58786606e-01  3.24426656e-09  1.58701445e-07  5.41682450e-08  2.70000000e-01 
 2.80000000e-01  4.58786605e-01  4.58786605e-01  3.29708516e-09  3.23835014e-09  3.24079666e-09  4.58786605e-01  3.24426656e-09  1.58701441e-07  5.41681278e-08  2.80000000e-01 
 2.90000000e-01  4.58786600e-01  4.58786600e-01  3.29708516e-09  3.23835025e-09  3.24079666e-09  4.58786600e-01  3.24426656e-09  1.58701455e-07  5.41678737e-08  2.90000000e-01 
 3.00000000e-01  4.58786611e-01  4.58786611e-01  3.29708516e-09  3.23835025e-09  3.24079666e-09  4.58786611e-01  3.24426656e-09  1.58701468e-07  5.41677849e-08  3.00000000e-01 
 3.10000000e-01  4.58786594e-01  4.58786594e-01  3.29708516e-09  3.23835025e-09  3.24079666e-09  4.58786594e-01  3.24426656e-09  1.58701452e-07  5.41676997e-08  3.10000000e-01 
 3.20000000e-01  4.58786593e-01  4.58786593e-01  3.29708527e-09  3.23835014e-09  3.24079666e-09  4.58786593e-01  3.24426656e-09  1.58701431e-07  5.41675362e-08  3.20000000e-01 
 3.30000000e-01  4.58786565e-01  4.58786565e-01  3.29708516e-09  3.23835025e-09  3.24079654e-09  4.58786565e-01  3.24426656e-09  1.58701386e-07  5.41675114e-08  3.30000000e-01 
 3.40000000e-01  4.58786598e-01  4.58786598e-01  3.29708527e-09  3.23835014e-09  3.24079666e-09  4.58786598e-01  3.24426656e-09  1.58701447e-07  5.41674190e-08  3.40000000e-01 
 3.50000000e-01  4.58786610e-01  4.58786610e-01  3.29708516e-09  3.23835025e-09  3.24079666e-09  4.58786610e-01  3.24426656e-09  1.58701472e-07  5.41674048e-08  3.50000000e-01 
 3.60000000e-01  4.58786588e-01  4.58786588e-01  3.29708527e-09  3.23835014e-09  3.24079654e-09  4.58786588e-01  3.24426656e-09  1.58701425e-07  5.41672911e-08  3.60000000e-01 
 3.70000000e-01  4.58786587e-01  4.58786587e-01  3.29708516e-09  3.23835014e-09  3.24079666e-09  4.58786587e-01  3.24426656e-09  1.58701430e-07  5.41671064e-08  3.70000000e-01 
 3.80000000e-01  4.58786601e-01  4.58786601e-01  3.29708516e-09  3.23835014e-09  3.24079654e-09  4.58786601e-01  3.24426656e-09  1.58701441e-07  5.41672236e-08  3.80000000e-01 
 3.90000000e-01  4.58786607e-01  4.58786607e-01  3.29708527e-09  3.23835025e-09  3.24079666e-09  4.58786607e-01  3.24426656e-09  1.58701464e-07  5.41671419e-08  3.90000000e-01 
 4.00000000e-01  4.58786623e-01  4.58786623e-01  3.29708527e-09  3.23835014e-09  3.24079666e-09  4.58786623e-01  3.24426656e-09  1.58701486e-07  5.41669571e-08  4.00000000e-01 
 4.10000000e-01  4.58786590e-01  4.58786590e-01  3.29708516e-09  3.23835025e-09  3.24079666e-09  4.58786590e-01  3.24426656e-09  1.58701438e-07  5.41669110e-08  4.10000000e-01 
 4.20000000e-01  4.58786619e-01  4.58786619e-01  3.29708516e-09  3.23835014e-09  3.24079666e-09  4.58786619e-01  3.24426656e-09  1.58701483e-07  5.41669216e-08  4.20000000e-01 
 4.30000000e-01  4.58786587e-01  4.58786587e-01  3.29708527e-09  3.23835014e-09  3.24079666e-09  4.58786587e-01  3.24426656e-09  1.58701428e-07  5.41667227e-08  4.30000000e-01 
 4.40000000e-01  4.58786597e-01  4.58786597e-01  3.29708527e-09  3.23835025e-09  3.24079666e-09  4.58786597e-01  3.24426656e-09  1.58701454e-07  5.41665663e-08  4.40000000e-01 
 4.50000000e-01  4.58786619e-01  4.58786619e-01  3.29708527e-09  3.23835025e-09  3.24079666e-09  4.58786619e-01  3.24426656e-09  1.58701482e-07  5.41665806e-08  4.50000000e-01 
 4.60000000e-01  4.58786617e-01  4.58786617e-01  3.29708516e-09  3.23835014e-09  3.24079666e-09  4.58786617e-01  3.24426656e-09  1.58701484e-07  5.41665095e-08  4.60000000e-01 
 4.70000000e-01  4.58786617e-01  4.58786617e-01  3.29708527e-09  3.23835014e-09  3.24079666e-09  4.58786617e-01  3.24426656e-09  1.58701472e-07  5.41663496e-08  4.70000000e-01 
 4.80000000e-01  4.58786607e-01  4.58786607e-01  3.29708516e-09  3.23835025e-09  3.24079654e-09  4.58786607e-01  3.24426656e-09  1.58701450e-07  5.41663958e-08  4.80000000e-01 
 4.90000000e-01  4.58786615e-01  4.58786615e-01  3.29708516e-09  3.23835014e-09  3.24079666e-09  4.58786615e-01  3.24426656e-09  1.58701468e-07  5.41663283e-08  4.90000000e-01 
 5.00000000e-01  4.58786600e-01  4.58786600e-01  3.29708527e-09  3.23835025e-09  3.24079666e-09  4.58786600e-01  3.24426656e-09  1.58701447e-07  5.41662715e-08  5.00000000e-01 
 5.10000000e-01  4.58786596e-01  4.58786596e-01  3.29708516e-09  3.23835014e-09  3.24079654e-09  4.58786596e-01  3.24426667e-09  1.58701448e-07  5.41660654e-08  5.10000000e-01 
 5.20000000e-01  4.58786587e-01  4.58786587e-01  3.29708516e-09  3.23835014e-09  3.24079666e-09  4.58786587e-01  3.24426656e-09  1.58701424e-07  5.41659801e-08  5.20000000e-01 
 5.30000000e-01  4.58786613e-01  4.58786613e-01  3.29708516e-09  3.23835014e-09  3.24079654e-09  4.58786613e-01  3.24426656e-09  1.58701470e-07  5.41660938e-08  5.30000000e-01 
 5.40000000e-01  4.58786612e-01  4.58786612e-01  3.29708516e-09  3.23835014e-09  3.24079654e-09  4.58786612e-01  3.24426656e-09  1.58701468e-07  5.41660086e-08  5.40000000e-01 
 5.50000000e-01  4.58786608e-01  4.58786608e-01  3.29708527e-09  3.23835025e-09  3.24079666e-09  4.58786608e-01  3.24426656e-09  1.58701454e-07  5.41659375e-08  5.50000000e-01 
 5.60000000e-01  4.58786595e-01  4.58786595e-01  3.29708516e-09  3.23835014e-09  3.24079666e-09  4.58786595e-01  3.24426667e-09  1.58701449e-07  5.41657421e-08  5.60000000e-01 
 5.70000000e-01  4.58786618e-01  4.58786618e-01  3.29708527e-09  3.23835014e-09  3.24079666e-09  4.58786618e-01  3.24426656e-09  1.58701475e-07  5.41657386e-08  5.70000000e-01 
 5.80000000e-01  4.58786599e-01  4.58786599e-01  3.29708516e-09  3.23835014e-09  3.24079666e-09  4.58786599e-01  3.24426656e-09  1.58701435e-07  5.41658096e-08  5.80000000e-01 
 5.90000000e-01  4.58786603e-01  4.58786603e-01  3.29708516e-09  3.23835014e-09  3.24079666e-09  4.58786603e-01  3.24426656e-09  1.58701452e-07  5.41657386e-08  5.90000000e-01 
 6.00000000e-01  4.58786592e-01  4.58786592e-01  3.29708516e-09  3.23835014e-09  3.24079666e-09  4.58786592e-01  3.24426656e-09  1.58701440e-07  5.41656178e-08  6.00000000e-01 
 6.10000000e-01  4.58786607e-01  4.58786607e-01  3.29708516e-09  3.23835025e-09  3.24079666e-09  4.58786607e-01  3.24426656e-09  1.58701459e-07  5.41655112e-08  6.10000000e-01 
 6.20000000e-01  4.58786615e-01  4.58786615e-01  3.29708516e-09  3.23835025e-09  3.24079666e-09  4.58786615e-01  3.24426656e-09  1.58701473e-07  5.41655325e-08  6.20000000e-01 
 6.30000000e-01  4.58786624e-01  4.58786624e-01  3.29708527e-09  3.23835025e-09  3.24079666e-09  4.58786624e-01  3.24426656e-09  1.58701490e-07  5.41654828e-08  6.30000000e-01 
 6.40000000e-01  4.58786595e-01  4.58786595e-01  3.29708527e-09  3.23835025e-09  3.24079666e-09  4.58786595e-01  3.24426656e-09  1.58701444e-07  5.41652696e-08  6.40000000e-01 
 6.50000000e-01  4.58786602e-01  4.58786602e-01  3.29708516e-09  3.23835014e-09  3.24079666e-09  4.58786602e-01  3.24426656e-09  1.58701451e-07  5.41652980e-08  6.50000000e-01 
 6.60000000e-01  4.58786623e-01  4.58786623e-01  3.29708516e-09  3.23835014e-09  3.24079666e-09  4.58786623e-01  3.24426656e-09  1.58701479e-07  5.41651346e-08  6.60000000e-01 
 6.70000000e-01  4.58786599e-01  4.58786599e-01  3.29708527e-09  3.23835025e-09  3.24079666e-09  4.58786599e-01  3.24426667e-09  1.58701440e-07  5.41651985e-08  6.70000000e-01 
 6.80000000e-01  4.58786589e-01  4.58786589e-01  3.29708516e-09  3.23835025e-09  3.24079666e-09  4.58786589e-01  3.24426656e-09  1.58701429e-07  5.41650778e-08  6.80000000e-01 
 6.90000000e-01  4.58786605e-01  4.58786605e-01  3.29708516e-09  3.23835014e-09  3.24079666e-09  4.58786605e-01  3.24426656e-09  1.58701463e-07  5.41650138e-08  6.90000000e-01 
 7.00000000e-01  4.58786616e-01  4.58786616e-01  3.29708516e-09  3.23835025e-09  3.24079666e-09  4.58786616e-01  3.24426656e-09  1.58701470e-07  5.41649143e-08  7.00000000e-01 
 7.10000000e-01  4.58786597e-01  4.58786597e-01  3.29708527e-09  3.23835014e-09  3.24079666e-09  4.58786597e-01  3.24426656e-09  1.58701445e-07  5.41648575e-08  7.10000000e-01 
 7.20000000e-01  4.58786585e-01  4.58786585e-01  3.29708516e-09  3.23835025e-09  3.24079666e-09  4.58786585e-01  3.24426656e-09  1.58701428e-07  5.41648646e-08  7.20000000e-01 
 7.30000000e-01  4.58786584e-01  4.58786584e-01  3.29708516e-09  3.23835014e-09  3.24079666e-09  4.58786584e-01  3.24426656e-09  1.58701429e-07  5.41648006e-08  7.30000000e-01 
 7.40000000e-01  4.58786617e-01  4.58786617e-01  3.29708527e-09  3.23835014e-09  3.24079666e-09  4.58786617e-01  3.24426656e-09  1.58701484e-07  5.41647225e-08  7.40000000e-01 
 7.50000000e-01  4.58786604e-01  4.58786604e-01  3.29708516e-09  3.23835014e-09  3.24079666e-09  4.58786604e-01  3.24426656e-09  1.58701452e-07  5.41647651e-08  7.50000000e-01 
 7.60000000e-01  4.58786625e-01  4.58786625e-01  3.29708527e-09  3.23835014e-09  3.24079666e-09  4.58786625e-01  3.24426656e-09  1.58701494e-07  5.41647864e-08  7.60000000e-01 
 7.70000000e-01  4.58786603e-01  4.58786603e-01  3.29708516e-09  3.23835014e-09  3.24079666e-09  4.58786603e-01  3.24426656e-09  1.58701450e-07  5.41644667e-08  7.70000000e-01 
 7.80000000e-01  4.58786599e-01  4.58786599e-01  3.29708527e-09  3.23835014e-09  3.24079666e-09  4.58786599e-01  3.24426656e-09  1.58701440e-07  5.41643885e-08  7.80000000e-01 
 7.90000000e-01  4.58786597e-01  4.58786597e-01  3.29708527e-09  3.23835014e-09  3.24079666e-09  4.58786597e-01  3.24426667e-09  1.58701437e-07  5.41644667e-08  7.90000000e-01 
 8.00000000e-01  4.58786615e-01  4.58786615e-01  3.29708516e-09  3.23835014e-09  3.24079666e-09  4.58786615e-01  3.24426656e-09  1.58701472e-07  5.41644738e-08  8.00000000e-01 
 8.10000000e-01  4.58786607e-01  4.58786607e-01  3.29708516e-09  3.23835014e-09  3.24079666e-09  4.58786607e-01  3.24426656e-09  1.58701456e-07  5.41643388e-08  8.10000000e-01 
 8.20000000e-01  4.58786597e-01  4.58786597e-01  3.29708516e-09  3.23835025e-09  3.24079654e-09  4.58786597e-01  3.24426667e-09  1.58701438e-07  5.41641541e-08  8.20000000e-01 
 8.30000000e-01  4.58786602e-01  4.58786602e-01  3.29708527e-09  3.23835014e-09  3.24079654e-09  4.58786602e-01  3.24426656e-09  1.58701446e-07  5.41642464e-08  8.30000000e-01 
 8.40000000e-01  4.58786613e-01  4.58786613e-01  3.29708527e-09  3.23835014e-09  3.24079666e-09  4.58786613e-01  3.24426656e-09  1.58701461e-07  5.41641114e-08  8.40000000e-01 
 8.50000000e-01  4.58786586e-01  4.58786586e-01  3.29708527e-09  3.23835014e-09  3.24079666e-09  4.58786586e-01  3.24426656e-09  1.58701426e-07  5.41641043e-08  8.50000000e-01 
 8.60000000e-01  4.58786590e-01  4.58786590e-01  3.29708516e-09  3.23835025e-09  3.24079666e-09  4.58786590e-01  3.24426656e-09  1.58701436e-07  5.41640546e-08  8.60000000e-01 
 8.70000000e-01  4.58786608e-01  4.58786608e-01  3.29708527e-09  3.23835014e-09  3.24079666e-09  4.58786608e-01  3.24426656e-09  1.58701452e-07  5.41638840e-08  8.70000000e-01 
 8.80000000e-01  4.58786604e-01  4.58786604e-01  3.29708516e-09  3.23835014e-09  3.24079666e-09  4.58786604e-01  3.24426656e-09  1.58701449e-07  5.41638485e-08  8.80000000e-01 
 8.90000000e-01  4.58786599e-01  4.58786599e-01  3.29708516e-09  3.23835014e-09  3.24079654e-09  4.58786599e-01  3.24426656e-09  1.58701442e-07  5.41638983e-08  8.90000000e-01 
 9.00000000e-01  4.58786601e-01  4.58786601e-01  3.29708527e-09  3.23835014e-09  3.24079666e-09  4.58786601e-01  3.24426656e-09  1.58701456e-07  5.41638627e-08  9.00000000e-01 
 9.10000000e-01  4.58786606e-01  4.58786606e-01  3.29708527e-09  3.23835014e-09  3.24079654e-09  4.58786606e-01  3.24426656e-09  1.58701455e-07  5.41638698e-08  9.10000000e-01 
 9.20000000e-01  4.58786617e-01  4.58786617e-01  3.29708516e-09  3.23835014e-09  3.24079666e-09  4.58786617e-01  3.24426656e-09  1.58701467e-07  5.41636993e-08  9.20000000e-01 
 9.30000000e-01  4.58786622e-01  4.58786623e-01  3.29708527e-09  3.23835025e-09  3.24079666e-09  4.58786623e-01  3.24426656e-09  1.58701480e-07  5.41636922e-08  9.30000000e-01 
 9.40000000e-01  4.58786620e-01  4.58786620e-01  3.29708516e-09  3.23835025e-09  3.24079666e-09  4.58786620e-01  3.24426656e-09  1.58701487e-07  5.41634577e-08  9.40000000e-01 
 9.50000000e-01  4.58786615e-01  4.58786615e-01  3.29708516e-09  3.23835014e-09  3.24079666e-09  4.58786615e-01  3.24426656e-09  1.58701472e-07  5.41634080e-08  9.50000000e-01 
 9.60000000e-01  4.58786605e-01  4.58786605e-01  3.29708516e-09  3.23835025e-09  3.24079666e-09  4.58786605e-01  3.24426656e-09  1.58701455e-07  5.41634435e-08  9.60000000e-01 
 9.70000000e-01  4.58786609e-01  4.58786609e-01  3.29708527e-09  3.23835014e-09  3.24079666e-09  4.58786609e-01  3.24426656e-09  1.58701458e-07  5.41632872e-08  9.70000000e-01 
 9.80000000e-01  4.58786600e-01  4.58786600e-01  3.29708516e-09  3.23835014e-09  3.24079666e-09  4.58786600e-01  3.24426656e-09  1.58701442e-07  5.41633369e-08  9.80000000e-01 
 9.90000000e-01  4.58786620e-01  4.58786620e-01  3.29708527e-09  3.23835025e-09  3.24079654e-09  4.58786620e-01  3.24426656e-09  1.58701468e-07  5.41632801e-08  9.90000000e-01 
 1.00000000e+00  4.58786617e-01  4.58786617e-01  3.29708516e-09  3.23835014e-09  3.24079654e-09  4.58786617e-01  3.24426656e-09  1.58701473e-07  5.41632232e-08  1.00000000e+00 
 1.01000000e+00  4.58786602e-01  4.58786602e-01  3.29708527e-09  3.23835025e-09  3.24079666e-09  4.58786602e-01  3.24426656e-09  1.58701455e-07  5.41631024e-08  1.01000000e+00 
 1.02000000e+00  4.58786610e-01  4.58786610e-01  3.29708527e-09  3.23835014e-09  3.24079666e-09  4.58786610e-01  3.24426656e-09  1.58701455e-07  5.41629959e-08  1.02000000e+00 
 1.03000000e+00  4.58786598e-01  4.58786598e-01  3.29708516e-09  3.23835025e-09  3.24079666e-09  4.58786598e-01  3.24426656e-09  1.58701461e-07  5.41629106e-08  1.03000000e+00 
 1.04000000e+00  4.58786611e-01  4.58786611e-01  3.29708527e-09  3.23835025e-09  3.24079666e-09  4.58786611e-01  3.24426656e-09  1.58701479e-07  5.41628395e-08  1.04000000e+00 
 1.05000000e+00  4.58786598e-01  4.58786598e-01  3.29708516e-09  3.23835014e-09  3.24079654e-09  4.58786598e-01  3.24426656e-09  1.58701455e-07  5.41628253e-08  1.05000000e+00 
 1.06000000e+00  4.58786605e-01  4.58786605e-01  3.29708516e-09  3.23835014e-09  3.24079666e-09  4.58786605e-01  3.24426656e-09  1.58701448e-07  5.41628253e-08  1.06000000e+00 
 1.07000000e+00  4.58786594e-01  4.58786594e-01  3.29708527e-09  3.23835025e-09  3.24079666e-09  4.58786594e-01  3.24426656e-09  1.58701430e-07  5.41626619e-08  1.07000000e+00 
 1.08000000e+00  4.58786613e-01  4.58786613e-01  3.29708516e-09  3.23835014e-09  3.24079666e-09  4.58786613e-01  3.24426656e-09  1.58701465e-07  5.41626477e-08  1.08000000e+00 
 1.09000000e+00  4.58786594e-01  4.58786594e-01  3.29708527e-09  3.23835025e-09  3.24079666e-09  4.58786594e-01  3.24426656e-09  1.58701433e-07  5.41625411e-08  1.09000000e+00 
 1.10000000e+00  4.58786614e-01  4.58786614e-01  3.29708527e-09  3.23835014e-09  3.24079666e-09  4.58786614e-01  3.24426656e-09  1.58701486e-07  5.41625198e-08  1.10000000e+00 
 1.11000000e+00  4.58786593e-01  4.58786593e-01  3.29708516e-09  3.23835025e-09  3.24079666e-09  4.58786593e-01  3.24426656e-09  1.58701438e-07  5.41624487e-08  1.11000000e+00 
 1.12000000e+00  4.58786576e-01  4.58786576e-01  3.29708516e-09  3.23835025e-09  3.24079666e-09  4.58786576e-01  3.24426656e-09  1.58701417e-07  5.41622782e-08  1.12000000e+00 
 1.13000000e+00  4.58786618e-01  4.58786618e-01  3.29708516e-09  3.23835025e-09  3.24079666e-09  4.58786618e-01  3.24426656e-09  1.58701482e-07  5.41623351e-08  1.13000000e+00 
 1.14000000e+00  4.58786604e-01  4.58786604e-01  3.29708527e-09  3.23835014e-09  3.24079666e-09  4.58786604e-01  3.24426667e-09  1.58701455e-07  5.41622356e-08  1.14000000e+00 
 1.15000000e+00  4.58786620e-01  4.58786620e-01  3.29708527e-09  3.23835025e-09  3.24079666e-09  4.58786620e-01  3.24426656e-09  1.58701473e-07  5.41621930e-08  1.15000000e+00 
 1.16000000e+00  4.58786601e-01  4.58786601e-01  3.29708527e-09  3.23835025e-09  3.24079666e-09  4.58786601e-01  3.24426656e-09  1.58701454e-07  5.41621432e-08  1.16000000e+00 
 1.17000000e+00  4.58786583e-01  4.58786583e-01  3.29708516e-09  3.23835025e-09  3.24079666e-09  4.58786583e-01  3.24426656e-09  1.58701415e-07  5.41620011e-08  1.17000000e+00 
 1.18000000e+00  4.58786598e-01  4.58786598e-01  3.29708516e-09  3.23835025e-09  3.24079654e-09  4.58786598e-01  3.24426656e-09  1.58701443e-07  5.41619016e-08  1.18000000e+00 
 1.19000000e+00  4.58786593e-01  4.58786593e-01  3.29708527e-09  3.23835014e-09  3.24079666e-09  4.58786593e-01  3.24426656e-09  1.58701449e-07  5.41617737e-08  1.19000000e+00 
 1.20000000e+00  4.58786594e-01  4.58786594e-01  3.29708527e-09  3.23835014e-09  3.24079666e-09  4.58786594e-01  3.24426656e-09  1.58701430e-07  5.41617737e-08  1.20000000e+00 
 1.21000000e+00  4.58786608e-01  4.58786608e-01  3.29708527e-09  3.23835014e-09  3.24079666e-09  4.58786608e-01  3.24426656e-09  1.58701461e-07  5.41617453e-08  1.21000000e+00 
 1.22000000e+00  4.58786615e-01  4.58786615e-01  3.29708516e-09  3.23835014e-09  3.24079666e-09  4.58786615e-01  3.24426656e-09  1.58701475e-07  5.41616032e-08  1.22000000e+00 
 1.23000000e+00  4.58786611e-01  4.58786611e-01  3.29708527e-09  3.23835014e-09  3.24079666e-09  4.58786611e-01  3.24426656e-09  1.58701463e-07  5.41615748e-08  1.23000000e+00 
 1.24000000e+00  4.58786598e-01  4.58786598e-01  3.29708527e-09  3.23835025e-09  3.24079666e-09  4.58786598e-01  3.24426656e-09  1.58701444e-07  5.41615464e-08  1.24000000e+00 
 1.25000000e+00  4.58786597e-01  4.58786597e-01  3.29708527e-09  3.23835014e-09  3.24079666e-09  4.58786597e-01  3.24426656e-09  1.58701439e-07  5.41613758e-08  1.25000000e+00 
 1.26000000e+00  4.58786622e-01  4.58786622e-01  3.29708516e-09  3.23835014e-09  3.24079666e-09  4.58786622e-01  3.24426656e-09  1.58701477e-07  5.41612479e-08  1.26000000e+00 
 1.27000000e+00  4.58786614e-01  4.58786614e-01  3.29708516e-09  3.23835025e-09  3.24079654e-09  4.58786614e-01  3.24426656e-09  1.58701471e-07  5.41613048e-08  1.27000000e+00 
 1.28000000e+00  4.58786608e-01  4.58786608e-01  3.29708516e-09  3.23835014e-09  3.24079666e-09  4.58786608e-01  3.24426656e-09  1.58701461e-07  5.41612195e-08  1.28000000e+00 
 1.29000000e+00  4.58786588e-01  4.58786589e-01  3.29708527e-09  3.23835025e-09  3.24079666e-09  4.58786589e-01  3.24426656e-09  1.58701438e-07  5.41611200e-08  1.29000000e+00 
 1.30000000e+00  4.58786602e-01  4.58786602e-01  3.29708516e-09  3.23835014e-09  3.24079666e-09  4.58786602e-01  3.24426656e-09  1.58701449e-07  5.41609637e-08  1.30000000e+00 
 1.31000000e+00  4.58786624e-01  4.58786624e-01  3.29708527e-09  3.23835014e-09  3.24079666e-09  4.58786624e-01  3.24426656e-09  1.58701492e-07  5.41609069e-08  1.31000000e+00 
 1.32000000e+00  4.58786594e-01  4.58786594e-01  3.29708516e-09  3.23835025e-09  3.24079666e-09  4.58786594e-01  3.24426656e-09  1.58701444e-07  5.41607790e-08  1.32000000e+00 
 1.33000000e+00  4.58786610e-01  4.58786610e-01  3.29708527e-09  3.23835014e-09  3.24079666e-09  4.58786610e-01  3.24426667e-09  1.58701472e-07  5.41607079e-08  1.33000000e+00 
 1.34000000e+00  4.58786595e-01  4.58786595e-01  3.29708516e-09  3.23835025e-09  3.24079654e-09  4.58786595e-01  3.24426656e-09  1.58701445e-07  5.41608074e-08  1.34000000e+00 
 1.35000000e+00  4.58786616e-01  4.58786616e-01  3.29708516e-09  3.23835014e-09  3.24079666e-09  4.58786616e-01  3.24426656e-09  1.58701481e-07  5.41607079e-08  1.35000000e+00 
 1.36000000e+00  4.58786605e-01  4.58786605e-01  3.29708516e-09  3.23835014e-09  3.24079666e-09  4.58786605e-01  3.24426656e-09  1.58701455e-07  5.41605800e-08  1.36000000e+00 
 1.37000000e+00  4.58786607e-01  4.58786607e-01  3.29708516e-09  3.23835025e-09  3.24079666e-09  4.58786607e-01  3.24426656e-09  1.58701447e-07  5.41604379e-08  1.37000000e+00 
 1.38000000e+00  4.58786612e-01  4.58786612e-01  3.29708527e-09  3.23835014e-09  3.24079654e-09  4.58786612e-01  3.24426656e-09  1.58701471e-07  5.41602390e-08  1.38000000e+00 
 1.39000000e+00  4.58786602e-01  4.58786603e-01  3.29708516e-09  3.23835025e-09  3.24079666e-09  4.58786603e-01  3.24426656e-09  1.58701445e-07  5.41602105e-08  1.39000000e+00 
 1.40000000e+00  4.58786606e-01  4.58786607e-01  3.29708527e-09  3.23835014e-09  3.24079654e-09  4.58786607e-01  3.24426656e-09  1.58701451e-07  5.41601253e-08  1.40000000e+00 
 1.41000000e+00  4.58786606e-01  4.58786606e-01  3.29708516e-09  3.23835014e-09  3.24079666e-09  4.58786606e-01  3.24426656e-09  1.58701464e-07  5.41600258e-08  1.41000000e+00 
 1.42000000e+00  4.58786598e-01  4.58786598e-01  3.29708516e-09  3.23835014e-09  3.24079666e-09  4.58786598e-01  3.24426656e-09  1.58701448e-07  5.41597984e-08  1.42000000e+00 
 1.43000000e+00  4.58786606e-01  4.58786606e-01  3.29708516e-09  3.23835025e-09  3.24079666e-09  4.58786606e-01  3.24426656e-09  1.58701453e-07  5.41598695e-08  1.43000000e+00 
 1.44000000e+00  4.58786613e-01  4.58786613e-01  3.29708527e-09  3.23835025e-09  3.24079666e-09  4.58786613e-01  3.24426667e-09  1.58701457e-07  5.41596137e-08  1.44000000e+00 
 1.45000000e+00  4.58786611e-01  4.58786611e-01  3.29708527e-09  3.23835014e-09  3.24079666e-09  4.58786611e-01  3.24426656e-09  1.58701468e-07  5.41595426e-08  1.45000000e+00 
 1.46000000e+00  4.58786607e-01  4.58786607e-01  3.29708516e-09  3.23835025e-09  3.24079666e-09  4.58786607e-01  3.24426656e-09  1.58701463e-07  5.41594005e-08  1.46000000e+00 
 1.47000000e+00  4.58786614e-01  4.58786614e-01  3.29708527e-09  3.23835014e-09  3.24079666e-09  4.58786614e-01  3.24426656e-09  1.58701460e-07  5.41591589e-08  1.47000000e+00 
 1.48000000e+00  4.58786615e-01  4.58786615e-01  3.29708527e-09  3.23835025e-09  3.24079654e-09  4.58786615e-01  3.24426667e-09  1.58701458e-07  5.41589174e-08  1.48000000e+00 
 1.49000000e+00  4.58786598e-01  4.58786598e-01  3.29708527e-09  3.23835025e-09  3.24079666e-09  4.58786598e-01  3.24426656e-09  1.58701441e-07  5.41587895e-08  1.49000000e+00 
 1.50000000e+00  4.58786605e-01  4.58786605e-01  3.29708516e-09  3.23835025e-09  3.24079666e-09  4.58786605e-01  3.24426656e-09  1.58701456e-07  5.41585479e-08  1.50000000e+00 
 1.51000000e+00  4.58786604e-01  4.58786604e-01  3.29708527e-09  3.23835014e-09  3.24079666e-09  4.58786604e-01  3.24426656e-09  1.58701450e-07  5.41582494e-08  1.51000000e+00 
 1.52000000e+00  4.58786608e-01  4.58786608e-01  3.29708527e-09  3.23835025e-09  3.24079666e-09  4.58786608e-01  3.24426667e-09  1.58701475e-07  5.41579510e-08  1.52000000e+00 
 1.53000000e+00  4.58786604e-01  4.58786604e-01  3.29708516e-09  3.23835025e-09  3.24079654e-09  4.58786604e-01  3.24426656e-09  1.58701453e-07  5.41575105e-08  1.53000000e+00 
 1.54000000e+00  4.58786609e-01  4.58786609e-01  3.29708527e-09  3.23835025e-09  3.24079666e-09  4.58786609e-01  3.24426656e-09  1.58701473e-07  5.41570131e-08  1.54000000e+00 
 1.55000000e+00  4.58786607e-01  4.58786607e-01  3.29708516e-09  3.23835014e-09  3.24079666e-09  4.58786607e-01  3.24426656e-09  1.58701451e-07  5.41563026e-08  1.55000000e+00 
 1.56000000e+00  4.58786610e-01  4.58786610e-01  3.29708516e-09  3.23835025e-09  3.24079666e-09  4.58786610e-01  3.24426656e-09  1.58701470e-07  5.41555920e-08  1.56000000e+00 
 1.57000000e+00  4.58786617e-01  4.58786617e-01  3.29708516e-09  3.23835014e-09  3.24079666e-09  4.58786617e-01  3.24426656e-09  1.58701475e-07  5.41543699e-08  1.57000000e+00 
 1.58000000e+00  4.58786629e-01  4.58786629e-01  3.29708516e-09  3.23835014e-09  3.24079666e-09  4.58786629e-01  3.24426656e-09  1.58701487e-07  5.41526362e-08  1.58000000e+00 
 1.59000000e+00  4.58786580e-01  4.58786580e-01  3.29708516e-09  3.23835014e-09  3.24079666e-09  4.58786580e-01  3.24426656e-09  1.58701424e-07  5.41499503e-08  1.59000000e+00 
 1.60000000e+00  4.58786595e-01  4.58786595e-01  3.29708516e-09  3.23835014e-09  3.24079666e-09  4.58786595e-01  3.24426656e-09  1.58701451e-07  5.41456160e-08  1.60000000e+00 
 1.61000000e+00  4.58786622e-01  4.58786622e-01  3.29708527e-09  3.23835014e-09  3.24079654e-09  4.58786622e-01  3.24426656e-09  1.58701497e-07  5.41383116e-08  1.61000000e+00 
 1.62000000e+00  4.58786603e-01  4.58786603e-01  3.29708516e-09  3.23835025e-09  3.24079666e-09  4.58786603e-01  3.24426656e-09  1.58701434e-07  5.41248397e-08  1.62000000e+00 
 1.63000000e+00  4.58786601e-01  4.58786601e-01  3.29708516e-09  3.23835025e-09  3.24079666e-09  4.58786601e-01  3.24426656e-09  1.58701450e-07  5.41002123e-08  1.63000000e+00 
 1.64000000e+00  4.58786591e-01  4.58786591e-01  3.29708527e-09  3.23835014e-09  3.24079666e-09  4.58786591e-01  3.24426656e-09  1.58701439e-07  5.40530465e-08  1.64000000e+00 
 1.65000000e+00  4.58786613e-01  4.58786613e-01  3.29708527e-09  3.23835014e-09  3.24079666e-09  4.58786613e-01  3.24426656e-09  1.58701459e-07  5.39528173e-08  1.65000000e+00 
 1.66000000e+00  4.58786608e-01  4.58786608e-01  3.29708527e-09  3.23835025e-09  3.24079654e-09  4.58786608e-01  3.24426667e-09  1.58701457e-07  5.34373896e-08  1.66000000e+00 
 1.67000000e+00  4.58786602e-01  4.58786602e-01  3.29708516e-09  3.23835025e-09  3.24079666e-09  4.58786602e-01  3.24426656e-09  1.58701456e-07  5.18679570e-08  1.67000000e+00 
 1.68000000e+00  4.58786615e-01  4.58786615e-01  3.29708516e-09  3.23835014e-09  3.24079666e-09  4.58786615e-01  3.24426656e-09  1.58701464e-07  4.42164492e-08  1.68000000e+00 
 1.69000000e+00  4.58786597e-01  4.58786597e-01  3.29708527e-09  3.23835025e-09  3.24079666e-09  4.58786597e-01  3.24426656e-09  1.58701438e-07  3.50196814e-08  1.69000000e+00 
 1.70000000e+00  4.58786618e-01  4.58786618e-01  3.29708527e-09  3.23835014e-09  3.24079666e-09  4.58786618e-01  3.24426656e-09  1.58701481e-07  2.74521312e-08  1.70000000e+00 
 1.71000000e+00  4.58786615e-01  4.58786615e-01  3.29708516e-09  3.23835014e-09  3.24079654e-09  4.58786615e-01  3.24426656e-09  1.58701487e-07  2.12515801e-08  1.71000000e+00 
 1.72000000e+00  4.58786616e-01  4.58786616e-01  3.29708516e-09  3.23835025e-09  3.24079666e-09  4.58786616e-01  3.24426656e-09  1.58701472e-07  1.61862346e-08  1.72000000e+00 
 1.73000000e+00  4.58786620e-01  4.58786620e-01  3.29708527e-09  3.23835025e-09  3.24079666e-09  4.58786620e-01  3.24426656e-09  1.58701473e-07  1.20547412e-08  1.73000000e+00 
 1.74000000e+00  4.58786593e-01  4.58786593e-01  3.29708516e-09  3.23835014e-09  3.24079654e-09  4.58786593e-01  3.24426656e-09  1.58701436e-07  8.68257644e-09  1.74000000e+00 
 1.75000000e+00  4.58786582e-01  4.58786582e-01  3.29708527e-09  3.23835014e-09  3.24079654e-09  4.58786582e-01  3.24426656e-09  1.58701432e-07  5.91842308e-09  1.75000000e+00 
 1.76000000e+00  4.58786622e-01  4.58786622e-01  3.29708516e-09  3.23835025e-09  3.24079666e-09  4.58786622e-01  3.24426656e-09  1.58701471e-07  3.63270658e-09  1.76000000e+00 
 1.77000000e+00  4.58786609e-01  4.58786609e-01  3.29708527e-09  3.23835014e-09  3.24079666e-09  4.58786609e-01  3.24426656e-09  1.58701466e-07  1.72369141e-09  1.77000000e+00 
 1.78000000e+00  4.58786585e-01  4.58786585e-01  3.29708516e-09  3.23835025e-09  3.24079666e-09  4.58786585e-01  3.24426656e-09  1.58701422e-07  1.29233513e-10  1.78000000e+00 
 1.79000000e+00  4.58786597e-01  4.58786597e-01  3.29708516e-09  3.23835014e-09  3.24079666e-09  4.58786597e-01  3.24426656e-09  1.58701445e-07 -1.17070442e-09  1.79000000e+00 
 1.80000000e+00  4.58786602e-01  4.58786602e-01  3.29708527e-09  3.23835025e-09  3.24079666e-09  4.58786602e-01  3.24426656e-09  1.58701451e-07 -2.17478657e-09  1.80000000e+00 
