 v-sweep         v(b0)           v(b1)           v(b2)           v(b3)           v(b4)           v(b5)           v(b6)           i(vbias)        i(viout)        v(vout)        
 0.00000000e+00  3.34558760e-09  3.36347676e-09  3.50471382e-09  4.58294298e-01  3.24126869e-09  4.58294298e-01  4.58294299e-01  1.58306574e-07  1.60988477e-07  0.00000000e+00 
 1.00000000e-02  3.34558756e-09  3.36347679e-09  3.50471384e-09  4.58294291e-01  3.24126872e-09  4.58294291e-01  4.58294291e-01  1.58306567e-07  1.60987874e-07  1.00000000e-02 
 2.00000000e-02  3.34558757e-09  3.36347680e-09  3.50471384e-09  4.58294314e-01  3.24126872e-09  4.58294314e-01  4.58294314e-01  1.58306600e-07  1.60987430e-07  2.00000000e-02 
 3.00000000e-02  3.34558762e-09  3.36347674e-09  3.50471379e-09  4.58294300e-01  3.24126866e-09  4.58294300e-01  4.58294300e-01  1.58306582e-07  1.60987164e-07  3.00000000e-02 
 4.00000000e-02  3.34558757e-09  3.36347680e-09  3.50471380e-09  4.58294305e-01  3.24126872e-09  4.58294305e-01  4.58294305e-01  1.58306583e-07  1.60986710e-07  4.00000000e-02 
 5.00000000e-02  3.34558757e-09  3.36347674e-09  3.50471384e-09  4.58294308e-01  3.24126872e-09  4.58294308e-01  4.58294308e-01  1.58306590e-07  1.60986199e-07  5.00000000e-02 
 6.00000000e-02  3.34558757e-09  3.36347674e-09  3.50471384e-09  4.58294310e-01  3.24126866e-09  4.58294310e-01  4.58294310e-01  1.58306587e-07  1.60986003e-07  6.00000000e-02 
 7.00000000e-02  3.34558757e-09  3.36347680e-09  3.50471384e-09  4.58294328e-01  3.24126872e-09  4.58294328e-01  4.58294329e-01  1.58306613e-07  1.60985703e-07  7.00000000e-02 
 8.00000000e-02  3.34558756e-09  3.36347679e-09  3.50471384e-09  4.58294287e-01  3.24126872e-09  4.58294286e-01  4.58294287e-01  1.58306558e-07  1.60985145e-07  8.00000000e-02 
 9.00000000e-02  3.34558762e-09  3.36347680e-09  3.50471384e-09  4.58294301e-01  3.24126866e-09  4.58294301e-01  4.58294301e-01  1.58306585e-07  1.60985000e-07  9.00000000e-02 
 1.00000000e-01  3.34558756e-09  3.36347674e-09  3.50471384e-09  4.58294285e-01  3.24126872e-09  4.58294285e-01  4.58294285e-01  1.58306551e-07  1.60984601e-07  1.00000000e-01 
 1.10000000e-01  3.34558757e-09  3.36347680e-09  3.50471384e-09  4.58294315e-01  3.24126872e-09  4.58294315e-01  4.58294315e-01  1.58306596e-07  1.60984372e-07  1.10000000e-01 
 1.20000000e-01  3.34558756e-09  3.36347679e-09  3.50471378e-09  4.58294293e-01  3.24126866e-09  4.58294293e-01  4.58294293e-01  1.58306580e-07  1.60984058e-07  1.20000000e-01 
 1.30000000e-01  3.34558756e-09  3.36347674e-09  3.50471385e-09  4.58294286e-01  3.24126872e-09  4.58294286e-01  4.58294286e-01  1.58306559e-07  1.60983670e-07  1.30000000e-01 
 1.40000000e-01  3.34558762e-09  3.36347674e-09  3.50471384e-09  4.58294288e-01  3.24126872e-09  4.58294288e-01  4.58294288e-01  1.58306568e-07  1.60983561e-07  1.40000000e-01 
 1.50000000e-01  3.34558762e-09  3.36347674e-09  3.50471384e-09  4.58294287e-01  3.24126866e-09  4.58294287e-01  4.58294287e-01  1.58306561e-07  1.60983145e-07  1.50000000e-01 
 1.60000000e-01  3.34558756e-09  3.36347674e-09  3.50471378e-09  4.58294295e-01  3.24126866e-09  4.58294295e-01  4.58294295e-01  1.58306576e-07  1.60982925e-07  1.60000000e-01 
 1.70000000e-01  3.34558757e-09  3.36347680e-09  3.50471385e-09  4.58294308e-01  3.24126866e-09  4.58294307e-01  4.58294308e-01  1.58306572e-07  1.60982772e-07  1.70000000e-01 
 1.80000000e-01  3.34558762e-09  3.36347674e-09  3.50471384e-09  4.58294323e-01  3.24126866e-09  4.58294323e-01  4.58294323e-01  1.58306615e-07  1.60982667e-07  1.80000000e-01 
 1.90000000e-01  3.34558756e-09  3.36347680e-09  3.50471384e-09  4.58294299e-01  3.24126866e-09  4.58294299e-01  4.58294300e-01  1.58306580e-07  1.60982379e-07  1.90000000e-01 
 2.00000000e-01  3.34558762e-09  3.36347680e-09  3.50471379e-09  4.58294310e-01  3.24126866e-09  4.58294310e-01  4.58294311e-01  1.58306599e-07  1.60982218e-07  2.00000000e-01 
 2.10000000e-01  3.34558756e-09  3.36347680e-09  3.50471385e-09  4.58294303e-01  3.24126872e-09  4.58294303e-01  4.58294303e-01  1.58306573e-07  1.60981960e-07  2.10000000e-01 
 2.20000000e-01  3.34558762e-09  3.36347674e-09  3.50471384e-09  4.58294302e-01  3.24126866e-09  4.58294302e-01  4.58294302e-01  1.58306574e-07  1.60981791e-07  2.20000000e-01 
 2.30000000e-01  3.34558757e-09  3.36347680e-09  3.50471384e-09  4.58294314e-01  3.24126866e-09  4.58294314e-01  4.58294314e-01  1.58306594e-07  1.60981548e-07  2.30000000e-01 
 2.40000000e-01  3.34558756e-09  3.36347674e-09  3.50471384e-09  4.58294288e-01  3.24126872e-09  4.58294288e-01  4.58294288e-01  1.58306565e-07  1.60981308e-07  2.40000000e-01 
 2.50000000e-01  3.34558756e-09  3.36347680e-09  3.50471384e-09  4.58294301e-01  3.24126866e-09  4.58294301e-01  4.58294301e-01  1.58306580e-07  1.60981068e-07  2.50000000e-01 
 2.60000000e-01  3.34558756e-09  3.36347674e-09  3.50471378e-09  4.58294288e-01  3.24126866e-09  4.58294288e-01  4.58294288e-01  1.58306556e-07  1.60980960e-07  2.60000000e-01 
 2.70000000e-01  3.34558757e-09  3.36347680e-09  3.50471380e-09  4.58294310e-01  3.24126872e-09  4.58294310e-01  4.58294310e-01  1.58306586e-07  1.60980949e-07  2.70000000e-01 
 2.80000000e-01  3.34558757e-09  3.36347674e-09  3.50471384e-09  4.58294311e-01  3.24126866e-09  4.58294311e-01  4.58294312e-01  1.58306585e-07  1.60980669e-07  2.80000000e-01 
 2.90000000e-01  3.34558762e-09  3.36347679e-09  3.50471384e-09  4.58294268e-01  3.24126872e-09  4.58294268e-01  4.58294268e-01  1.58306533e-07  1.60980445e-07  2.90000000e-01 
 3.00000000e-01  3.34558757e-09  3.36347674e-09  3.50471384e-09  4.58294308e-01  3.24126872e-09  4.58294308e-01  4.58294308e-01  1.58306579e-07  1.60980331e-07  3.00000000e-01 
 3.10000000e-01  3.34558762e-09  3.36347675e-09  3.50471379e-09  4.58294342e-01  3.24126872e-09  4.58294342e-01  4.58294342e-01  1.58306650e-07  1.60980395e-07  3.10000000e-01 
 3.20000000e-01  3.34558757e-09  3.36347680e-09  3.50471384e-09  4.58294304e-01  3.24126872e-09  4.58294304e-01  4.58294304e-01  1.58306588e-07  1.60980072e-07  3.20000000e-01 
 3.30000000e-01  3.34558756e-09  3.36347673e-09  3.50471378e-09  4.58294271e-01  3.24126866e-09  4.58294271e-01  4.58294271e-01  1.58306532e-07  1.60979887e-07  3.30000000e-01 
 3.40000000e-01  3.34558757e-09  3.36347680e-09  3.50471380e-09  4.58294312e-01  3.24126872e-09  4.58294312e-01  4.58294312e-01  1.58306577e-07  1.60979866e-07  3.40000000e-01 
 3.50000000e-01  3.34558757e-09  3.36347680e-09  3.50471384e-09  4.58294312e-01  3.24126872e-09  4.58294312e-01  4.58294312e-01  1.58306595e-07  1.60979720e-07  3.50000000e-01 
 3.60000000e-01  3.34558756e-09  3.36347680e-09  3.50471384e-09  4.58294298e-01  3.24126872e-09  4.58294298e-01  4.58294299e-01  1.58306564e-07  1.60979521e-07  3.60000000e-01 
 3.70000000e-01  3.34558757e-09  3.36347674e-09  3.50471384e-09  4.58294309e-01  3.24126872e-09  4.58294309e-01  4.58294309e-01  1.58306596e-07  1.60979486e-07  3.70000000e-01 
 3.80000000e-01  3.34558757e-09  3.36347674e-09  3.50471379e-09  4.58294316e-01  3.24126872e-09  4.58294316e-01  4.58294316e-01  1.58306593e-07  1.60979262e-07  3.80000000e-01 
 3.90000000e-01  3.34558757e-09  3.36347674e-09  3.50471384e-09  4.58294305e-01  3.24126872e-09  4.58294305e-01  4.58294305e-01  1.58306585e-07  1.60979202e-07  3.90000000e-01 
 4.00000000e-01  3.34558756e-09  3.36347680e-09  3.50471384e-09  4.58294297e-01  3.24126872e-09  4.58294297e-01  4.58294297e-01  1.58306574e-07  1.60979020e-07  4.00000000e-01 
 4.10000000e-01  3.34558762e-09  3.36347674e-09  3.50471384e-09  4.58294319e-01  3.24126866e-09  4.58294319e-01  4.58294319e-01  1.58306614e-07  1.60978903e-07  4.10000000e-01 
 4.20000000e-01  3.34558762e-09  3.36347679e-09  3.50471378e-09  4.58294292e-01  3.24126872e-09  4.58294292e-01  4.58294293e-01  1.58306561e-07  1.60978789e-07  4.20000000e-01 
 4.30000000e-01  3.34558756e-09  3.36347680e-09  3.50471385e-09  4.58294298e-01  3.24126866e-09  4.58294298e-01  4.58294298e-01  1.58306584e-07  1.60978630e-07  4.30000000e-01 
 4.40000000e-01  3.34558757e-09  3.36347680e-09  3.50471384e-09  4.58294318e-01  3.24126866e-09  4.58294318e-01  4.58294318e-01  1.58306605e-07  1.60978566e-07  4.40000000e-01 
 4.50000000e-01  3.34558756e-09  3.36347674e-09  3.50471378e-09  4.58294284e-01  3.24126872e-09  4.58294284e-01  4.58294284e-01  1.58306564e-07  1.60978328e-07  4.50000000e-01 
 4.60000000e-01  3.34558757e-09  3.36347680e-09  3.50471380e-09  4.58294310e-01  3.24126872e-09  4.58294310e-01  4.58294310e-01  1.58306597e-07  1.60978345e-07  4.60000000e-01 
 4.70000000e-01  3.34558762e-09  3.36347680e-09  3.50471378e-09  4.58294313e-01  3.24126866e-09  4.58294313e-01  4.58294314e-01  1.58306598e-07  1.60978132e-07  4.70000000e-01 
 4.80000000e-01  3.34558757e-09  3.36347674e-09  3.50471380e-09  4.58294309e-01  3.24126872e-09  4.58294309e-01  4.58294309e-01  1.58306581e-07  1.60978097e-07  4.80000000e-01 
 4.90000000e-01  3.34558757e-09  3.36347680e-09  3.50471384e-09  4.58294313e-01  3.24126872e-09  4.58294313e-01  4.58294314e-01  1.58306593e-07  1.60978036e-07  4.90000000e-01 
 5.00000000e-01  3.34558757e-09  3.36347680e-09  3.50471384e-09  4.58294334e-01  3.24126872e-09  4.58294334e-01  4.58294335e-01  1.58306627e-07  1.60977894e-07  5.00000000e-01 
 5.10000000e-01  3.34558756e-09  3.36347680e-09  3.50471384e-09  4.58294298e-01  3.24126872e-09  4.58294298e-01  4.58294298e-01  1.58306569e-07  1.60977649e-07  5.10000000e-01 
 5.20000000e-01  3.34558756e-09  3.36347679e-09  3.50471384e-09  4.58294278e-01  3.24126866e-09  4.58294278e-01  4.58294278e-01  1.58306534e-07  1.60977457e-07  5.20000000e-01 
 5.30000000e-01  3.34558756e-09  3.36347674e-09  3.50471384e-09  4.58294297e-01  3.24126866e-09  4.58294297e-01  4.58294297e-01  1.58306562e-07  1.60977375e-07  5.30000000e-01 
 5.40000000e-01  3.34558757e-09  3.36347680e-09  3.50471379e-09  4.58294308e-01  3.24126872e-09  4.58294308e-01  4.58294308e-01  1.58306586e-07  1.60977304e-07  5.40000000e-01 
 5.50000000e-01  3.34558756e-09  3.36347679e-09  3.50471380e-09  4.58294294e-01  3.24126866e-09  4.58294294e-01  4.58294294e-01  1.58306564e-07  1.60977081e-07  5.50000000e-01 
 5.60000000e-01  3.34558756e-09  3.36347679e-09  3.50471384e-09  4.58294291e-01  3.24126866e-09  4.58294291e-01  4.58294291e-01  1.58306551e-07  1.60976942e-07  5.60000000e-01 
 5.70000000e-01  3.34558756e-09  3.36347679e-09  3.50471384e-09  4.58294290e-01  3.24126872e-09  4.58294290e-01  4.58294291e-01  1.58306566e-07  1.60976981e-07  5.70000000e-01 
 5.80000000e-01  3.34558756e-09  3.36347679e-09  3.50471384e-09  4.58294295e-01  3.24126872e-09  4.58294295e-01  4.58294295e-01  1.58306562e-07  1.60976889e-07  5.80000000e-01 
 5.90000000e-01  3.34558756e-09  3.36347680e-09  3.50471384e-09  4.58294297e-01  3.24126866e-09  4.58294297e-01  4.58294297e-01  1.58306579e-07  1.60976782e-07  5.90000000e-01 
 6.00000000e-01  3.34558756e-09  3.36347680e-09  3.50471384e-09  4.58294301e-01  3.24126872e-09  4.58294301e-01  4.58294302e-01  1.58306582e-07  1.60976647e-07  6.00000000e-01 
 6.10000000e-01  3.34558756e-09  3.36347674e-09  3.50471384e-09  4.58294297e-01  3.24126866e-09  4.58294296e-01  4.58294297e-01  1.58306564e-07  1.60976512e-07  6.10000000e-01 
 6.20000000e-01  3.34558756e-09  3.36347674e-09  3.50471384e-09  4.58294285e-01  3.24126872e-09  4.58294285e-01  4.58294286e-01  1.58306549e-07  1.60976349e-07  6.20000000e-01 
 6.30000000e-01  3.34558756e-09  3.36347679e-09  3.50471378e-09  4.58294291e-01  3.24126866e-09  4.58294291e-01  4.58294291e-01  1.58306566e-07  1.60976221e-07  6.30000000e-01 
 6.40000000e-01  3.34558757e-09  3.36347680e-09  3.50471386e-09  4.58294311e-01  3.24126872e-09  4.58294311e-01  4.58294311e-01  1.58306586e-07  1.60976299e-07  6.40000000e-01 
 6.50000000e-01  3.34558756e-09  3.36347674e-09  3.50471378e-09  4.58294303e-01  3.24126866e-09  4.58294303e-01  4.58294303e-01  1.58306576e-07  1.60976121e-07  6.50000000e-01 
 6.60000000e-01  3.34558757e-09  3.36347674e-09  3.50471385e-09  4.58294304e-01  3.24126872e-09  4.58294304e-01  4.58294304e-01  1.58306582e-07  1.60975929e-07  6.60000000e-01 
 6.70000000e-01  3.34558756e-09  3.36347680e-09  3.50471384e-09  4.58294303e-01  3.24126872e-09  4.58294303e-01  4.58294303e-01  1.58306578e-07  1.60975837e-07  6.70000000e-01 
 6.80000000e-01  3.34558757e-09  3.36347674e-09  3.50471384e-09  4.58294314e-01  3.24126866e-09  4.58294313e-01  4.58294314e-01  1.58306591e-07  1.60975780e-07  6.80000000e-01 
 6.90000000e-01  3.34558757e-09  3.36347680e-09  3.50471384e-09  4.58294309e-01  3.24126872e-09  4.58294309e-01  4.58294309e-01  1.58306581e-07  1.60975603e-07  6.90000000e-01 
 7.00000000e-01  3.34558756e-09  3.36347674e-09  3.50471384e-09  4.58294300e-01  3.24126872e-09  4.58294300e-01  4.58294300e-01  1.58306576e-07  1.60975546e-07  7.00000000e-01 
 7.10000000e-01  3.34558757e-09  3.36347680e-09  3.50471384e-09  4.58294314e-01  3.24126866e-09  4.58294314e-01  4.58294314e-01  1.58306604e-07  1.60975411e-07  7.10000000e-01 
 7.20000000e-01  3.34558756e-09  3.36347679e-09  3.50471378e-09  4.58294292e-01  3.24126866e-09  4.58294292e-01  4.58294292e-01  1.58306573e-07  1.60975247e-07  7.20000000e-01 
 7.30000000e-01  3.34558756e-09  3.36347674e-09  3.50471380e-09  4.58294289e-01  3.24126872e-09  4.58294289e-01  4.58294289e-01  1.58306553e-07  1.60975191e-07  7.30000000e-01 
 7.40000000e-01  3.34558762e-09  3.36347674e-09  3.50471384e-09  4.58294299e-01  3.24126872e-09  4.58294299e-01  4.58294299e-01  1.58306575e-07  1.60975119e-07  7.40000000e-01 
 7.50000000e-01  3.34558756e-09  3.36347674e-09  3.50471384e-09  4.58294298e-01  3.24126866e-09  4.58294298e-01  4.58294298e-01  1.58306578e-07  1.60974906e-07  7.50000000e-01 
 7.60000000e-01  3.34558757e-09  3.36347674e-09  3.50471384e-09  4.58294309e-01  3.24126866e-09  4.58294309e-01  4.58294310e-01  1.58306589e-07  1.60974899e-07  7.60000000e-01 
 7.70000000e-01  3.34558762e-09  3.36347680e-09  3.50471384e-09  4.58294314e-01  3.24126872e-09  4.58294313e-01  4.58294314e-01  1.58306589e-07  1.60974793e-07  7.70000000e-01 
 7.80000000e-01  3.34558757e-09  3.36347680e-09  3.50471379e-09  4.58294312e-01  3.24126872e-09  4.58294312e-01  4.58294312e-01  1.58306602e-07  1.60974629e-07  7.80000000e-01 
 7.90000000e-01  3.34558762e-09  3.36347674e-09  3.50471380e-09  4.58294312e-01  3.24126872e-09  4.58294312e-01  4.58294312e-01  1.58306584e-07  1.60974494e-07  7.90000000e-01 
 8.00000000e-01  3.34558756e-09  3.36347680e-09  3.50471384e-09  4.58294302e-01  3.24126866e-09  4.58294302e-01  4.58294303e-01  1.58306567e-07  1.60974274e-07  8.00000000e-01 
 8.10000000e-01  3.34558762e-09  3.36347679e-09  3.50471384e-09  4.58294286e-01  3.24126872e-09  4.58294286e-01  4.58294286e-01  1.58306546e-07  1.60974238e-07  8.10000000e-01 
 8.20000000e-01  3.34558762e-09  3.36347674e-09  3.50471384e-09  4.58294290e-01  3.24126872e-09  4.58294290e-01  4.58294291e-01  1.58306566e-07  1.60974103e-07  8.20000000e-01 
 8.30000000e-01  3.34558762e-09  3.36347680e-09  3.50471384e-09  4.58294321e-01  3.24126866e-09  4.58294321e-01  4.58294321e-01  1.58306605e-07  1.60974082e-07  8.30000000e-01 
 8.40000000e-01  3.34558757e-09  3.36347680e-09  3.50471384e-09  4.58294305e-01  3.24126872e-09  4.58294305e-01  4.58294305e-01  1.58306584e-07  1.60973840e-07  8.40000000e-01 
 8.50000000e-01  3.34558762e-09  3.36347680e-09  3.50471384e-09  4.58294302e-01  3.24126866e-09  4.58294302e-01  4.58294303e-01  1.58306581e-07  1.60973926e-07  8.50000000e-01 
 8.60000000e-01  3.34558762e-09  3.36347680e-09  3.50471384e-09  4.58294325e-01  3.24126866e-09  4.58294325e-01  4.58294325e-01  1.58306619e-07  1.60973727e-07  8.60000000e-01 
 8.70000000e-01  3.34558757e-09  3.36347680e-09  3.50471384e-09  4.58294312e-01  3.24126872e-09  4.58294312e-01  4.58294312e-01  1.58306591e-07  1.60973585e-07  8.70000000e-01 
 8.80000000e-01  3.34558756e-09  3.36347679e-09  3.50471384e-09  4.58294280e-01  3.24126872e-09  4.58294280e-01  4.58294280e-01  1.58306537e-07  1.60973315e-07  8.80000000e-01 
 8.90000000e-01  3.34558756e-09  3.36347674e-09  3.50471384e-09  4.58294300e-01  3.24126872e-09  4.58294300e-01  4.58294301e-01  1.58306582e-07  1.60973286e-07  8.90000000e-01 
 9.00000000e-01  3.34558757e-09  3.36347680e-09  3.50471384e-09  4.58294321e-01  3.24126872e-09  4.58294321e-01  4.58294321e-01  1.58306605e-07  1.60973251e-07  9.00000000e-01 
 9.10000000e-01  3.34558757e-09  3.36347674e-09  3.50471384e-09  4.58294318e-01  3.24126872e-09  4.58294318e-01  4.58294319e-01  1.58306604e-07  1.60973087e-07  9.10000000e-01 
 9.20000000e-01  3.34558757e-09  3.36347674e-09  3.50471379e-09  4.58294315e-01  3.24126872e-09  4.58294315e-01  4.58294315e-01  1.58306600e-07  1.60972945e-07  9.20000000e-01 
 9.30000000e-01  3.34558762e-09  3.36347680e-09  3.50471384e-09  4.58294300e-01  3.24126866e-09  4.58294300e-01  4.58294300e-01  1.58306572e-07  1.60972789e-07  9.30000000e-01 
 9.40000000e-01  3.34558757e-09  3.36347680e-09  3.50471379e-09  4.58294305e-01  3.24126866e-09  4.58294305e-01  4.58294306e-01  1.58306580e-07  1.60972661e-07  9.40000000e-01 
 9.50000000e-01  3.34558756e-09  3.36347680e-09  3.50471385e-09  4.58294297e-01  3.24126866e-09  4.58294297e-01  4.58294298e-01  1.58306568e-07  1.60972355e-07  9.50000000e-01 
 9.60000000e-01  3.34558756e-09  3.36347674e-09  3.50471378e-09  4.58294299e-01  3.24126872e-09  4.58294299e-01  4.58294299e-01  1.58306578e-07  1.60972320e-07  9.60000000e-01 
 9.70000000e-01  3.34558762e-09  3.36347680e-09  3.50471380e-09  4.58294309e-01  3.24126872e-09  4.58294309e-01  4.58294309e-01  1.58306587e-07  1.60972306e-07  9.70000000e-01 
 9.80000000e-01  3.34558757e-09  3.36347680e-09  3.50471384e-09  4.58294320e-01  3.24126866e-09  4.58294320e-01  4.58294320e-01  1.58306612e-07  1.60972213e-07  9.80000000e-01 
 9.90000000e-01  3.34558756e-09  3.36347674e-09  3.50471384e-09  4.58294298e-01  3.24126872e-09  4.58294298e-01  4.58294298e-01  1.58306573e-07  1.60971844e-07  9.90000000e-01 
 1.00000000e+00  3.34558756e-09  3.36347679e-09  3.50471384e-09  4.58294292e-01  3.24126872e-09  4.58294292e-01  4.58294292e-01  1.58306552e-07  1.60971751e-07  1.00000000e+00 
 1.01000000e+00  3.34558757e-09  3.36347680e-09  3.50471384e-09  4.58294305e-01  3.24126866e-09  4.58294305e-01  4.58294305e-01  1.58306578e-07  1.60971723e-07  1.01000000e+00 
 1.02000000e+00  3.34558762e-09  3.36347680e-09  3.50471379e-09  4.58294308e-01  3.24126866e-09  4.58294308e-01  4.58294308e-01  1.58306600e-07  1.60971631e-07  1.02000000e+00 
 1.03000000e+00  3.34558756e-09  3.36347674e-09  3.50471380e-09  4.58294291e-01  3.24126872e-09  4.58294291e-01  4.58294291e-01  1.58306564e-07  1.60971396e-07  1.03000000e+00 
 1.04000000e+00  3.34558756e-09  3.36347680e-09  3.50471384e-09  4.58294297e-01  3.24126872e-09  4.58294297e-01  4.58294297e-01  1.58306574e-07  1.60971339e-07  1.04000000e+00 
 1.05000000e+00  3.34558756e-09  3.36347680e-09  3.50471384e-09  4.58294300e-01  3.24126872e-09  4.58294300e-01  4.58294300e-01  1.58306565e-07  1.60971020e-07  1.05000000e+00 
 1.06000000e+00  3.34558757e-09  3.36347680e-09  3.50471384e-09  4.58294307e-01  3.24126866e-09  4.58294307e-01  4.58294307e-01  1.58306589e-07  1.60970927e-07  1.06000000e+00 
 1.07000000e+00  3.34558757e-09  3.36347680e-09  3.50471384e-09  4.58294310e-01  3.24126872e-09  4.58294310e-01  4.58294310e-01  1.58306581e-07  1.60970814e-07  1.07000000e+00 
 1.08000000e+00  3.34558762e-09  3.36347680e-09  3.50471379e-09  4.58294320e-01  3.24126866e-09  4.58294320e-01  4.58294320e-01  1.58306608e-07  1.60970792e-07  1.08000000e+00 
 1.09000000e+00  3.34558756e-09  3.36347679e-09  3.50471384e-09  4.58294292e-01  3.24126866e-09  4.58294292e-01  4.58294292e-01  1.58306564e-07  1.60970494e-07  1.09000000e+00 
 1.10000000e+00  3.34558757e-09  3.36347680e-09  3.50471384e-09  4.58294313e-01  3.24126866e-09  4.58294313e-01  4.58294313e-01  1.58306593e-07  1.60970515e-07  1.10000000e+00 
 1.11000000e+00  3.34558757e-09  3.36347674e-09  3.50471379e-09  4.58294304e-01  3.24126872e-09  4.58294304e-01  4.58294304e-01  1.58306566e-07  1.60970203e-07  1.11000000e+00 
 1.12000000e+00  3.34558757e-09  3.36347680e-09  3.50471386e-09  4.58294328e-01  3.24126872e-09  4.58294328e-01  4.58294328e-01  1.58306619e-07  1.60970167e-07  1.12000000e+00 
 1.13000000e+00  3.34558762e-09  3.36347674e-09  3.50471384e-09  4.58294303e-01  3.24126872e-09  4.58294303e-01  4.58294303e-01  1.58306569e-07  1.60969883e-07  1.13000000e+00 
 1.14000000e+00  3.34558756e-09  3.36347679e-09  3.50471384e-09  4.58294292e-01  3.24126872e-09  4.58294292e-01  4.58294292e-01  1.58306553e-07  1.60969662e-07  1.14000000e+00 
 1.15000000e+00  3.34558756e-09  3.36347674e-09  3.50471384e-09  4.58294283e-01  3.24126872e-09  4.58294283e-01  4.58294284e-01  1.58306552e-07  1.60969506e-07  1.15000000e+00 
 1.16000000e+00  3.34558757e-09  3.36347674e-09  3.50471384e-09  4.58294306e-01  3.24126872e-09  4.58294306e-01  4.58294306e-01  1.58306589e-07  1.60969364e-07  1.16000000e+00 
 1.17000000e+00  3.34558756e-09  3.36347679e-09  3.50471384e-09  4.58294293e-01  3.24126872e-09  4.58294293e-01  4.58294293e-01  1.58306568e-07  1.60969236e-07  1.17000000e+00 
 1.18000000e+00  3.34558757e-09  3.36347674e-09  3.50471384e-09  4.58294316e-01  3.24126866e-09  4.58294316e-01  4.58294316e-01  1.58306605e-07  1.60969080e-07  1.18000000e+00 
 1.19000000e+00  3.34558756e-09  3.36347680e-09  3.50471379e-09  4.58294300e-01  3.24126866e-09  4.58294300e-01  4.58294300e-01  1.58306587e-07  1.60968852e-07  1.19000000e+00 
 1.20000000e+00  3.34558756e-09  3.36347674e-09  3.50471385e-09  4.58294301e-01  3.24126872e-09  4.58294301e-01  4.58294301e-01  1.58306581e-07  1.60968852e-07  1.20000000e+00 
 1.21000000e+00  3.34558756e-09  3.36347680e-09  3.50471384e-09  4.58294298e-01  3.24126872e-09  4.58294298e-01  4.58294298e-01  1.58306574e-07  1.60968469e-07  1.21000000e+00 
 1.22000000e+00  3.34558762e-09  3.36347679e-09  3.50471378e-09  4.58294289e-01  3.24126866e-09  4.58294288e-01  4.58294289e-01  1.58306560e-07  1.60968199e-07  1.22000000e+00 
 1.23000000e+00  3.34558756e-09  3.36347680e-09  3.50471385e-09  4.58294302e-01  3.24126872e-09  4.58294302e-01  4.58294303e-01  1.58306586e-07  1.60968099e-07  1.23000000e+00 
 1.24000000e+00  3.34558756e-09  3.36347680e-09  3.50471378e-09  4.58294299e-01  3.24126872e-09  4.58294299e-01  4.58294300e-01  1.58306579e-07  1.60967986e-07  1.24000000e+00 
 1.25000000e+00  3.34558756e-09  3.36347680e-09  3.50471380e-09  4.58294299e-01  3.24126872e-09  4.58294299e-01  4.58294299e-01  1.58306585e-07  1.60967744e-07  1.25000000e+00 
 1.26000000e+00  3.34558756e-09  3.36347674e-09  3.50471384e-09  4.58294300e-01  3.24126872e-09  4.58294300e-01  4.58294300e-01  1.58306566e-07  1.60967630e-07  1.26000000e+00 
 1.27000000e+00  3.34558756e-09  3.36347674e-09  3.50471384e-09  4.58294293e-01  3.24126872e-09  4.58294293e-01  4.58294293e-01  1.58306561e-07  1.60967275e-07  1.27000000e+00 
 1.28000000e+00  3.34558757e-09  3.36347680e-09  3.50471384e-09  4.58294304e-01  3.24126866e-09  4.58294304e-01  4.58294304e-01  1.58306597e-07  1.60967147e-07  1.28000000e+00 
 1.29000000e+00  3.34558757e-09  3.36347680e-09  3.50471384e-09  4.58294305e-01  3.24126872e-09  4.58294305e-01  4.58294306e-01  1.58306586e-07  1.60966863e-07  1.29000000e+00 
 1.30000000e+00  3.34558757e-09  3.36347680e-09  3.50471379e-09  4.58294311e-01  3.24126872e-09  4.58294311e-01  4.58294311e-01  1.58306598e-07  1.60966806e-07  1.30000000e+00 
 1.31000000e+00  3.34558756e-09  3.36347679e-09  3.50471385e-09  4.58294294e-01  3.24126866e-09  4.58294294e-01  4.58294294e-01  1.58306566e-07  1.60966380e-07  1.31000000e+00 
 1.32000000e+00  3.34558757e-09  3.36347680e-09  3.50471384e-09  4.58294304e-01  3.24126872e-09  4.58294304e-01  4.58294305e-01  1.58306567e-07  1.60966295e-07  1.32000000e+00 
 1.33000000e+00  3.34558762e-09  3.36347679e-09  3.50471384e-09  4.58294290e-01  3.24126872e-09  4.58294290e-01  4.58294290e-01  1.58306559e-07  1.60965897e-07  1.33000000e+00 
 1.34000000e+00  3.34558756e-09  3.36347679e-09  3.50471384e-09  4.58294295e-01  3.24126872e-09  4.58294295e-01  4.58294295e-01  1.58306573e-07  1.60965527e-07  1.34000000e+00 
 1.35000000e+00  3.34558756e-09  3.36347679e-09  3.50471384e-09  4.58294289e-01  3.24126872e-09  4.58294289e-01  4.58294290e-01  1.58306559e-07  1.60965229e-07  1.35000000e+00 
 1.36000000e+00  3.34558762e-09  3.36347674e-09  3.50471384e-09  4.58294300e-01  3.24126866e-09  4.58294300e-01  4.58294300e-01  1.58306577e-07  1.60965115e-07  1.36000000e+00 
 1.37000000e+00  3.34558757e-09  3.36347674e-09  3.50471384e-09  4.58294312e-01  3.24126872e-09  4.58294312e-01  4.58294312e-01  1.58306595e-07  1.60964618e-07  1.37000000e+00 
 1.38000000e+00  3.34558762e-09  3.36347680e-09  3.50471384e-09  4.58294314e-01  3.24126866e-09  4.58294314e-01  4.58294314e-01  1.58306590e-07  1.60964419e-07  1.38000000e+00 
 1.39000000e+00  3.34558762e-09  3.36347674e-09  3.50471384e-09  4.58294303e-01  3.24126872e-09  4.58294303e-01  4.58294303e-01  1.58306574e-07  1.60963893e-07  1.39000000e+00 
 1.40000000e+00  3.34558756e-09  3.36347680e-09  3.50471384e-09  4.58294302e-01  3.24126866e-09  4.58294302e-01  4.58294302e-01  1.58306585e-07  1.60963495e-07  1.40000000e+00 
 1.41000000e+00  3.34558762e-09  3.36347674e-09  3.50471384e-09  4.58294293e-01  3.24126872e-09  4.58294293e-01  4.58294294e-01  1.58306564e-07  1.60963054e-07  1.41000000e+00 
 1.42000000e+00  3.34558757e-09  3.36347680e-09  3.50471384e-09  4.58294313e-01  3.24126872e-09  4.58294313e-01  4.58294313e-01  1.58306599e-07  1.60962486e-07  1.42000000e+00 
 1.43000000e+00  3.34558756e-09  3.36347673e-09  3.50471384e-09  4.58294276e-01  3.24126866e-09  4.58294276e-01  4.58294277e-01  1.58306536e-07  1.60961804e-07  1.43000000e+00 
 1.44000000e+00  3.34558757e-09  3.36347674e-09  3.50471384e-09  4.58294304e-01  3.24126866e-09  4.58294304e-01  4.58294305e-01  1.58306580e-07  1.60961235e-07  1.44000000e+00 
 1.45000000e+00  3.34558757e-09  3.36347680e-09  3.50471379e-09  4.58294313e-01  3.24126872e-09  4.58294313e-01  4.58294313e-01  1.58306585e-07  1.60960369e-07  1.45000000e+00 
 1.46000000e+00  3.34558757e-09  3.36347675e-09  3.50471386e-09  4.58294342e-01  3.24126866e-09  4.58294342e-01  4.58294342e-01  1.58306654e-07  1.60959544e-07  1.46000000e+00 
 1.47000000e+00  3.34558757e-09  3.36347680e-09  3.50471384e-09  4.58294312e-01  3.24126872e-09  4.58294312e-01  4.58294312e-01  1.58306592e-07  1.60958280e-07  1.47000000e+00 
 1.48000000e+00  3.34558756e-09  3.36347674e-09  3.50471379e-09  4.58294298e-01  3.24126866e-09  4.58294298e-01  4.58294298e-01  1.58306562e-07  1.60956702e-07  1.48000000e+00 
 1.49000000e+00  3.34558762e-09  3.36347680e-09  3.50471380e-09  4.58294305e-01  3.24126872e-09  4.58294304e-01  4.58294305e-01  1.58306569e-07  1.60955068e-07  1.49000000e+00 
 1.50000000e+00  3.34558762e-09  3.36347680e-09  3.50471384e-09  4.58294320e-01  3.24126872e-09  4.58294320e-01  4.58294320e-01  1.58306596e-07  1.60952709e-07  1.50000000e+00 
 1.51000000e+00  3.34558762e-09  3.36347679e-09  3.50471384e-09  4.58294291e-01  3.24126866e-09  4.58294291e-01  4.58294291e-01  1.58306560e-07  1.60949227e-07  1.51000000e+00 
 1.52000000e+00  3.34558762e-09  3.36347679e-09  3.50471384e-09  4.58294286e-01  3.24126866e-09  4.58294286e-01  4.58294286e-01  1.58306552e-07  1.60944879e-07  1.52000000e+00 
 1.53000000e+00  3.34558762e-09  3.36347680e-09  3.50471384e-09  4.58294312e-01  3.24126872e-09  4.58294312e-01  4.58294312e-01  1.58306593e-07  1.60938086e-07  1.53000000e+00 
 1.54000000e+00  3.34558762e-09  3.36347680e-09  3.50471384e-09  4.58294307e-01  3.24126866e-09  4.58294307e-01  4.58294308e-01  1.58306590e-07  1.60927925e-07  1.54000000e+00 
 1.55000000e+00  3.34558762e-09  3.36347679e-09  3.50471384e-09  4.58294283e-01  3.24126872e-09  4.58294283e-01  4.58294284e-01  1.58306561e-07  1.60911242e-07  1.55000000e+00 
 1.56000000e+00  3.34558756e-09  3.36347680e-09  3.50471384e-09  4.58294301e-01  3.24126866e-09  4.58294301e-01  4.58294301e-01  1.58306577e-07  1.60882507e-07  1.56000000e+00 
 1.57000000e+00  3.34558757e-09  3.36347674e-09  3.50471384e-09  4.58294307e-01  3.24126872e-09  4.58294307e-01  4.58294307e-01  1.58306579e-07  1.60830538e-07  1.57000000e+00 
 1.58000000e+00  3.34558762e-09  3.36347674e-09  3.50471379e-09  4.58294309e-01  3.24126866e-09  4.58294309e-01  4.58294309e-01  1.58306580e-07  1.60730764e-07  1.58000000e+00 
 1.59000000e+00  3.34558762e-09  3.36347674e-09  3.50471380e-09  4.58294295e-01  3.24126872e-09  4.58294295e-01  4.58294295e-01  1.58306558e-07  1.60527094e-07  1.59000000e+00 
 1.60000000e+00  3.34558762e-09  3.36347674e-09  3.50471384e-09  4.58294301e-01  3.24126866e-09  4.58294301e-01  4.58294302e-01  1.58306577e-07  1.60090437e-07  1.60000000e+00 
 1.61000000e+00  3.34558756e-09  3.36347679e-09  3.50471384e-09  4.58294282e-01  3.24126872e-09  4.58294282e-01  4.58294283e-01  1.58306546e-07  1.59193434e-07  1.61000000e+00 
 1.62000000e+00  3.34558757e-09  3.36347674e-09  3.50471384e-09  4.58294323e-01  3.24126866e-09  4.58294323e-01  4.58294323e-01  1.58306614e-07  1.57168174e-07  1.62000000e+00 
 1.63000000e+00  3.34558756e-09  3.36347679e-09  3.50471384e-09  4.58294292e-01  3.24126872e-09  4.58294292e-01  4.58294292e-01  1.58306563e-07  1.33303914e-07  1.63000000e+00 
 1.64000000e+00  3.34558757e-09  3.36347680e-09  3.50471384e-09  4.58294323e-01  3.24126872e-09  4.58294322e-01  4.58294323e-01  1.58306609e-07  1.10940775e-07  1.64000000e+00 
 1.65000000e+00  3.34558756e-09  3.36347679e-09  3.50471384e-09  4.58294286e-01  3.24126872e-09  4.58294286e-01  4.58294286e-01  1.58306542e-07  9.12593663e-08  1.65000000e+00 
 1.66000000e+00  3.34558756e-09  3.36347679e-09  3.50471384e-09  4.58294283e-01  3.24126866e-09  4.58294283e-01  4.58294284e-01  1.58306553e-07  7.43143289e-08  1.66000000e+00 
 1.67000000e+00  3.34558762e-09  3.36347680e-09  3.50471384e-09  4.58294304e-01  3.24126866e-09  4.58294304e-01  4.58294304e-01  1.58306578e-07  5.99774239e-08  1.67000000e+00 
 1.68000000e+00  3.34558762e-09  3.36347674e-09  3.50471384e-09  4.58294302e-01  3.24126872e-09  4.58294302e-01  4.58294302e-01  1.58306570e-07  4.79892179e-08  1.68000000e+00 
 1.69000000e+00  3.34558756e-09  3.36347679e-09  3.50471384e-09  4.58294295e-01  3.24126872e-09  4.58294295e-01  4.58294295e-01  1.58306566e-07  3.80509420e-08  1.69000000e+00 
 1.70000000e+00  3.34558756e-09  3.36347679e-09  3.50471384e-09  4.58294289e-01  3.24126872e-09  4.58294289e-01  4.58294289e-01  1.58306555e-07  2.98636706e-08  1.70000000e+00 
 1.71000000e+00  3.34558757e-09  3.36347674e-09  3.50471384e-09  4.58294321e-01  3.24126866e-09  4.58294321e-01  4.58294321e-01  1.58306621e-07  2.31472512e-08  1.71000000e+00 
 1.72000000e+00  3.34558756e-09  3.36347679e-09  3.50471384e-09  4.58294287e-01  3.24126872e-09  4.58294287e-01  4.58294287e-01  1.58306549e-07  1.76537327e-08  1.72000000e+00 
 1.73000000e+00  3.34558762e-09  3.36347680e-09  3.50471384e-09  4.58294302e-01  3.24126866e-09  4.58294302e-01  4.58294302e-01  1.58306588e-07  1.31655753e-08  1.73000000e+00 
 1.74000000e+00  3.34558757e-09  3.36347674e-09  3.50471384e-09  4.58294309e-01  3.24126872e-09  4.58294309e-01  4.58294309e-01  1.58306585e-07  9.49522416e-09  1.74000000e+00 
 1.75000000e+00  3.34558762e-09  3.36347680e-09  3.50471384e-09  4.58294311e-01  3.24126872e-09  4.58294311e-01  4.58294311e-01  1.58306589e-07  6.47864340e-09  1.75000000e+00 
 1.76000000e+00  3.34558756e-09  3.36347679e-09  3.50471384e-09  4.58294278e-01  3.24126872e-09  4.58294278e-01  4.58294278e-01  1.58306541e-07  3.97578503e-09  1.76000000e+00 
 1.77000000e+00  3.34558762e-09  3.36347680e-09  3.50471384e-09  4.58294297e-01  3.24126866e-09  4.58294297e-01  4.58294297e-01  1.58306576e-07  1.87638705e-09  1.77000000e+00 
 1.78000000e+00  3.34558757e-09  3.36347680e-09  3.50471384e-09  4.58294318e-01  3.24126866e-09  4.58294317e-01  4.58294318e-01  1.58306589e-07  1.13956844e-10  1.78000000e+00 
 1.79000000e+00  3.34558757e-09  3.36347680e-09  3.50471384e-09  4.58294320e-01  3.24126872e-09  4.58294320e-01  4.58294320e-01  1.58306595e-07 -1.33108813e-09  1.79000000e+00 
 1.80000000e+00  3.34558762e-09  3.36347680e-09  3.50471384e-09  4.58294317e-01  3.24126872e-09  4.58294316e-01  4.58294317e-01  1.58306609e-07 -2.45459830e-09  1.80000000e+00 
