 v-sweep         v(b0)           v(b1)           v(b2)           v(b3)           v(b4)           v(b5)           v(b6)           i(vbias)        i(viout)        v(vout)        
 0.00000000e+00  3.13894706e-09  3.47960836e-09  3.49650040e-09  4.58005506e-01  4.58005506e-01  3.19374232e-09  4.58005506e-01  1.58517956e-07  1.32357060e-07  0.00000000e+00 
 1.00000000e-02  3.13894703e-09  3.47960839e-09  3.49650036e-09  4.58005495e-01  4.58005495e-01  3.19374229e-09  4.58005495e-01  1.58517939e-07  1.32356559e-07  1.00000000e-02 
 2.00000000e-02  3.13894703e-09  3.47960839e-09  3.49650036e-09  4.58005496e-01  4.58005496e-01  3.19374229e-09  4.58005496e-01  1.58517938e-07  1.32356127e-07  2.00000000e-02 
 3.00000000e-02  3.13894703e-09  3.47960839e-09  3.49650036e-09  4.58005491e-01  4.58005491e-01  3.19374229e-09  4.58005491e-01  1.58517934e-07  1.32355823e-07  3.00000000e-02 
 4.00000000e-02  3.13894703e-09  3.47960839e-09  3.49650036e-09  4.58005479e-01  4.58005479e-01  3.19374223e-09  4.58005479e-01  1.58517911e-07  1.32355272e-07  4.00000000e-02 
 5.00000000e-02  3.13894703e-09  3.47960839e-09  3.49650036e-09  4.58005490e-01  4.58005490e-01  3.19374223e-09  4.58005490e-01  1.58517923e-07  1.32354945e-07  5.00000000e-02 
 6.00000000e-02  3.13894703e-09  3.47960839e-09  3.49650037e-09  4.58005503e-01  4.58005502e-01  3.19374229e-09  4.58005502e-01  1.58517956e-07  1.32354674e-07  6.00000000e-02 
 7.00000000e-02  3.13894703e-09  3.47960839e-09  3.49650036e-09  4.58005490e-01  4.58005490e-01  3.19374229e-09  4.58005490e-01  1.58517922e-07  1.32354356e-07  7.00000000e-02 
 8.00000000e-02  3.13894703e-09  3.47960839e-09  3.49650036e-09  4.58005491e-01  4.58005491e-01  3.19374223e-09  4.58005491e-01  1.58517939e-07  1.32354046e-07  8.00000000e-02 
 9.00000000e-02  3.13894703e-09  3.47960839e-09  3.49650036e-09  4.58005463e-01  4.58005463e-01  3.19374229e-09  4.58005463e-01  1.58517895e-07  1.32353523e-07  9.00000000e-02 
 1.00000000e-01  3.13894703e-09  3.47960839e-09  3.49650038e-09  4.58005507e-01  4.58005507e-01  3.19374229e-09  4.58005507e-01  1.58517957e-07  1.32353476e-07  1.00000000e-01 
 1.10000000e-01  3.13894703e-09  3.47960839e-09  3.49650036e-09  4.58005493e-01  4.58005493e-01  3.19374229e-09  4.58005493e-01  1.58517925e-07  1.32353169e-07  1.10000000e-01 
 1.20000000e-01  3.13894703e-09  3.47960839e-09  3.49650038e-09  4.58005491e-01  4.58005491e-01  3.19374229e-09  4.58005491e-01  1.58517929e-07  1.32352889e-07  1.20000000e-01 
 1.30000000e-01  3.13894703e-09  3.47960839e-09  3.49650036e-09  4.58005493e-01  4.58005493e-01  3.19374229e-09  4.58005493e-01  1.58517942e-07  1.32352659e-07  1.30000000e-01 
 1.40000000e-01  3.13894703e-09  3.47960839e-09  3.49650038e-09  4.58005507e-01  4.58005507e-01  3.19374229e-09  4.58005507e-01  1.58517953e-07  1.32352370e-07  1.40000000e-01 
 1.50000000e-01  3.13894703e-09  3.47960839e-09  3.49650041e-09  4.58005483e-01  4.58005483e-01  3.19374229e-09  4.58005483e-01  1.58517915e-07  1.32352209e-07  1.50000000e-01 
 1.60000000e-01  3.13894703e-09  3.47960839e-09  3.49650036e-09  4.58005498e-01  4.58005498e-01  3.19374229e-09  4.58005498e-01  1.58517944e-07  1.32352033e-07  1.60000000e-01 
 1.70000000e-01  3.13894703e-09  3.47960839e-09  3.49650036e-09  4.58005479e-01  4.58005479e-01  3.19374229e-09  4.58005479e-01  1.58517894e-07  1.32351749e-07  1.70000000e-01 
 1.80000000e-01  3.13894703e-09  3.47960839e-09  3.49650036e-09  4.58005484e-01  4.58005484e-01  3.19374229e-09  4.58005484e-01  1.58517937e-07  1.32351493e-07  1.80000000e-01 
 1.90000000e-01  3.13894703e-09  3.47960839e-09  3.49650036e-09  4.58005487e-01  4.58005486e-01  3.19374229e-09  4.58005486e-01  1.58517929e-07  1.32351351e-07  1.90000000e-01 
 2.00000000e-01  3.13894703e-09  3.47960839e-09  3.49650036e-09  4.58005476e-01  4.58005476e-01  3.19374229e-09  4.58005476e-01  1.58517926e-07  1.32351170e-07  2.00000000e-01 
 2.10000000e-01  3.13894703e-09  3.47960839e-09  3.49650036e-09  4.58005460e-01  4.58005460e-01  3.19374229e-09  4.58005460e-01  1.58517875e-07  1.32350825e-07  2.10000000e-01 
 2.20000000e-01  3.13894703e-09  3.47960839e-09  3.49650038e-09  4.58005507e-01  4.58005507e-01  3.19374229e-09  4.58005507e-01  1.58517956e-07  1.32350776e-07  2.20000000e-01 
 2.30000000e-01  3.13894703e-09  3.47960839e-09  3.49650036e-09  4.58005482e-01  4.58005482e-01  3.19374229e-09  4.58005482e-01  1.58517923e-07  1.32350628e-07  2.30000000e-01 
 2.40000000e-01  3.13894703e-09  3.47960839e-09  3.49650038e-09  4.58005500e-01  4.58005500e-01  3.19374229e-09  4.58005500e-01  1.58517951e-07  1.32350568e-07  2.40000000e-01 
 2.50000000e-01  3.13894703e-09  3.47960839e-09  3.49650036e-09  4.58005486e-01  4.58005486e-01  3.19374223e-09  4.58005486e-01  1.58517926e-07  1.32350285e-07  2.50000000e-01 
 2.60000000e-01  3.13894703e-09  3.47960839e-09  3.49650032e-09  4.58005480e-01  4.58005480e-01  3.19374229e-09  4.58005480e-01  1.58517909e-07  1.32350138e-07  2.60000000e-01 
 2.70000000e-01  3.13894703e-09  3.47960839e-09  3.49650037e-09  4.58005487e-01  4.58005487e-01  3.19374229e-09  4.58005487e-01  1.58517927e-07  1.32349941e-07  2.70000000e-01 
 2.80000000e-01  3.13894703e-09  3.47960839e-09  3.49650036e-09  4.58005484e-01  4.58005484e-01  3.19374229e-09  4.58005484e-01  1.58517928e-07  1.32349781e-07  2.80000000e-01 
 2.90000000e-01  3.13894703e-09  3.47960839e-09  3.49650032e-09  4.58005471e-01  4.58005471e-01  3.19374229e-09  4.58005471e-01  1.58517902e-07  1.32349687e-07  2.90000000e-01 
 3.00000000e-01  3.13894703e-09  3.47960839e-09  3.49650037e-09  4.58005502e-01  4.58005502e-01  3.19374224e-09  4.58005502e-01  1.58517956e-07  1.32349619e-07  3.00000000e-01 
 3.10000000e-01  3.13894703e-09  3.47960839e-09  3.49650036e-09  4.58005495e-01  4.58005495e-01  3.19374223e-09  4.58005495e-01  1.58517948e-07  1.32349530e-07  3.10000000e-01 
 3.20000000e-01  3.13894703e-09  3.47960839e-09  3.49650038e-09  4.58005497e-01  4.58005497e-01  3.19374229e-09  4.58005497e-01  1.58517949e-07  1.32349417e-07  3.20000000e-01 
 3.30000000e-01  3.13894703e-09  3.47960839e-09  3.49650036e-09  4.58005484e-01  4.58005484e-01  3.19374229e-09  4.58005484e-01  1.58517933e-07  1.32349204e-07  3.30000000e-01 
 3.40000000e-01  3.13894703e-09  3.47960839e-09  3.49650038e-09  4.58005510e-01  4.58005510e-01  3.19374229e-09  4.58005510e-01  1.58517952e-07  1.32349182e-07  3.40000000e-01 
 3.50000000e-01  3.13894703e-09  3.47960839e-09  3.49650036e-09  4.58005486e-01  4.58005485e-01  3.19374229e-09  4.58005485e-01  1.58517919e-07  1.32349012e-07  3.50000000e-01 
 3.60000000e-01  3.13894697e-09  3.47960839e-09  3.49650037e-09  4.58005482e-01  4.58005482e-01  3.19374229e-09  4.58005482e-01  1.58517925e-07  1.32348962e-07  3.60000000e-01 
 3.70000000e-01  3.13894703e-09  3.47960839e-09  3.49650036e-09  4.58005487e-01  4.58005487e-01  3.19374229e-09  4.58005487e-01  1.58517934e-07  1.32348870e-07  3.70000000e-01 
 3.80000000e-01  3.13894703e-09  3.47960839e-09  3.49650038e-09  4.58005511e-01  4.58005511e-01  3.19374229e-09  4.58005511e-01  1.58517976e-07  1.32348738e-07  3.80000000e-01 
 3.90000000e-01  3.13894703e-09  3.47960839e-09  3.49650036e-09  4.58005488e-01  4.58005488e-01  3.19374229e-09  4.58005488e-01  1.58517920e-07  1.32348681e-07  3.90000000e-01 
 4.00000000e-01  3.13894703e-09  3.47960839e-09  3.49650032e-09  4.58005489e-01  4.58005488e-01  3.19374223e-09  4.58005488e-01  1.58517926e-07  1.32348447e-07  4.00000000e-01 
 4.10000000e-01  3.13894703e-09  3.47960839e-09  3.49650037e-09  4.58005482e-01  4.58005482e-01  3.19374229e-09  4.58005482e-01  1.58517917e-07  1.32348365e-07  4.10000000e-01 
 4.20000000e-01  3.13894703e-09  3.47960839e-09  3.49650035e-09  4.58005468e-01  4.58005468e-01  3.19374229e-09  4.58005468e-01  1.58517898e-07  1.32348156e-07  4.20000000e-01 
 4.30000000e-01  3.13894703e-09  3.47960839e-09  3.49650032e-09  4.58005497e-01  4.58005497e-01  3.19374224e-09  4.58005497e-01  1.58517948e-07  1.32348102e-07  4.30000000e-01 
 4.40000000e-01  3.13894703e-09  3.47960839e-09  3.49650037e-09  4.58005487e-01  4.58005487e-01  3.19374229e-09  4.58005487e-01  1.58517924e-07  1.32348042e-07  4.40000000e-01 
 4.50000000e-01  3.13894703e-09  3.47960839e-09  3.49650036e-09  4.58005500e-01  4.58005500e-01  3.19374229e-09  4.58005500e-01  1.58517932e-07  1.32348003e-07  4.50000000e-01 
 4.60000000e-01  3.13894703e-09  3.47960839e-09  3.49650038e-09  4.58005493e-01  4.58005493e-01  3.19374229e-09  4.58005493e-01  1.58517936e-07  1.32347882e-07  4.60000000e-01 
 4.70000000e-01  3.13894703e-09  3.47960839e-09  3.49650036e-09  4.58005478e-01  4.58005478e-01  3.19374229e-09  4.58005478e-01  1.58517912e-07  1.32347779e-07  4.70000000e-01 
 4.80000000e-01  3.13894703e-09  3.47960839e-09  3.49650032e-09  4.58005493e-01  4.58005493e-01  3.19374229e-09  4.58005493e-01  1.58517944e-07  1.32347786e-07  4.80000000e-01 
 4.90000000e-01  3.13894703e-09  3.47960839e-09  3.49650037e-09  4.58005475e-01  4.58005475e-01  3.19374229e-09  4.58005475e-01  1.58517900e-07  1.32347544e-07  4.90000000e-01 
 5.00000000e-01  3.13894703e-09  3.47960839e-09  3.49650036e-09  4.58005479e-01  4.58005479e-01  3.19374229e-09  4.58005479e-01  1.58517916e-07  1.32347488e-07  5.00000000e-01 
 5.10000000e-01  3.13894703e-09  3.47960838e-09  3.49650037e-09  4.58005449e-01  4.58005449e-01  3.19374229e-09  4.58005449e-01  1.58517873e-07  1.32347264e-07  5.10000000e-01 
 5.20000000e-01  3.13894703e-09  3.47960839e-09  3.49650036e-09  4.58005502e-01  4.58005502e-01  3.19374229e-09  4.58005502e-01  1.58517958e-07  1.32347303e-07  5.20000000e-01 
 5.30000000e-01  3.13894703e-09  3.47960839e-09  3.49650038e-09  4.58005496e-01  4.58005495e-01  3.19374223e-09  4.58005495e-01  1.58517938e-07  1.32347211e-07  5.30000000e-01 
 5.40000000e-01  3.13894703e-09  3.47960839e-09  3.49650036e-09  4.58005476e-01  4.58005476e-01  3.19374229e-09  4.58005476e-01  1.58517926e-07  1.32347118e-07  5.40000000e-01 
 5.50000000e-01  3.13894703e-09  3.47960839e-09  3.49650038e-09  4.58005483e-01  4.58005483e-01  3.19374229e-09  4.58005483e-01  1.58517915e-07  1.32346894e-07  5.50000000e-01 
 5.60000000e-01  3.13894703e-09  3.47960839e-09  3.49650042e-09  4.58005496e-01  4.58005496e-01  3.19374229e-09  4.58005496e-01  1.58517948e-07  1.32346997e-07  5.60000000e-01 
 5.70000000e-01  3.13894703e-09  3.47960839e-09  3.49650036e-09  4.58005486e-01  4.58005486e-01  3.19374229e-09  4.58005486e-01  1.58517915e-07  1.32346752e-07  5.70000000e-01 
 5.80000000e-01  3.13894703e-09  3.47960839e-09  3.49650037e-09  4.58005504e-01  4.58005504e-01  3.19374229e-09  4.58005504e-01  1.58517956e-07  1.32346777e-07  5.80000000e-01 
 5.90000000e-01  3.13894703e-09  3.47960838e-09  3.49650036e-09  4.58005453e-01  4.58005453e-01  3.19374229e-09  4.58005453e-01  1.58517876e-07  1.32346472e-07  5.90000000e-01 
 6.00000000e-01  3.13894703e-09  3.47960839e-09  3.49650038e-09  4.58005489e-01  4.58005489e-01  3.19374229e-09  4.58005489e-01  1.58517918e-07  1.32346699e-07  6.00000000e-01 
 6.10000000e-01  3.13894703e-09  3.47960839e-09  3.49650036e-09  4.58005503e-01  4.58005503e-01  3.19374229e-09  4.58005503e-01  1.58517951e-07  1.32346578e-07  6.10000000e-01 
 6.20000000e-01  3.13894703e-09  3.47960839e-09  3.49650037e-09  4.58005481e-01  4.58005481e-01  3.19374229e-09  4.58005481e-01  1.58517905e-07  1.32346472e-07  6.20000000e-01 
 6.30000000e-01  3.13894703e-09  3.47960839e-09  3.49650036e-09  4.58005480e-01  4.58005480e-01  3.19374229e-09  4.58005480e-01  1.58517926e-07  1.32346344e-07  6.30000000e-01 
 6.40000000e-01  3.13894703e-09  3.47960839e-09  3.49650038e-09  4.58005485e-01  4.58005485e-01  3.19374229e-09  4.58005485e-01  1.58517916e-07  1.32346273e-07  6.40000000e-01 
 6.50000000e-01  3.13894703e-09  3.47960839e-09  3.49650036e-09  4.58005501e-01  4.58005501e-01  3.19374229e-09  4.58005501e-01  1.58517938e-07  1.32346209e-07  6.50000000e-01 
 6.60000000e-01  3.13894703e-09  3.47960839e-09  3.49650038e-09  4.58005485e-01  4.58005485e-01  3.19374229e-09  4.58005485e-01  1.58517907e-07  1.32346102e-07  6.60000000e-01 
 6.70000000e-01  3.13894703e-09  3.47960839e-09  3.49650036e-09  4.58005471e-01  4.58005470e-01  3.19374229e-09  4.58005470e-01  1.58517908e-07  1.32345995e-07  6.70000000e-01 
 6.80000000e-01  3.13894703e-09  3.47960839e-09  3.49650038e-09  4.58005494e-01  4.58005494e-01  3.19374229e-09  4.58005494e-01  1.58517935e-07  1.32345903e-07  6.80000000e-01 
 6.90000000e-01  3.13894703e-09  3.47960839e-09  3.49650036e-09  4.58005471e-01  4.58005471e-01  3.19374229e-09  4.58005471e-01  1.58517891e-07  1.32345669e-07  6.90000000e-01 
 7.00000000e-01  3.13894703e-09  3.47960839e-09  3.49650038e-09  4.58005514e-01  4.58005514e-01  3.19374229e-09  4.58005514e-01  1.58517979e-07  1.32345832e-07  7.00000000e-01 
 7.10000000e-01  3.13894703e-09  3.47960839e-09  3.49650036e-09  4.58005487e-01  4.58005487e-01  3.19374223e-09  4.58005487e-01  1.58517919e-07  1.32345676e-07  7.10000000e-01 
 7.20000000e-01  3.13894703e-09  3.47960839e-09  3.49650032e-09  4.58005492e-01  4.58005491e-01  3.19374229e-09  4.58005491e-01  1.58517933e-07  1.32345470e-07  7.20000000e-01 
 7.30000000e-01  3.13894703e-09  3.47960839e-09  3.49650037e-09  4.58005506e-01  4.58005506e-01  3.19374229e-09  4.58005506e-01  1.58517966e-07  1.32345491e-07  7.30000000e-01 
 7.40000000e-01  3.13894703e-09  3.47960839e-09  3.49650036e-09  4.58005487e-01  4.58005487e-01  3.19374229e-09  4.58005487e-01  1.58517927e-07  1.32345349e-07  7.40000000e-01 
 7.50000000e-01  3.13894703e-09  3.47960839e-09  3.49650032e-09  4.58005492e-01  4.58005492e-01  3.19374229e-09  4.58005492e-01  1.58517929e-07  1.32345320e-07  7.50000000e-01 
 7.60000000e-01  3.13894703e-09  3.47960839e-09  3.49650037e-09  4.58005483e-01  4.58005483e-01  3.19374229e-09  4.58005483e-01  1.58517934e-07  1.32345143e-07  7.60000000e-01 
 7.70000000e-01  3.13894703e-09  3.47960839e-09  3.49650036e-09  4.58005481e-01  4.58005481e-01  3.19374229e-09  4.58005481e-01  1.58517917e-07  1.32345107e-07  7.70000000e-01 
 7.80000000e-01  3.13894703e-09  3.47960839e-09  3.49650037e-09  4.58005468e-01  4.58005468e-01  3.19374229e-09  4.58005468e-01  1.58517895e-07  1.32344965e-07  7.80000000e-01 
 7.90000000e-01  3.13894703e-09  3.47960839e-09  3.49650036e-09  4.58005499e-01  4.58005499e-01  3.19374229e-09  4.58005499e-01  1.58517941e-07  1.32345015e-07  7.90000000e-01 
 8.00000000e-01  3.13894703e-09  3.47960839e-09  3.49650038e-09  4.58005483e-01  4.58005483e-01  3.19374229e-09  4.58005483e-01  1.58517917e-07  1.32344830e-07  8.00000000e-01 
 8.10000000e-01  3.13894703e-09  3.47960839e-09  3.49650036e-09  4.58005499e-01  4.58005498e-01  3.19374229e-09  4.58005498e-01  1.58517944e-07  1.32344780e-07  8.10000000e-01 
 8.20000000e-01  3.13894703e-09  3.47960839e-09  3.49650032e-09  4.58005496e-01  4.58005496e-01  3.19374229e-09  4.58005496e-01  1.58517936e-07  1.32344645e-07  8.20000000e-01 
 8.30000000e-01  3.13894703e-09  3.47960839e-09  3.49650037e-09  4.58005497e-01  4.58005497e-01  3.19374229e-09  4.58005497e-01  1.58517943e-07  1.32344638e-07  8.30000000e-01 
 8.40000000e-01  3.13894703e-09  3.47960839e-09  3.49650036e-09  4.58005499e-01  4.58005499e-01  3.19374229e-09  4.58005499e-01  1.58517931e-07  1.32344439e-07  8.40000000e-01 
 8.50000000e-01  3.13894703e-09  3.47960839e-09  3.49650038e-09  4.58005494e-01  4.58005494e-01  3.19374229e-09  4.58005494e-01  1.58517933e-07  1.32344326e-07  8.50000000e-01 
 8.60000000e-01  3.13894703e-09  3.47960839e-09  3.49650036e-09  4.58005485e-01  4.58005484e-01  3.19374229e-09  4.58005484e-01  1.58517932e-07  1.32344248e-07  8.60000000e-01 
 8.70000000e-01  3.13894703e-09  3.47960839e-09  3.49650032e-09  4.58005466e-01  4.58005466e-01  3.19374229e-09  4.58005466e-01  1.58517900e-07  1.32344063e-07  8.70000000e-01 
 8.80000000e-01  3.13894703e-09  3.47960839e-09  3.49650037e-09  4.58005490e-01  4.58005490e-01  3.19374229e-09  4.58005490e-01  1.58517934e-07  1.32343999e-07  8.80000000e-01 
 8.90000000e-01  3.13894703e-09  3.47960839e-09  3.49650041e-09  4.58005492e-01  4.58005491e-01  3.19374229e-09  4.58005491e-01  1.58517929e-07  1.32343963e-07  8.90000000e-01 
 9.00000000e-01  3.13894703e-09  3.47960839e-09  3.49650037e-09  4.58005508e-01  4.58005508e-01  3.19374229e-09  4.58005508e-01  1.58517966e-07  1.32343899e-07  9.00000000e-01 
 9.10000000e-01  3.13894703e-09  3.47960839e-09  3.49650036e-09  4.58005482e-01  4.58005481e-01  3.19374229e-09  4.58005481e-01  1.58517912e-07  1.32343786e-07  9.10000000e-01 
 9.20000000e-01  3.13894703e-09  3.47960833e-09  3.49650036e-09  4.58005481e-01  4.58005481e-01  3.19374229e-09  4.58005481e-01  1.58517917e-07  1.32343693e-07  9.20000000e-01 
 9.30000000e-01  3.13894703e-09  3.47960839e-09  3.49650036e-09  4.58005479e-01  4.58005479e-01  3.19374223e-09  4.58005479e-01  1.58517910e-07  1.32343558e-07  9.30000000e-01 
 9.40000000e-01  3.13894703e-09  3.47960839e-09  3.49650037e-09  4.58005502e-01  4.58005502e-01  3.19374229e-09  4.58005502e-01  1.58517964e-07  1.32343686e-07  9.40000000e-01 
 9.50000000e-01  3.13894703e-09  3.47960839e-09  3.49650036e-09  4.58005494e-01  4.58005494e-01  3.19374229e-09  4.58005494e-01  1.58517948e-07  1.32343388e-07  9.50000000e-01 
 9.60000000e-01  3.13894703e-09  3.47960839e-09  3.49650036e-09  4.58005477e-01  4.58005477e-01  3.19374223e-09  4.58005477e-01  1.58517918e-07  1.32343239e-07  9.60000000e-01 
 9.70000000e-01  3.13894703e-09  3.47960839e-09  3.49650036e-09  4.58005476e-01  4.58005476e-01  3.19374229e-09  4.58005476e-01  1.58517920e-07  1.32343182e-07  9.70000000e-01 
 9.80000000e-01  3.13894703e-09  3.47960839e-09  3.49650036e-09  4.58005479e-01  4.58005479e-01  3.19374229e-09  4.58005479e-01  1.58517907e-07  1.32343132e-07  9.80000000e-01 
 9.90000000e-01  3.13894703e-09  3.47960839e-09  3.49650036e-09  4.58005473e-01  4.58005473e-01  3.19374229e-09  4.58005473e-01  1.58517907e-07  1.32342862e-07  9.90000000e-01 
 1.00000000e+00  3.13894703e-09  3.47960839e-09  3.49650036e-09  4.58005489e-01  4.58005489e-01  3.19374223e-09  4.58005489e-01  1.58517930e-07  1.32342912e-07  1.00000000e+00 
 1.01000000e+00  3.13894703e-09  3.47960839e-09  3.49650036e-09  4.58005490e-01  4.58005490e-01  3.19374229e-09  4.58005490e-01  1.58517926e-07  1.32342819e-07  1.01000000e+00 
 1.02000000e+00  3.13894703e-09  3.47960839e-09  3.49650036e-09  4.58005492e-01  4.58005492e-01  3.19374229e-09  4.58005492e-01  1.58517946e-07  1.32342713e-07  1.02000000e+00 
 1.03000000e+00  3.13894703e-09  3.47960839e-09  3.49650036e-09  4.58005482e-01  4.58005482e-01  3.19374229e-09  4.58005482e-01  1.58517920e-07  1.32342635e-07  1.03000000e+00 
 1.04000000e+00  3.13894703e-09  3.47960839e-09  3.49650036e-09  4.58005494e-01  4.58005494e-01  3.19374223e-09  4.58005494e-01  1.58517947e-07  1.32342464e-07  1.04000000e+00 
 1.05000000e+00  3.13894703e-09  3.47960839e-09  3.49650036e-09  4.58005498e-01  4.58005498e-01  3.19374229e-09  4.58005498e-01  1.58517943e-07  1.32342450e-07  1.05000000e+00 
 1.06000000e+00  3.13894703e-09  3.47960839e-09  3.49650036e-09  4.58005493e-01  4.58005493e-01  3.19374223e-09  4.58005493e-01  1.58517933e-07  1.32342329e-07  1.06000000e+00 
 1.07000000e+00  3.13894703e-09  3.47960839e-09  3.49650036e-09  4.58005500e-01  4.58005500e-01  3.19374229e-09  4.58005500e-01  1.58517953e-07  1.32342215e-07  1.07000000e+00 
 1.08000000e+00  3.13894703e-09  3.47960839e-09  3.49650036e-09  4.58005492e-01  4.58005492e-01  3.19374229e-09  4.58005492e-01  1.58517933e-07  1.32342031e-07  1.08000000e+00 
 1.09000000e+00  3.13894703e-09  3.47960839e-09  3.49650036e-09  4.58005493e-01  4.58005493e-01  3.19374229e-09  4.58005493e-01  1.58517939e-07  1.32342031e-07  1.09000000e+00 
 1.10000000e+00  3.13894703e-09  3.47960839e-09  3.49650037e-09  4.58005507e-01  4.58005507e-01  3.19374229e-09  4.58005507e-01  1.58517970e-07  1.32341846e-07  1.10000000e+00 
 1.11000000e+00  3.13894703e-09  3.47960839e-09  3.49650036e-09  4.58005471e-01  4.58005471e-01  3.19374229e-09  4.58005471e-01  1.58517896e-07  1.32341711e-07  1.11000000e+00 
 1.12000000e+00  3.13894703e-09  3.47960839e-09  3.49650038e-09  4.58005509e-01  4.58005509e-01  3.19374229e-09  4.58005509e-01  1.58517961e-07  1.32341640e-07  1.12000000e+00 
 1.13000000e+00  3.13894703e-09  3.47960839e-09  3.49650042e-09  4.58005499e-01  4.58005499e-01  3.19374229e-09  4.58005499e-01  1.58517932e-07  1.32341469e-07  1.13000000e+00 
 1.14000000e+00  3.13894703e-09  3.47960839e-09  3.49650036e-09  4.58005495e-01  4.58005495e-01  3.19374223e-09  4.58005495e-01  1.58517947e-07  1.32341476e-07  1.14000000e+00 
 1.15000000e+00  3.13894703e-09  3.47960839e-09  3.49650042e-09  4.58005490e-01  4.58005490e-01  3.19374229e-09  4.58005490e-01  1.58517926e-07  1.32341235e-07  1.15000000e+00 
 1.16000000e+00  3.13894703e-09  3.47960839e-09  3.49650036e-09  4.58005495e-01  4.58005495e-01  3.19374229e-09  4.58005495e-01  1.58517925e-07  1.32341185e-07  1.16000000e+00 
 1.17000000e+00  3.13894703e-09  3.47960839e-09  3.49650036e-09  4.58005489e-01  4.58005489e-01  3.19374223e-09  4.58005489e-01  1.58517943e-07  1.32341043e-07  1.17000000e+00 
 1.18000000e+00  3.13894703e-09  3.47960839e-09  3.49650036e-09  4.58005492e-01  4.58005492e-01  3.19374229e-09  4.58005492e-01  1.58517925e-07  1.32340929e-07  1.18000000e+00 
 1.19000000e+00  3.13894703e-09  3.47960839e-09  3.49650037e-09  4.58005512e-01  4.58005512e-01  3.19374229e-09  4.58005512e-01  1.58517965e-07  1.32340944e-07  1.19000000e+00 
 1.20000000e+00  3.13894703e-09  3.47960839e-09  3.49650036e-09  4.58005483e-01  4.58005483e-01  3.19374229e-09  4.58005483e-01  1.58517914e-07  1.32340688e-07  1.20000000e+00 
 1.21000000e+00  3.13894703e-09  3.47960839e-09  3.49650036e-09  4.58005468e-01  4.58005468e-01  3.19374229e-09  4.58005468e-01  1.58517905e-07  1.32340347e-07  1.21000000e+00 
 1.22000000e+00  3.13894703e-09  3.47960839e-09  3.49650038e-09  4.58005501e-01  4.58005501e-01  3.19374229e-09  4.58005501e-01  1.58517953e-07  1.32340375e-07  1.22000000e+00 
 1.23000000e+00  3.13894703e-09  3.47960839e-09  3.49650036e-09  4.58005507e-01  4.58005507e-01  3.19374229e-09  4.58005507e-01  1.58517944e-07  1.32340276e-07  1.23000000e+00 
 1.24000000e+00  3.13894703e-09  3.47960839e-09  3.49650037e-09  4.58005473e-01  4.58005472e-01  3.19374229e-09  4.58005472e-01  1.58517907e-07  1.32340006e-07  1.24000000e+00 
 1.25000000e+00  3.13894703e-09  3.47960839e-09  3.49650036e-09  4.58005506e-01  4.58005506e-01  3.19374229e-09  4.58005506e-01  1.58517948e-07  1.32340034e-07  1.25000000e+00 
 1.26000000e+00  3.13894703e-09  3.47960839e-09  3.49650038e-09  4.58005498e-01  4.58005498e-01  3.19374229e-09  4.58005498e-01  1.58517931e-07  1.32339864e-07  1.26000000e+00 
 1.27000000e+00  3.13894703e-09  3.47960839e-09  3.49650036e-09  4.58005503e-01  4.58005502e-01  3.19374229e-09  4.58005502e-01  1.58517952e-07  1.32339650e-07  1.27000000e+00 
 1.28000000e+00  3.13894703e-09  3.47960839e-09  3.49650032e-09  4.58005470e-01  4.58005470e-01  3.19374229e-09  4.58005470e-01  1.58517897e-07  1.32339466e-07  1.28000000e+00 
 1.29000000e+00  3.13894703e-09  3.47960839e-09  3.49650037e-09  4.58005495e-01  4.58005495e-01  3.19374229e-09  4.58005495e-01  1.58517952e-07  1.32339338e-07  1.29000000e+00 
 1.30000000e+00  3.13894703e-09  3.47960839e-09  3.49650036e-09  4.58005475e-01  4.58005475e-01  3.19374229e-09  4.58005475e-01  1.58517901e-07  1.32339210e-07  1.30000000e+00 
 1.31000000e+00  3.13894703e-09  3.47960839e-09  3.49650032e-09  4.58005475e-01  4.58005475e-01  3.19374229e-09  4.58005475e-01  1.58517917e-07  1.32339039e-07  1.31000000e+00 
 1.32000000e+00  3.13894703e-09  3.47960839e-09  3.49650037e-09  4.58005493e-01  4.58005493e-01  3.19374229e-09  4.58005493e-01  1.58517928e-07  1.32338968e-07  1.32000000e+00 
 1.33000000e+00  3.13894703e-09  3.47960839e-09  3.49650036e-09  4.58005501e-01  4.58005501e-01  3.19374229e-09  4.58005501e-01  1.58517952e-07  1.32338798e-07  1.33000000e+00 
 1.34000000e+00  3.13894703e-09  3.47960839e-09  3.49650038e-09  4.58005518e-01  4.58005518e-01  3.19374229e-09  4.58005518e-01  1.58517974e-07  1.32338656e-07  1.34000000e+00 
 1.35000000e+00  3.13894703e-09  3.47960839e-09  3.49650036e-09  4.58005480e-01  4.58005480e-01  3.19374229e-09  4.58005480e-01  1.58517927e-07  1.32338272e-07  1.35000000e+00 
 1.36000000e+00  3.13894703e-09  3.47960839e-09  3.49650037e-09  4.58005480e-01  4.58005480e-01  3.19374229e-09  4.58005480e-01  1.58517904e-07  1.32338144e-07  1.36000000e+00 
 1.37000000e+00  3.13894703e-09  3.47960839e-09  3.49650036e-09  4.58005478e-01  4.58005478e-01  3.19374229e-09  4.58005478e-01  1.58517917e-07  1.32337917e-07  1.37000000e+00 
 1.38000000e+00  3.13894703e-09  3.47960839e-09  3.49650038e-09  4.58005495e-01  4.58005495e-01  3.19374229e-09  4.58005495e-01  1.58517935e-07  1.32337689e-07  1.38000000e+00 
 1.39000000e+00  3.13894703e-09  3.47960839e-09  3.49650036e-09  4.58005476e-01  4.58005475e-01  3.19374229e-09  4.58005475e-01  1.58517911e-07  1.32337448e-07  1.39000000e+00 
 1.40000000e+00  3.13894703e-09  3.47960839e-09  3.49650038e-09  4.58005519e-01  4.58005518e-01  3.19374229e-09  4.58005518e-01  1.58517974e-07  1.32337192e-07  1.40000000e+00 
 1.41000000e+00  3.13894703e-09  3.47960839e-09  3.49650036e-09  4.58005480e-01  4.58005480e-01  3.19374229e-09  4.58005480e-01  1.58517904e-07  1.32336751e-07  1.41000000e+00 
 1.42000000e+00  3.13894703e-09  3.47960839e-09  3.49650038e-09  4.58005490e-01  4.58005490e-01  3.19374229e-09  4.58005490e-01  1.58517923e-07  1.32336524e-07  1.42000000e+00 
 1.43000000e+00  3.13894703e-09  3.47960839e-09  3.49650036e-09  4.58005506e-01  4.58005506e-01  3.19374229e-09  4.58005506e-01  1.58517952e-07  1.32336211e-07  1.43000000e+00 
 1.44000000e+00  3.13894703e-09  3.47960839e-09  3.49650037e-09  4.58005480e-01  4.58005480e-01  3.19374229e-09  4.58005480e-01  1.58517916e-07  1.32335614e-07  1.44000000e+00 
 1.45000000e+00  3.13894703e-09  3.47960839e-09  3.49650036e-09  4.58005479e-01  4.58005479e-01  3.19374229e-09  4.58005479e-01  1.58517918e-07  1.32335316e-07  1.45000000e+00 
 1.46000000e+00  3.13894703e-09  3.47960839e-09  3.49650032e-09  4.58005483e-01  4.58005483e-01  3.19374229e-09  4.58005483e-01  1.58517924e-07  1.32334719e-07  1.46000000e+00 
 1.47000000e+00  3.13894703e-09  3.47960839e-09  3.49650037e-09  4.58005519e-01  4.58005519e-01  3.19374229e-09  4.58005519e-01  1.58517970e-07  1.32334122e-07  1.47000000e+00 
 1.48000000e+00  3.13894703e-09  3.47960839e-09  3.49650036e-09  4.58005485e-01  4.58005485e-01  3.19374229e-09  4.58005485e-01  1.58517919e-07  1.32333298e-07  1.48000000e+00 
 1.49000000e+00  3.13894703e-09  3.47960839e-09  3.49650037e-09  4.58005472e-01  4.58005472e-01  3.19374229e-09  4.58005472e-01  1.58517900e-07  1.32332417e-07  1.49000000e+00 
 1.50000000e+00  3.13894703e-09  3.47960839e-09  3.49650036e-09  4.58005476e-01  4.58005476e-01  3.19374223e-09  4.58005476e-01  1.58517895e-07  1.32331010e-07  1.50000000e+00 
 1.51000000e+00  3.13894703e-09  3.47960839e-09  3.49650032e-09  4.58005482e-01  4.58005482e-01  3.19374229e-09  4.58005482e-01  1.58517919e-07  1.32329404e-07  1.51000000e+00 
 1.52000000e+00  3.13894703e-09  3.47960839e-09  3.49650037e-09  4.58005477e-01  4.58005476e-01  3.19374229e-09  4.58005476e-01  1.58517929e-07  1.32327415e-07  1.52000000e+00 
 1.53000000e+00  3.13894703e-09  3.47960839e-09  3.49650036e-09  4.58005485e-01  4.58005485e-01  3.19374229e-09  4.58005485e-01  1.58517923e-07  1.32324203e-07  1.53000000e+00 
 1.54000000e+00  3.13894703e-09  3.47960839e-09  3.49650037e-09  4.58005473e-01  4.58005473e-01  3.19374229e-09  4.58005473e-01  1.58517910e-07  1.32319585e-07  1.54000000e+00 
 1.55000000e+00  3.13894703e-09  3.47960839e-09  3.49650036e-09  4.58005494e-01  4.58005494e-01  3.19374229e-09  4.58005494e-01  1.58517936e-07  1.32312707e-07  1.55000000e+00 
 1.56000000e+00  3.13894703e-09  3.47960839e-09  3.49650038e-09  4.58005485e-01  4.58005485e-01  3.19374229e-09  4.58005485e-01  1.58517915e-07  1.32300954e-07  1.56000000e+00 
 1.57000000e+00  3.13894703e-09  3.47960839e-09  3.49650036e-09  4.58005489e-01  4.58005489e-01  3.19374229e-09  4.58005489e-01  1.58517931e-07  1.32281059e-07  1.57000000e+00 
 1.58000000e+00  3.13894703e-09  3.47960839e-09  3.49650038e-09  4.58005488e-01  4.58005488e-01  3.19374229e-09  4.58005488e-01  1.58517923e-07  1.32244963e-07  1.58000000e+00 
 1.59000000e+00  3.13894703e-09  3.47960839e-09  3.49650036e-09  4.58005474e-01  4.58005474e-01  3.19374229e-09  4.58005474e-01  1.58517911e-07  1.32175074e-07  1.59000000e+00 
 1.60000000e+00  3.13894703e-09  3.47960839e-09  3.49650032e-09  4.58005486e-01  4.58005485e-01  3.19374229e-09  4.58005485e-01  1.58517916e-07  1.32025846e-07  1.60000000e+00 
 1.61000000e+00  3.13894703e-09  3.47960839e-09  3.49650036e-09  4.58005496e-01  4.58005496e-01  3.19374229e-09  4.58005496e-01  1.58517936e-07  1.31652357e-07  1.61000000e+00 
 1.62000000e+00  3.13894703e-09  3.47960839e-09  3.49650037e-09  4.58005476e-01  4.58005475e-01  3.19374229e-09  4.58005475e-01  1.58517910e-07  1.30743274e-07  1.62000000e+00 
 1.63000000e+00  3.13894703e-09  3.47960839e-09  3.49650036e-09  4.58005482e-01  4.58005482e-01  3.19374229e-09  4.58005482e-01  1.58517928e-07  1.28911338e-07  1.63000000e+00 
 1.64000000e+00  3.13894703e-09  3.47960839e-09  3.49650036e-09  4.58005483e-01  4.58005483e-01  3.19374229e-09  4.58005483e-01  1.58517935e-07  1.09176810e-07  1.64000000e+00 
 1.65000000e+00  3.13894703e-09  3.47960839e-09  3.49650037e-09  4.58005504e-01  4.58005504e-01  3.19374229e-09  4.58005504e-01  1.58517960e-07  8.97208707e-08  1.65000000e+00 
 1.66000000e+00  3.13894703e-09  3.47960839e-09  3.49650036e-09  4.58005494e-01  4.58005494e-01  3.19374229e-09  4.58005494e-01  1.58517929e-07  7.30202458e-08  1.66000000e+00 
 1.67000000e+00  3.13894703e-09  3.47960839e-09  3.49650037e-09  4.58005505e-01  4.58005505e-01  3.19374229e-09  4.58005505e-01  1.58517943e-07  5.89081282e-08  1.67000000e+00 
 1.68000000e+00  3.13894703e-09  3.47960839e-09  3.49650036e-09  4.58005493e-01  4.58005493e-01  3.19374229e-09  4.58005493e-01  1.58517931e-07  4.71246722e-08  1.68000000e+00 
 1.69000000e+00  3.13894703e-09  3.47960839e-09  3.49650036e-09  4.58005470e-01  4.58005470e-01  3.19374229e-09  4.58005470e-01  1.58517905e-07  3.73638187e-08  1.69000000e+00 
 1.70000000e+00  3.13894703e-09  3.47960839e-09  3.49650037e-09  4.58005473e-01  4.58005473e-01  3.19374229e-09  4.58005473e-01  1.58517914e-07  2.93260456e-08  1.70000000e+00 
 1.71000000e+00  3.13894703e-09  3.47960839e-09  3.49650035e-09  4.58005463e-01  4.58005463e-01  3.19374229e-09  4.58005463e-01  1.58517889e-07  2.27346959e-08  1.71000000e+00 
 1.72000000e+00  3.13894703e-09  3.47960839e-09  3.49650038e-09  4.58005494e-01  4.58005493e-01  3.19374229e-09  4.58005493e-01  1.58517936e-07  1.73449735e-08  1.72000000e+00 
 1.73000000e+00  3.13894703e-09  3.47960839e-09  3.49650041e-09  4.58005470e-01  4.58005470e-01  3.19374229e-09  4.58005470e-01  1.58517893e-07  1.29435449e-08  1.73000000e+00 
 1.74000000e+00  3.13894703e-09  3.47960839e-09  3.49650036e-09  4.58005475e-01  4.58005475e-01  3.19374229e-09  4.58005475e-01  1.58517922e-07  9.34562649e-09  1.74000000e+00 
 1.75000000e+00  3.13894703e-09  3.47960839e-09  3.49650036e-09  4.58005488e-01  4.58005488e-01  3.19374229e-09  4.58005488e-01  1.58517910e-07  6.39089137e-09  1.75000000e+00 
 1.76000000e+00  3.13894703e-09  3.47960839e-09  3.49650037e-09  4.58005507e-01  4.58005506e-01  3.19374229e-09  4.58005506e-01  1.58517955e-07  3.94166477e-09  1.76000000e+00 
 1.77000000e+00  3.13894703e-09  3.47960839e-09  3.49650036e-09  4.58005486e-01  4.58005486e-01  3.19374229e-09  4.58005486e-01  1.58517921e-07  1.88998683e-09  1.77000000e+00 
 1.78000000e+00  3.13894703e-09  3.47960839e-09  3.49650036e-09  4.58005497e-01  4.58005497e-01  3.19374229e-09  4.58005497e-01  1.58517939e-07  1.70075509e-10  1.78000000e+00 
 1.79000000e+00  3.13894703e-09  3.47960839e-09  3.49650036e-09  4.58005495e-01  4.58005495e-01  3.19374229e-09  4.58005495e-01  1.58517942e-07 -1.23768018e-09  1.79000000e+00 
 1.80000000e+00  3.13894703e-09  3.47960839e-09  3.49650036e-09  4.58005481e-01  4.58005481e-01  3.19374229e-09  4.58005481e-01  1.58517912e-07 -2.33055175e-09  1.80000000e+00 
