 v-sweep         v(b0)           v(b1)           v(b2)           v(b3)           v(b4)           v(b5)           v(b6)           i(vbias)        i(viout)        v(vout)        
 0.00000000e+00  3.23960753e-09  4.58005115e-01  4.58005115e-01  3.36696707e-09  3.16519618e-09  3.36434583e-09  4.58005115e-01  1.56985289e-07  1.03320912e-07  0.00000000e+00 
 1.00000000e-02  3.23960755e-09  4.58005118e-01  4.58005118e-01  3.36696711e-09  3.16519615e-09  3.36434580e-09  4.58005118e-01  1.56985302e-07  1.03320442e-07  1.00000000e-02 
 2.00000000e-02  3.23960756e-09  4.58005128e-01  4.58005128e-01  3.36696711e-09  3.16519615e-09  3.36434580e-09  4.58005128e-01  1.56985309e-07  1.03320028e-07  2.00000000e-02 
 3.00000000e-02  3.23960756e-09  4.58005134e-01  4.58005134e-01  3.36696705e-09  3.16519615e-09  3.36434580e-09  4.58005134e-01  1.56985329e-07  1.03319646e-07  3.00000000e-02 
 4.00000000e-02  3.23960755e-09  4.58005116e-01  4.58005116e-01  3.36696711e-09  3.16519615e-09  3.36434579e-09  4.58005116e-01  1.56985295e-07  1.03319314e-07  4.00000000e-02 
 5.00000000e-02  3.23960756e-09  4.58005140e-01  4.58005140e-01  3.36696711e-09  3.16519615e-09  3.36434580e-09  4.58005140e-01  1.56985341e-07  1.03319012e-07  5.00000000e-02 
 6.00000000e-02  3.23960756e-09  4.58005124e-01  4.58005124e-01  3.36696711e-09  3.16519615e-09  3.36434580e-09  4.58005124e-01  1.56985314e-07  1.03318647e-07  6.00000000e-02 
 7.00000000e-02  3.23960755e-09  4.58005097e-01  4.58005097e-01  3.36696711e-09  3.16519621e-09  3.36434579e-09  4.58005097e-01  1.56985264e-07  1.03318196e-07  7.00000000e-02 
 8.00000000e-02  3.23960750e-09  4.58005120e-01  4.58005120e-01  3.36696705e-09  3.16519620e-09  3.36434580e-09  4.58005120e-01  1.56985309e-07  1.03317921e-07  8.00000000e-02 
 9.00000000e-02  3.23960755e-09  4.58005117e-01  4.58005116e-01  3.36696705e-09  3.16519615e-09  3.36434579e-09  4.58005117e-01  1.56985294e-07  1.03317639e-07  9.00000000e-02 
 1.00000000e-01  3.23960755e-09  4.58005115e-01  4.58005115e-01  3.36696711e-09  3.16519616e-09  3.36434579e-09  4.58005115e-01  1.56985305e-07  1.03317323e-07  1.00000000e-01 
 1.10000000e-01  3.23960756e-09  4.58005129e-01  4.58005129e-01  3.36696711e-09  3.16519615e-09  3.36434580e-09  4.58005129e-01  1.56985331e-07  1.03317157e-07  1.10000000e-01 
 1.20000000e-01  3.23960755e-09  4.58005097e-01  4.58005097e-01  3.36696711e-09  3.16519615e-09  3.36434579e-09  4.58005097e-01  1.56985276e-07  1.03316809e-07  1.20000000e-01 
 1.30000000e-01  3.23960755e-09  4.58005111e-01  4.58005111e-01  3.36696711e-09  3.16519615e-09  3.36434579e-09  4.58005111e-01  1.56985272e-07  1.03316564e-07  1.30000000e-01 
 1.40000000e-01  3.23960756e-09  4.58005148e-01  4.58005148e-01  3.36696711e-09  3.16519615e-09  3.36434580e-09  4.58005148e-01  1.56985347e-07  1.03316455e-07  1.40000000e-01 
 1.50000000e-01  3.23960755e-09  4.58005103e-01  4.58005103e-01  3.36696711e-09  3.16519615e-09  3.36434579e-09  4.58005103e-01  1.56985275e-07  1.03316230e-07  1.50000000e-01 
 1.60000000e-01  3.23960755e-09  4.58005117e-01  4.58005117e-01  3.36696705e-09  3.16519615e-09  3.36434579e-09  4.58005117e-01  1.56985302e-07  1.03316030e-07  1.60000000e-01 
 1.70000000e-01  3.23960755e-09  4.58005091e-01  4.58005091e-01  3.36696711e-09  3.16519615e-09  3.36434579e-09  4.58005091e-01  1.56985261e-07  1.03315660e-07  1.70000000e-01 
 1.80000000e-01  3.23960755e-09  4.58005110e-01  4.58005110e-01  3.36696705e-09  3.16519615e-09  3.36434579e-09  4.58005110e-01  1.56985287e-07  1.03315509e-07  1.80000000e-01 
 1.90000000e-01  3.23960756e-09  4.58005124e-01  4.58005124e-01  3.36696711e-09  3.16519615e-09  3.36434580e-09  4.58005124e-01  1.56985323e-07  1.03315459e-07  1.90000000e-01 
 2.00000000e-01  3.23960750e-09  4.58005142e-01  4.58005141e-01  3.36696705e-09  3.16519621e-09  3.36434580e-09  4.58005142e-01  1.56985335e-07  1.03315237e-07  2.00000000e-01 
 2.10000000e-01  3.23960756e-09  4.58005136e-01  4.58005136e-01  3.36696711e-09  3.16519614e-09  3.36434580e-09  4.58005136e-01  1.56985323e-07  1.03315037e-07  2.10000000e-01 
 2.20000000e-01  3.23960750e-09  4.58005098e-01  4.58005098e-01  3.36696711e-09  3.16519616e-09  3.36434579e-09  4.58005098e-01  1.56985280e-07  1.03314889e-07  2.20000000e-01 
 2.30000000e-01  3.23960756e-09  4.58005137e-01  4.58005136e-01  3.36696711e-09  3.16519615e-09  3.36434580e-09  4.58005137e-01  1.56985331e-07  1.03314846e-07  2.30000000e-01 
 2.40000000e-01  3.23960755e-09  4.58005122e-01  4.58005121e-01  3.36696711e-09  3.16519615e-09  3.36434580e-09  4.58005122e-01  1.56985306e-07  1.03314658e-07  2.40000000e-01 
 2.50000000e-01  3.23960756e-09  4.58005124e-01  4.58005124e-01  3.36696711e-09  3.16519615e-09  3.36434580e-09  4.58005124e-01  1.56985322e-07  1.03314484e-07  2.50000000e-01 
 2.60000000e-01  3.23960756e-09  4.58005150e-01  4.58005149e-01  3.36696711e-09  3.16519615e-09  3.36434580e-09  4.58005150e-01  1.56985349e-07  1.03314463e-07  2.60000000e-01 
 2.70000000e-01  3.23960756e-09  4.58005129e-01  4.58005129e-01  3.36696711e-09  3.16519615e-09  3.36434580e-09  4.58005130e-01  1.56985315e-07  1.03314282e-07  2.70000000e-01 
 2.80000000e-01  3.23960755e-09  4.58005106e-01  4.58005106e-01  3.36696711e-09  3.16519615e-09  3.36434579e-09  4.58005106e-01  1.56985302e-07  1.03313903e-07  2.80000000e-01 
 2.90000000e-01  3.23960756e-09  4.58005126e-01  4.58005126e-01  3.36696711e-09  3.16519615e-09  3.36434580e-09  4.58005126e-01  1.56985306e-07  1.03313898e-07  2.90000000e-01 
 3.00000000e-01  3.23960756e-09  4.58005130e-01  4.58005130e-01  3.36696711e-09  3.16519615e-09  3.36434580e-09  4.58005130e-01  1.56985319e-07  1.03313813e-07  3.00000000e-01 
 3.10000000e-01  3.23960755e-09  4.58005113e-01  4.58005112e-01  3.36696705e-09  3.16519615e-09  3.36434579e-09  4.58005113e-01  1.56985299e-07  1.03313734e-07  3.10000000e-01 
 3.20000000e-01  3.23960756e-09  4.58005154e-01  4.58005154e-01  3.36696711e-09  3.16519615e-09  3.36434580e-09  4.58005154e-01  1.56985358e-07  1.03313685e-07  3.20000000e-01 
 3.30000000e-01  3.23960750e-09  4.58005128e-01  4.58005128e-01  3.36696711e-09  3.16519615e-09  3.36434580e-09  4.58005128e-01  1.56985306e-07  1.03313504e-07  3.30000000e-01 
 3.40000000e-01  3.23960756e-09  4.58005129e-01  4.58005129e-01  3.36696711e-09  3.16519615e-09  3.36434580e-09  4.58005129e-01  1.56985304e-07  1.03313464e-07  3.40000000e-01 
 3.50000000e-01  3.23960755e-09  4.58005120e-01  4.58005120e-01  3.36696711e-09  3.16519615e-09  3.36434580e-09  4.58005120e-01  1.56985294e-07  1.03313241e-07  3.50000000e-01 
 3.60000000e-01  3.23960755e-09  4.58005113e-01  4.58005113e-01  3.36696711e-09  3.16519615e-09  3.36434579e-09  4.58005113e-01  1.56985313e-07  1.03313120e-07  3.60000000e-01 
 3.70000000e-01  3.23960756e-09  4.58005136e-01  4.58005135e-01  3.36696711e-09  3.16519615e-09  3.36434580e-09  4.58005136e-01  1.56985329e-07  1.03313141e-07  3.70000000e-01 
 3.80000000e-01  3.23960750e-09  4.58005135e-01  4.58005135e-01  3.36696711e-09  3.16519615e-09  3.36434580e-09  4.58005135e-01  1.56985337e-07  1.03312956e-07  3.80000000e-01 
 3.90000000e-01  3.23960755e-09  4.58005122e-01  4.58005122e-01  3.36696711e-09  3.16519615e-09  3.36434580e-09  4.58005122e-01  1.56985313e-07  1.03312843e-07  3.90000000e-01 
 4.00000000e-01  3.23960755e-09  4.58005115e-01  4.58005115e-01  3.36696711e-09  3.16519621e-09  3.36434579e-09  4.58005115e-01  1.56985303e-07  1.03312836e-07  4.00000000e-01 
 4.10000000e-01  3.23960756e-09  4.58005137e-01  4.58005137e-01  3.36696711e-09  3.16519614e-09  3.36434580e-09  4.58005137e-01  1.56985327e-07  1.03312779e-07  4.10000000e-01 
 4.20000000e-01  3.23960756e-09  4.58005134e-01  4.58005134e-01  3.36696711e-09  3.16519616e-09  3.36434580e-09  4.58005134e-01  1.56985324e-07  1.03312672e-07  4.20000000e-01 
 4.30000000e-01  3.23960756e-09  4.58005153e-01  4.58005153e-01  3.36696711e-09  3.16519615e-09  3.36434580e-09  4.58005153e-01  1.56985345e-07  1.03312683e-07  4.30000000e-01 
 4.40000000e-01  3.23960756e-09  4.58005132e-01  4.58005132e-01  3.36696711e-09  3.16519621e-09  3.36434580e-09  4.58005132e-01  1.56985315e-07  1.03312424e-07  4.40000000e-01 
 4.50000000e-01  3.23960755e-09  4.58005108e-01  4.58005108e-01  3.36696705e-09  3.16519614e-09  3.36434579e-09  4.58005108e-01  1.56985275e-07  1.03312267e-07  4.50000000e-01 
 4.60000000e-01  3.23960756e-09  4.58005144e-01  4.58005144e-01  3.36696711e-09  3.16519616e-09  3.36434580e-09  4.58005144e-01  1.56985339e-07  1.03312299e-07  4.60000000e-01 
 4.70000000e-01  3.23960755e-09  4.58005107e-01  4.58005106e-01  3.36696711e-09  3.16519615e-09  3.36434579e-09  4.58005107e-01  1.56985269e-07  1.03312136e-07  4.70000000e-01 
 4.80000000e-01  3.23960750e-09  4.58005120e-01  4.58005120e-01  3.36696711e-09  3.16519615e-09  3.36434580e-09  4.58005120e-01  1.56985291e-07  1.03312100e-07  4.80000000e-01 
 4.90000000e-01  3.23960756e-09  4.58005146e-01  4.58005146e-01  3.36696711e-09  3.16519615e-09  3.36434580e-09  4.58005146e-01  1.56985347e-07  1.03312104e-07  4.90000000e-01 
 5.00000000e-01  3.23960750e-09  4.58005144e-01  4.58005144e-01  3.36696711e-09  3.16519615e-09  3.36434580e-09  4.58005144e-01  1.56985337e-07  1.03311983e-07  5.00000000e-01 
 5.10000000e-01  3.23960756e-09  4.58005125e-01  4.58005124e-01  3.36696711e-09  3.16519615e-09  3.36434580e-09  4.58005125e-01  1.56985308e-07  1.03311940e-07  5.10000000e-01 
 5.20000000e-01  3.23960756e-09  4.58005124e-01  4.58005124e-01  3.36696711e-09  3.16519621e-09  3.36434580e-09  4.58005124e-01  1.56985312e-07  1.03311816e-07  5.20000000e-01 
 5.30000000e-01  3.23960756e-09  4.58005134e-01  4.58005134e-01  3.36696711e-09  3.16519620e-09  3.36434580e-09  4.58005134e-01  1.56985332e-07  1.03311724e-07  5.30000000e-01 
 5.40000000e-01  3.23960755e-09  4.58005094e-01  4.58005094e-01  3.36696711e-09  3.16519614e-09  3.36434579e-09  4.58005094e-01  1.56985254e-07  1.03311525e-07  5.40000000e-01 
 5.50000000e-01  3.23960756e-09  4.58005131e-01  4.58005130e-01  3.36696705e-09  3.16519616e-09  3.36434580e-09  4.58005131e-01  1.56985315e-07  1.03311546e-07  5.50000000e-01 
 5.60000000e-01  3.23960755e-09  4.58005120e-01  4.58005120e-01  3.36696711e-09  3.16519615e-09  3.36434580e-09  4.58005120e-01  1.56985296e-07  1.03311400e-07  5.60000000e-01 
 5.70000000e-01  3.23960750e-09  4.58005110e-01  4.58005110e-01  3.36696705e-09  3.16519615e-09  3.36434579e-09  4.58005110e-01  1.56985297e-07  1.03311407e-07  5.70000000e-01 
 5.80000000e-01  3.23960750e-09  4.58005130e-01  4.58005130e-01  3.36696711e-09  3.16519615e-09  3.36434580e-09  4.58005130e-01  1.56985324e-07  1.03311322e-07  5.80000000e-01 
 5.90000000e-01  3.23960755e-09  4.58005121e-01  4.58005120e-01  3.36696705e-09  3.16519615e-09  3.36434580e-09  4.58005121e-01  1.56985319e-07  1.03311216e-07  5.90000000e-01 
 6.00000000e-01  3.23960755e-09  4.58005099e-01  4.58005098e-01  3.36696711e-09  3.16519621e-09  3.36434579e-09  4.58005099e-01  1.56985282e-07  1.03311088e-07  6.00000000e-01 
 6.10000000e-01  3.23960755e-09  4.58005112e-01  4.58005111e-01  3.36696711e-09  3.16519614e-09  3.36434579e-09  4.58005112e-01  1.56985279e-07  1.03311017e-07  6.10000000e-01 
 6.20000000e-01  3.23960756e-09  4.58005142e-01  4.58005142e-01  3.36696711e-09  3.16519616e-09  3.36434580e-09  4.58005142e-01  1.56985339e-07  1.03311066e-07  6.20000000e-01 
 6.30000000e-01  3.23960750e-09  4.58005146e-01  4.58005146e-01  3.36696711e-09  3.16519615e-09  3.36434580e-09  4.58005146e-01  1.56985338e-07  1.03311059e-07  6.30000000e-01 
 6.40000000e-01  3.23960756e-09  4.58005142e-01  4.58005142e-01  3.36696711e-09  3.16519615e-09  3.36434586e-09  4.58005142e-01  1.56985329e-07  1.03310917e-07  6.40000000e-01 
 6.50000000e-01  3.23960756e-09  4.58005144e-01  4.58005144e-01  3.36696711e-09  3.16519615e-09  3.36434580e-09  4.58005144e-01  1.56985330e-07  1.03310860e-07  6.50000000e-01 
 6.60000000e-01  3.23960756e-09  4.58005138e-01  4.58005138e-01  3.36696711e-09  3.16519621e-09  3.36434580e-09  4.58005138e-01  1.56985328e-07  1.03310768e-07  6.60000000e-01 
 6.70000000e-01  3.23960756e-09  4.58005124e-01  4.58005123e-01  3.36696711e-09  3.16519614e-09  3.36434580e-09  4.58005124e-01  1.56985314e-07  1.03310605e-07  6.70000000e-01 
 6.80000000e-01  3.23960750e-09  4.58005105e-01  4.58005104e-01  3.36696711e-09  3.16519616e-09  3.36434579e-09  4.58005105e-01  1.56985295e-07  1.03310427e-07  6.80000000e-01 
 6.90000000e-01  3.23960750e-09  4.58005123e-01  4.58005123e-01  3.36696711e-09  3.16519615e-09  3.36434580e-09  4.58005123e-01  1.56985304e-07  1.03310491e-07  6.90000000e-01 
 7.00000000e-01  3.23960755e-09  4.58005119e-01  4.58005119e-01  3.36696711e-09  3.16519615e-09  3.36434580e-09  4.58005119e-01  1.56985295e-07  1.03310448e-07  7.00000000e-01 
 7.10000000e-01  3.23960755e-09  4.58005120e-01  4.58005119e-01  3.36696711e-09  3.16519615e-09  3.36434580e-09  4.58005120e-01  1.56985304e-07  1.03310335e-07  7.10000000e-01 
 7.20000000e-01  3.23960755e-09  4.58005123e-01  4.58005122e-01  3.36696711e-09  3.16519621e-09  3.36434580e-09  4.58005123e-01  1.56985307e-07  1.03310263e-07  7.20000000e-01 
 7.30000000e-01  3.23960756e-09  4.58005129e-01  4.58005128e-01  3.36696705e-09  3.16519620e-09  3.36434580e-09  4.58005129e-01  1.56985316e-07  1.03310192e-07  7.30000000e-01 
 7.40000000e-01  3.23960756e-09  4.58005137e-01  4.58005137e-01  3.36696711e-09  3.16519615e-09  3.36434580e-09  4.58005137e-01  1.56985337e-07  1.03310185e-07  7.40000000e-01 
 7.50000000e-01  3.23960756e-09  4.58005128e-01  4.58005128e-01  3.36696711e-09  3.16519616e-09  3.36434580e-09  4.58005128e-01  1.56985315e-07  1.03310086e-07  7.50000000e-01 
 7.60000000e-01  3.23960756e-09  4.58005128e-01  4.58005128e-01  3.36696711e-09  3.16519615e-09  3.36434580e-09  4.58005128e-01  1.56985326e-07  1.03309965e-07  7.60000000e-01 
 7.70000000e-01  3.23960756e-09  4.58005141e-01  4.58005141e-01  3.36696711e-09  3.16519615e-09  3.36434580e-09  4.58005141e-01  1.56985339e-07  1.03309958e-07  7.70000000e-01 
 7.80000000e-01  3.23960755e-09  4.58005121e-01  4.58005121e-01  3.36696711e-09  3.16519615e-09  3.36434580e-09  4.58005121e-01  1.56985307e-07  1.03309794e-07  7.80000000e-01 
 7.90000000e-01  3.23960750e-09  4.58005123e-01  4.58005122e-01  3.36696711e-09  3.16519621e-09  3.36434580e-09  4.58005123e-01  1.56985304e-07  1.03309802e-07  7.90000000e-01 
 8.00000000e-01  3.23960750e-09  4.58005145e-01  4.58005145e-01  3.36696711e-09  3.16519614e-09  3.36434580e-09  4.58005145e-01  1.56985341e-07  1.03309780e-07  8.00000000e-01 
 8.10000000e-01  3.23960750e-09  4.58005128e-01  4.58005128e-01  3.36696711e-09  3.16519616e-09  3.36434580e-09  4.58005128e-01  1.56985306e-07  1.03309588e-07  8.10000000e-01 
 8.20000000e-01  3.23960755e-09  4.58005114e-01  4.58005114e-01  3.36696711e-09  3.16519615e-09  3.36434579e-09  4.58005114e-01  1.56985284e-07  1.03309453e-07  8.20000000e-01 
 8.30000000e-01  3.23960756e-09  4.58005133e-01  4.58005133e-01  3.36696711e-09  3.16519621e-09  3.36434580e-09  4.58005133e-01  1.56985322e-07  1.03309461e-07  8.30000000e-01 
 8.40000000e-01  3.23960755e-09  4.58005103e-01  4.58005103e-01  3.36696705e-09  3.16519614e-09  3.36434579e-09  4.58005103e-01  1.56985289e-07  1.03309326e-07  8.40000000e-01 
 8.50000000e-01  3.23960755e-09  4.58005106e-01  4.58005106e-01  3.36696711e-09  3.16519616e-09  3.36434579e-09  4.58005106e-01  1.56985278e-07  1.03309283e-07  8.50000000e-01 
 8.60000000e-01  3.23960755e-09  4.58005111e-01  4.58005111e-01  3.36696711e-09  3.16519615e-09  3.36434579e-09  4.58005111e-01  1.56985281e-07  1.03309183e-07  8.60000000e-01 
 8.70000000e-01  3.23960750e-09  4.58005137e-01  4.58005137e-01  3.36696711e-09  3.16519615e-09  3.36434580e-09  4.58005137e-01  1.56985332e-07  1.03309240e-07  8.70000000e-01 
 8.80000000e-01  3.23960756e-09  4.58005153e-01  4.58005153e-01  3.36696711e-09  3.16519615e-09  3.36434580e-09  4.58005153e-01  1.56985351e-07  1.03309105e-07  8.80000000e-01 
 8.90000000e-01  3.23960750e-09  4.58005146e-01  4.58005145e-01  3.36696705e-09  3.16519615e-09  3.36434580e-09  4.58005146e-01  1.56985339e-07  1.03309006e-07  8.90000000e-01 
 9.00000000e-01  3.23960756e-09  4.58005125e-01  4.58005125e-01  3.36696711e-09  3.16519615e-09  3.36434580e-09  4.58005125e-01  1.56985306e-07  1.03308885e-07  9.00000000e-01 
 9.10000000e-01  3.23960756e-09  4.58005157e-01  4.58005157e-01  3.36696711e-09  3.16519615e-09  3.36434580e-09  4.58005157e-01  1.56985362e-07  1.03308835e-07  9.10000000e-01 
 9.20000000e-01  3.23960750e-09  4.58005111e-01  4.58005111e-01  3.36696711e-09  3.16519615e-09  3.36434579e-09  4.58005111e-01  1.56985291e-07  1.03308693e-07  9.20000000e-01 
 9.30000000e-01  3.23960755e-09  4.58005120e-01  4.58005120e-01  3.36696711e-09  3.16519615e-09  3.36434580e-09  4.58005120e-01  1.56985303e-07  1.03308686e-07  9.30000000e-01 
 9.40000000e-01  3.23960756e-09  4.58005141e-01  4.58005141e-01  3.36696711e-09  3.16519615e-09  3.36434580e-09  4.58005141e-01  1.56985340e-07  1.03308537e-07  9.40000000e-01 
 9.50000000e-01  3.23960756e-09  4.58005159e-01  4.58005159e-01  3.36696711e-09  3.16519615e-09  3.36434580e-09  4.58005159e-01  1.56985349e-07  1.03308516e-07  9.50000000e-01 
 9.60000000e-01  3.23960755e-09  4.58005115e-01  4.58005115e-01  3.36696705e-09  3.16519621e-09  3.36434579e-09  4.58005115e-01  1.56985293e-07  1.03308317e-07  9.60000000e-01 
 9.70000000e-01  3.23960756e-09  4.58005134e-01  4.58005134e-01  3.36696711e-09  3.16519620e-09  3.36434580e-09  4.58005134e-01  1.56985323e-07  1.03308373e-07  9.70000000e-01 
 9.80000000e-01  3.23960756e-09  4.58005128e-01  4.58005128e-01  3.36696711e-09  3.16519615e-09  3.36434580e-09  4.58005128e-01  1.56985325e-07  1.03308324e-07  9.80000000e-01 
 9.90000000e-01  3.23960755e-09  4.58005115e-01  4.58005115e-01  3.36696711e-09  3.16519616e-09  3.36434579e-09  4.58005115e-01  1.56985295e-07  1.03308039e-07  9.90000000e-01 
 1.00000000e+00  3.23960756e-09  4.58005129e-01  4.58005129e-01  3.36696711e-09  3.16519615e-09  3.36434580e-09  4.58005129e-01  1.56985312e-07  1.03308132e-07  1.00000000e+00 
 1.01000000e+00  3.23960755e-09  4.58005122e-01  4.58005122e-01  3.36696705e-09  3.16519615e-09  3.36434580e-09  4.58005122e-01  1.56985303e-07  1.03307904e-07  1.01000000e+00 
 1.02000000e+00  3.23960750e-09  4.58005117e-01  4.58005117e-01  3.36696711e-09  3.16519615e-09  3.36434579e-09  4.58005117e-01  1.56985301e-07  1.03307841e-07  1.02000000e+00 
 1.03000000e+00  3.23960755e-09  4.58005123e-01  4.58005123e-01  3.36696711e-09  3.16519615e-09  3.36434580e-09  4.58005123e-01  1.56985320e-07  1.03307791e-07  1.03000000e+00 
 1.04000000e+00  3.23960750e-09  4.58005105e-01  4.58005105e-01  3.36696711e-09  3.16519615e-09  3.36434579e-09  4.58005105e-01  1.56985302e-07  1.03307592e-07  1.04000000e+00 
 1.05000000e+00  3.23960755e-09  4.58005120e-01  4.58005120e-01  3.36696711e-09  3.16519621e-09  3.36434580e-09  4.58005120e-01  1.56985310e-07  1.03307570e-07  1.05000000e+00 
 1.06000000e+00  3.23960755e-09  4.58005088e-01  4.58005088e-01  3.36696710e-09  3.16519620e-09  3.36434579e-09  4.58005088e-01  1.56985259e-07  1.03307563e-07  1.06000000e+00 
 1.07000000e+00  3.23960755e-09  4.58005107e-01  4.58005107e-01  3.36696711e-09  3.16519615e-09  3.36434585e-09  4.58005107e-01  1.56985287e-07  1.03307407e-07  1.07000000e+00 
 1.08000000e+00  3.23960756e-09  4.58005148e-01  4.58005148e-01  3.36696711e-09  3.16519616e-09  3.36434580e-09  4.58005148e-01  1.56985345e-07  1.03307414e-07  1.08000000e+00 
 1.09000000e+00  3.23960756e-09  4.58005143e-01  4.58005143e-01  3.36696711e-09  3.16519615e-09  3.36434580e-09  4.58005143e-01  1.56985334e-07  1.03307379e-07  1.09000000e+00 
 1.10000000e+00  3.23960755e-09  4.58005113e-01  4.58005113e-01  3.36696711e-09  3.16519615e-09  3.36434579e-09  4.58005113e-01  1.56985302e-07  1.03307102e-07  1.10000000e+00 
 1.11000000e+00  3.23960755e-09  4.58005119e-01  4.58005119e-01  3.36696711e-09  3.16519615e-09  3.36434580e-09  4.58005119e-01  1.56985301e-07  1.03307151e-07  1.11000000e+00 
 1.12000000e+00  3.23960750e-09  4.58005149e-01  4.58005149e-01  3.36696711e-09  3.16519615e-09  3.36434580e-09  4.58005149e-01  1.56985345e-07  1.03307002e-07  1.12000000e+00 
 1.13000000e+00  3.23960756e-09  4.58005136e-01  4.58005135e-01  3.36696711e-09  3.16519615e-09  3.36434580e-09  4.58005136e-01  1.56985322e-07  1.03306832e-07  1.13000000e+00 
 1.14000000e+00  3.23960756e-09  4.58005135e-01  4.58005135e-01  3.36696711e-09  3.16519615e-09  3.36434580e-09  4.58005135e-01  1.56985326e-07  1.03306803e-07  1.14000000e+00 
 1.15000000e+00  3.23960756e-09  4.58005137e-01  4.58005137e-01  3.36696711e-09  3.16519621e-09  3.36434580e-09  4.58005137e-01  1.56985336e-07  1.03306697e-07  1.15000000e+00 
 1.16000000e+00  3.23960756e-09  4.58005128e-01  4.58005128e-01  3.36696711e-09  3.16519620e-09  3.36434580e-09  4.58005128e-01  1.56985316e-07  1.03306689e-07  1.16000000e+00 
 1.17000000e+00  3.23960756e-09  4.58005155e-01  4.58005155e-01  3.36696711e-09  3.16519615e-09  3.36434580e-09  4.58005155e-01  1.56985353e-07  1.03306576e-07  1.17000000e+00 
 1.18000000e+00  3.23960756e-09  4.58005131e-01  4.58005131e-01  3.36696711e-09  3.16519616e-09  3.36434580e-09  4.58005131e-01  1.56985313e-07  1.03306419e-07  1.18000000e+00 
 1.19000000e+00  3.23960750e-09  4.58005115e-01  4.58005114e-01  3.36696711e-09  3.16519615e-09  3.36434579e-09  4.58005115e-01  1.56985295e-07  1.03306277e-07  1.19000000e+00 
 1.20000000e+00  3.23960750e-09  4.58005123e-01  4.58005123e-01  3.36696711e-09  3.16519615e-09  3.36434580e-09  4.58005123e-01  1.56985314e-07  1.03306363e-07  1.20000000e+00 
 1.21000000e+00  3.23960755e-09  4.58005119e-01  4.58005119e-01  3.36696711e-09  3.16519615e-09  3.36434580e-09  4.58005119e-01  1.56985311e-07  1.03306149e-07  1.21000000e+00 
 1.22000000e+00  3.23960755e-09  4.58005103e-01  4.58005103e-01  3.36696711e-09  3.16519615e-09  3.36434579e-09  4.58005103e-01  1.56985287e-07  1.03305950e-07  1.22000000e+00 
 1.23000000e+00  3.23960756e-09  4.58005140e-01  4.58005139e-01  3.36696711e-09  3.16519615e-09  3.36434580e-09  4.58005140e-01  1.56985318e-07  1.03305936e-07  1.23000000e+00 
 1.24000000e+00  3.23960755e-09  4.58005115e-01  4.58005114e-01  3.36696705e-09  3.16519615e-09  3.36434579e-09  4.58005115e-01  1.56985298e-07  1.03305709e-07  1.24000000e+00 
 1.25000000e+00  3.23960756e-09  4.58005130e-01  4.58005129e-01  3.36696711e-09  3.16519615e-09  3.36434580e-09  4.58005130e-01  1.56985310e-07  1.03305709e-07  1.25000000e+00 
 1.26000000e+00  3.23960756e-09  4.58005137e-01  4.58005137e-01  3.36696711e-09  3.16519621e-09  3.36434580e-09  4.58005137e-01  1.56985334e-07  1.03305567e-07  1.26000000e+00 
 1.27000000e+00  3.23960755e-09  4.58005113e-01  4.58005113e-01  3.36696711e-09  3.16519614e-09  3.36434579e-09  4.58005113e-01  1.56985304e-07  1.03305510e-07  1.27000000e+00 
 1.28000000e+00  3.23960755e-09  4.58005115e-01  4.58005114e-01  3.36696711e-09  3.16519616e-09  3.36434579e-09  4.58005115e-01  1.56985304e-07  1.03305339e-07  1.28000000e+00 
 1.29000000e+00  3.23960756e-09  4.58005127e-01  4.58005127e-01  3.36696711e-09  3.16519621e-09  3.36434580e-09  4.58005127e-01  1.56985314e-07  1.03305311e-07  1.29000000e+00 
 1.30000000e+00  3.23960755e-09  4.58005117e-01  4.58005117e-01  3.36696711e-09  3.16519620e-09  3.36434579e-09  4.58005117e-01  1.56985315e-07  1.03305126e-07  1.30000000e+00 
 1.31000000e+00  3.23960755e-09  4.58005098e-01  4.58005098e-01  3.36696711e-09  3.16519614e-09  3.36434579e-09  4.58005098e-01  1.56985276e-07  1.03305041e-07  1.31000000e+00 
 1.32000000e+00  3.23960755e-09  4.58005118e-01  4.58005118e-01  3.36696711e-09  3.16519621e-09  3.36434579e-09  4.58005118e-01  1.56985302e-07  1.03304828e-07  1.32000000e+00 
 1.33000000e+00  3.23960756e-09  4.58005128e-01  4.58005128e-01  3.36696711e-09  3.16519614e-09  3.36434580e-09  4.58005128e-01  1.56985320e-07  1.03304870e-07  1.33000000e+00 
 1.34000000e+00  3.23960756e-09  4.58005144e-01  4.58005144e-01  3.36696711e-09  3.16519616e-09  3.36434580e-09  4.58005144e-01  1.56985351e-07  1.03304600e-07  1.34000000e+00 
 1.35000000e+00  3.23960756e-09  4.58005152e-01  4.58005151e-01  3.36696711e-09  3.16519615e-09  3.36434580e-09  4.58005152e-01  1.56985347e-07  1.03304657e-07  1.35000000e+00 
 1.36000000e+00  3.23960756e-09  4.58005136e-01  4.58005136e-01  3.36696705e-09  3.16519615e-09  3.36434580e-09  4.58005136e-01  1.56985329e-07  1.03304373e-07  1.36000000e+00 
 1.37000000e+00  3.23960755e-09  4.58005084e-01  4.58005084e-01  3.36696710e-09  3.16519615e-09  3.36434579e-09  4.58005084e-01  1.56985251e-07  1.03304004e-07  1.37000000e+00 
 1.38000000e+00  3.23960750e-09  4.58005122e-01  4.58005122e-01  3.36696711e-09  3.16519615e-09  3.36434580e-09  4.58005122e-01  1.56985303e-07  1.03304046e-07  1.38000000e+00 
 1.39000000e+00  3.23960755e-09  4.58005109e-01  4.58005108e-01  3.36696711e-09  3.16519615e-09  3.36434579e-09  4.58005109e-01  1.56985289e-07  1.03303762e-07  1.39000000e+00 
 1.40000000e+00  3.23960756e-09  4.58005126e-01  4.58005126e-01  3.36696705e-09  3.16519615e-09  3.36434580e-09  4.58005126e-01  1.56985307e-07  1.03303663e-07  1.40000000e+00 
 1.41000000e+00  3.23960756e-09  4.58005138e-01  4.58005137e-01  3.36696711e-09  3.16519621e-09  3.36434580e-09  4.58005138e-01  1.56985344e-07  1.03303591e-07  1.41000000e+00 
 1.42000000e+00  3.23960750e-09  4.58005110e-01  4.58005110e-01  3.36696711e-09  3.16519614e-09  3.36434579e-09  4.58005110e-01  1.56985297e-07  1.03303265e-07  1.42000000e+00 
 1.43000000e+00  3.23960755e-09  4.58005114e-01  4.58005114e-01  3.36696711e-09  3.16519616e-09  3.36434579e-09  4.58005114e-01  1.56985289e-07  1.03302881e-07  1.43000000e+00 
 1.44000000e+00  3.23960755e-09  4.58005111e-01  4.58005111e-01  3.36696711e-09  3.16519615e-09  3.36434579e-09  4.58005111e-01  1.56985282e-07  1.03302625e-07  1.44000000e+00 
 1.45000000e+00  3.23960755e-09  4.58005108e-01  4.58005108e-01  3.36696711e-09  3.16519615e-09  3.36434579e-09  4.58005108e-01  1.56985281e-07  1.03302384e-07  1.45000000e+00 
 1.46000000e+00  3.23960755e-09  4.58005114e-01  4.58005114e-01  3.36696711e-09  3.16519615e-09  3.36434579e-09  4.58005114e-01  1.56985303e-07  1.03302057e-07  1.46000000e+00 
 1.47000000e+00  3.23960756e-09  4.58005124e-01  4.58005124e-01  3.36696711e-09  3.16519615e-09  3.36434580e-09  4.58005124e-01  1.56985316e-07  1.03301716e-07  1.47000000e+00 
 1.48000000e+00  3.23960755e-09  4.58005118e-01  4.58005118e-01  3.36696705e-09  3.16519615e-09  3.36434580e-09  4.58005118e-01  1.56985315e-07  1.03301375e-07  1.48000000e+00 
 1.49000000e+00  3.23960756e-09  4.58005130e-01  4.58005130e-01  3.36696711e-09  3.16519615e-09  3.36434580e-09  4.58005130e-01  1.56985321e-07  1.03300891e-07  1.49000000e+00 
 1.50000000e+00  3.23960755e-09  4.58005114e-01  4.58005114e-01  3.36696711e-09  3.16519615e-09  3.36434579e-09  4.58005114e-01  1.56985295e-07  1.03300181e-07  1.50000000e+00 
 1.51000000e+00  3.23960756e-09  4.58005148e-01  4.58005148e-01  3.36696711e-09  3.16519615e-09  3.36434580e-09  4.58005148e-01  1.56985342e-07  1.03299499e-07  1.51000000e+00 
 1.52000000e+00  3.23960756e-09  4.58005164e-01  4.58005164e-01  3.36696705e-09  3.16519615e-09  3.36434580e-09  4.58005164e-01  1.56985359e-07  1.03298575e-07  1.52000000e+00 
 1.53000000e+00  3.23960756e-09  4.58005133e-01  4.58005133e-01  3.36696705e-09  3.16519615e-09  3.36434580e-09  4.58005133e-01  1.56985317e-07  1.03297097e-07  1.53000000e+00 
 1.54000000e+00  3.23960755e-09  4.58005115e-01  4.58005114e-01  3.36696711e-09  3.16519621e-09  3.36434579e-09  4.58005115e-01  1.56985308e-07  1.03295179e-07  1.54000000e+00 
 1.55000000e+00  3.23960756e-09  4.58005128e-01  4.58005128e-01  3.36696711e-09  3.16519620e-09  3.36434580e-09  4.58005128e-01  1.56985321e-07  1.03292521e-07  1.55000000e+00 
 1.56000000e+00  3.23960756e-09  4.58005143e-01  4.58005143e-01  3.36696711e-09  3.16519615e-09  3.36434580e-09  4.58005143e-01  1.56985353e-07  1.03288514e-07  1.56000000e+00 
 1.57000000e+00  3.23960750e-09  4.58005143e-01  4.58005143e-01  3.36696711e-09  3.16519616e-09  3.36434580e-09  4.58005143e-01  1.56985352e-07  1.03282090e-07  1.57000000e+00 
 1.58000000e+00  3.23960756e-09  4.58005127e-01  4.58005126e-01  3.36696711e-09  3.16519615e-09  3.36434580e-09  4.58005127e-01  1.56985310e-07  1.03271461e-07  1.58000000e+00 
 1.59000000e+00  3.23960756e-09  4.58005125e-01  4.58005125e-01  3.36696711e-09  3.16519615e-09  3.36434580e-09  4.58005125e-01  1.56985312e-07  1.03252674e-07  1.59000000e+00 
 1.60000000e+00  3.23960755e-09  4.58005118e-01  4.58005118e-01  3.36696711e-09  3.16519615e-09  3.36434579e-09  4.58005118e-01  1.56985303e-07  1.03218497e-07  1.60000000e+00 
 1.61000000e+00  3.23960750e-09  4.58005096e-01  4.58005096e-01  3.36696711e-09  3.16519615e-09  3.36434579e-09  4.58005096e-01  1.56985268e-07  1.03152999e-07  1.61000000e+00 
 1.62000000e+00  3.23960756e-09  4.58005143e-01  4.58005143e-01  3.36696711e-09  3.16519615e-09  3.36434580e-09  4.58005143e-01  1.56985334e-07  1.03012241e-07  1.62000000e+00 
 1.63000000e+00  3.23960755e-09  4.58005117e-01  4.58005117e-01  3.36696711e-09  3.16519615e-09  3.36434579e-09  4.58005117e-01  1.56985308e-07  1.02545712e-07  1.63000000e+00 
 1.64000000e+00  3.23960755e-09  4.58005105e-01  4.58005105e-01  3.36696711e-09  3.16519615e-09  3.36434579e-09  4.58005105e-01  1.56985287e-07  1.01183289e-07  1.64000000e+00 
 1.65000000e+00  3.23960756e-09  4.58005128e-01  4.58005128e-01  3.36696711e-09  3.16519615e-09  3.36434580e-09  4.58005128e-01  1.56985320e-07  9.45955065e-08  1.65000000e+00 
 1.66000000e+00  3.23960756e-09  4.58005125e-01  4.58005125e-01  3.36696711e-09  3.16519615e-09  3.36434580e-09  4.58005125e-01  1.56985306e-07  7.69995410e-08  1.66000000e+00 
 1.67000000e+00  3.23960756e-09  4.58005129e-01  4.58005129e-01  3.36696711e-09  3.16519615e-09  3.36434580e-09  4.58005129e-01  1.56985312e-07  6.21279952e-08  1.67000000e+00 
 1.68000000e+00  3.23960756e-09  4.58005158e-01  4.58005158e-01  3.36696705e-09  3.16519615e-09  3.36434580e-09  4.58005158e-01  1.56985355e-07  4.97062160e-08  1.68000000e+00 
 1.69000000e+00  3.23960750e-09  4.58005112e-01  4.58005112e-01  3.36696711e-09  3.16519615e-09  3.36434585e-09  4.58005112e-01  1.56985287e-07  3.94169604e-08  1.69000000e+00 
 1.70000000e+00  3.23960756e-09  4.58005129e-01  4.58005129e-01  3.36696705e-09  3.16519615e-09  3.36434580e-09  4.58005129e-01  1.56985313e-07  3.09439940e-08  1.70000000e+00 
 1.71000000e+00  3.23960755e-09  4.58005106e-01  4.58005106e-01  3.36696711e-09  3.16519615e-09  3.36434579e-09  4.58005106e-01  1.56985294e-07  2.39943176e-08  1.71000000e+00 
 1.72000000e+00  3.23960755e-09  4.58005111e-01  4.58005111e-01  3.36696711e-09  3.16519615e-09  3.36434579e-09  4.58005111e-01  1.56985300e-07  1.83096773e-08  1.72000000e+00 
 1.73000000e+00  3.23960756e-09  4.58005147e-01  4.58005146e-01  3.36696711e-09  3.16519615e-09  3.36434580e-09  4.58005147e-01  1.56985348e-07  1.36637226e-08  1.73000000e+00 
 1.74000000e+00  3.23960755e-09  4.58005106e-01  4.58005106e-01  3.36696711e-09  3.16519615e-09  3.36434579e-09  4.58005106e-01  1.56985278e-07  9.86170789e-09  1.74000000e+00 
 1.75000000e+00  3.23960755e-09  4.58005104e-01  4.58005104e-01  3.36696711e-09  3.16519615e-09  3.36434579e-09  4.58005104e-01  1.56985274e-07  6.73409772e-09  1.75000000e+00 
 1.76000000e+00  3.23960755e-09  4.58005113e-01  4.58005113e-01  3.36696711e-09  3.16519615e-09  3.36434579e-09  4.58005113e-01  1.56985290e-07  4.13568557e-09  1.76000000e+00 
 1.77000000e+00  3.23960756e-09  4.58005149e-01  4.58005149e-01  3.36696711e-09  3.16519615e-09  3.36434580e-09  4.58005149e-01  1.56985349e-07  1.95264249e-09  1.77000000e+00 
 1.78000000e+00  3.23960756e-09  4.58005126e-01  4.58005126e-01  3.36696711e-09  3.16519615e-09  3.36434580e-09  4.58005126e-01  1.56985305e-07  1.16173737e-10  1.78000000e+00 
 1.79000000e+00  3.23960756e-09  4.58005126e-01  4.58005126e-01  3.36696711e-09  3.16519621e-09  3.36434580e-09  4.58005126e-01  1.56985300e-07 -1.39294798e-09  1.79000000e+00 
 1.80000000e+00  3.23960755e-09  4.58005115e-01  4.58005115e-01  3.36696711e-09  3.16519614e-09  3.36434579e-09  4.58005115e-01  1.56985300e-07 -2.56959254e-09  1.80000000e+00 
