 v-sweep         v(b0)           v(b1)           v(b2)           v(b3)           v(b4)           v(b5)           v(b6)           i(vbias)        i(viout)        v(vout)        
 0.00000000e+00  3.16498952e-09  3.33033475e-09  4.58652076e-01  4.58652076e-01  3.31892091e-09  4.58652076e-01  3.02309752e-09  1.59689134e-07  7.02093613e-08  0.00000000e+00 
 1.00000000e-02  3.16498949e-09  3.33033472e-09  4.58652068e-01  4.58652068e-01  3.31892088e-09  4.58652068e-01  3.02309748e-09  1.59689118e-07  7.02089049e-08  1.00000000e-02 
 2.00000000e-02  3.16498955e-09  3.33033478e-09  4.58652097e-01  4.58652097e-01  3.31892088e-09  4.58652097e-01  3.02309754e-09  1.59689177e-07  7.02085539e-08  2.00000000e-02 
 3.00000000e-02  3.16498949e-09  3.33033478e-09  4.58652089e-01  4.58652090e-01  3.31892093e-09  4.58652089e-01  3.02309749e-09  1.59689156e-07  7.02081333e-08  3.00000000e-02 
 4.00000000e-02  3.16498949e-09  3.33033472e-09  4.58652071e-01  4.58652072e-01  3.31892093e-09  4.58652071e-01  3.02309748e-09  1.59689122e-07  7.02078724e-08  4.00000000e-02 
 5.00000000e-02  3.16498955e-09  3.33033472e-09  4.58652084e-01  4.58652084e-01  3.31892093e-09  4.58652084e-01  3.02309754e-09  1.59689147e-07  7.02074416e-08  5.00000000e-02 
 6.00000000e-02  3.16498955e-09  3.33033472e-09  4.58652073e-01  4.58652073e-01  3.31892088e-09  4.58652073e-01  3.02309748e-09  1.59689136e-07  7.02071077e-08  6.00000000e-02 
 7.00000000e-02  3.16498955e-09  3.33033472e-09  4.58652060e-01  4.58652060e-01  3.31892088e-09  4.58652060e-01  3.02309754e-09  1.59689127e-07  7.02068110e-08  7.00000000e-02 
 8.00000000e-02  3.16498955e-09  3.33033472e-09  4.58652081e-01  4.58652081e-01  3.31892088e-09  4.58652081e-01  3.02309749e-09  1.59689147e-07  7.02066076e-08  8.00000000e-02 
 9.00000000e-02  3.16498955e-09  3.33033472e-09  4.58652097e-01  4.58652097e-01  3.31892093e-09  4.58652097e-01  3.02309749e-09  1.59689161e-07  7.02063376e-08  9.00000000e-02 
 1.00000000e-01  3.16498949e-09  3.33033472e-09  4.58652085e-01  4.58652085e-01  3.31892088e-09  4.58652085e-01  3.02309754e-09  1.59689150e-07  7.02059371e-08  1.00000000e-01 
 1.10000000e-01  3.16498949e-09  3.33033472e-09  4.58652084e-01  4.58652085e-01  3.31892093e-09  4.58652085e-01  3.02309749e-09  1.59689161e-07  7.02057390e-08  1.10000000e-01 
 1.20000000e-01  3.16498955e-09  3.33033478e-09  4.58652082e-01  4.58652082e-01  3.31892088e-09  4.58652082e-01  3.02309754e-09  1.59689138e-07  7.02056218e-08  1.20000000e-01 
 1.30000000e-01  3.16498949e-09  3.33033472e-09  4.58652093e-01  4.58652093e-01  3.31892093e-09  4.58652093e-01  3.02309749e-09  1.59689161e-07  7.02054095e-08  1.30000000e-01 
 1.40000000e-01  3.16498955e-09  3.33033472e-09  4.58652097e-01  4.58652097e-01  3.31892093e-09  4.58652097e-01  3.02309749e-09  1.59689145e-07  7.02051635e-08  1.40000000e-01 
 1.50000000e-01  3.16498955e-09  3.33033472e-09  4.58652099e-01  4.58652100e-01  3.31892093e-09  4.58652099e-01  3.02309754e-09  1.59689168e-07  7.02049636e-08  1.50000000e-01 
 1.60000000e-01  3.16498955e-09  3.33033472e-09  4.58652110e-01  4.58652110e-01  3.31892088e-09  4.58652110e-01  3.02309754e-09  1.59689188e-07  7.02047629e-08  1.60000000e-01 
 1.70000000e-01  3.16498949e-09  3.33033472e-09  4.58652108e-01  4.58652108e-01  3.31892093e-09  4.58652108e-01  3.02309749e-09  1.59689186e-07  7.02045426e-08  1.70000000e-01 
 1.80000000e-01  3.16498955e-09  3.33033472e-09  4.58652099e-01  4.58652099e-01  3.31892088e-09  4.58652099e-01  3.02309754e-09  1.59689173e-07  7.02043490e-08  1.80000000e-01 
 1.90000000e-01  3.16498955e-09  3.33033472e-09  4.58652095e-01  4.58652095e-01  3.31892093e-09  4.58652095e-01  3.02309754e-09  1.59689155e-07  7.02041589e-08  1.90000000e-01 
 2.00000000e-01  3.16498955e-09  3.33033472e-09  4.58652077e-01  4.58652077e-01  3.31892093e-09  4.58652077e-01  3.02309748e-09  1.59689137e-07  7.02039138e-08  2.00000000e-01 
 2.10000000e-01  3.16498955e-09  3.33033472e-09  4.58652087e-01  4.58652087e-01  3.31892088e-09  4.58652087e-01  3.02309749e-09  1.59689148e-07  7.02038658e-08  2.10000000e-01 
 2.20000000e-01  3.16498949e-09  3.33033472e-09  4.58652084e-01  4.58652085e-01  3.31892093e-09  4.58652084e-01  3.02309749e-09  1.59689153e-07  7.02037077e-08  2.20000000e-01 
 2.30000000e-01  3.16498949e-09  3.33033472e-09  4.58652068e-01  4.58652068e-01  3.31892093e-09  4.58652068e-01  3.02309748e-09  1.59689128e-07  7.02035337e-08  2.30000000e-01 
 2.40000000e-01  3.16498949e-09  3.33033472e-09  4.58652071e-01  4.58652071e-01  3.31892093e-09  4.58652071e-01  3.02309748e-09  1.59689136e-07  7.02033507e-08  2.40000000e-01 
 2.50000000e-01  3.16498949e-09  3.33033478e-09  4.58652098e-01  4.58652098e-01  3.31892088e-09  4.58652098e-01  3.02309749e-09  1.59689164e-07  7.02032850e-08  2.50000000e-01 
 2.60000000e-01  3.16498949e-09  3.33033472e-09  4.58652061e-01  4.58652061e-01  3.31892088e-09  4.58652061e-01  3.02309754e-09  1.59689110e-07  7.02031606e-08  2.60000000e-01 
 2.70000000e-01  3.16498949e-09  3.33033472e-09  4.58652107e-01  4.58652107e-01  3.31892088e-09  4.58652107e-01  3.02309754e-09  1.59689175e-07  7.02031997e-08  2.70000000e-01 
 2.80000000e-01  3.16498955e-09  3.33033472e-09  4.58652081e-01  4.58652081e-01  3.31892088e-09  4.58652081e-01  3.02309749e-09  1.59689146e-07  7.02028959e-08  2.80000000e-01 
 2.90000000e-01  3.16498949e-09  3.33033478e-09  4.58652072e-01  4.58652072e-01  3.31892088e-09  4.58652072e-01  3.02309748e-09  1.59689115e-07  7.02026774e-08  2.90000000e-01 
 3.00000000e-01  3.16498955e-09  3.33033472e-09  4.58652075e-01  4.58652076e-01  3.31892093e-09  4.58652075e-01  3.02309754e-09  1.59689138e-07  7.02026384e-08  3.00000000e-01 
 3.10000000e-01  3.16498949e-09  3.33033472e-09  4.58652082e-01  4.58652082e-01  3.31892088e-09  4.58652082e-01  3.02309754e-09  1.59689142e-07  7.02025602e-08  3.10000000e-01 
 3.20000000e-01  3.16498949e-09  3.33033472e-09  4.58652088e-01  4.58652088e-01  3.31892093e-09  4.58652088e-01  3.02309749e-09  1.59689152e-07  7.02024430e-08  3.20000000e-01 
 3.30000000e-01  3.16498955e-09  3.33033472e-09  4.58652088e-01  4.58652088e-01  3.31892093e-09  4.58652088e-01  3.02309749e-09  1.59689139e-07  7.02023932e-08  3.30000000e-01 
 3.40000000e-01  3.16498955e-09  3.33033472e-09  4.58652097e-01  4.58652097e-01  3.31892088e-09  4.58652097e-01  3.02309749e-09  1.59689161e-07  7.02022902e-08  3.40000000e-01 
 3.50000000e-01  3.16498949e-09  3.33033472e-09  4.58652076e-01  4.58652076e-01  3.31892093e-09  4.58652076e-01  3.02309748e-09  1.59689124e-07  7.02021268e-08  3.50000000e-01 
 3.60000000e-01  3.16498955e-09  3.33033478e-09  4.58652074e-01  4.58652074e-01  3.31892088e-09  4.58652074e-01  3.02309748e-09  1.59689134e-07  7.02021090e-08  3.60000000e-01 
 3.70000000e-01  3.16498955e-09  3.33033472e-09  4.58652110e-01  4.58652111e-01  3.31892093e-09  4.58652110e-01  3.02309754e-09  1.59689186e-07  7.02020877e-08  3.70000000e-01 
 3.80000000e-01  3.16498955e-09  3.33033472e-09  4.58652104e-01  4.58652105e-01  3.31892093e-09  4.58652105e-01  3.02309754e-09  1.59689182e-07  7.02019101e-08  3.80000000e-01 
 3.90000000e-01  3.16498949e-09  3.33033472e-09  4.58652102e-01  4.58652102e-01  3.31892088e-09  4.58652102e-01  3.02309754e-09  1.59689175e-07  7.02018248e-08  3.90000000e-01 
 4.00000000e-01  3.16498955e-09  3.33033472e-09  4.58652104e-01  4.58652104e-01  3.31892088e-09  4.58652104e-01  3.02309749e-09  1.59689175e-07  7.02016898e-08  4.00000000e-01 
 4.10000000e-01  3.16498955e-09  3.33033472e-09  4.58652093e-01  4.58652093e-01  3.31892093e-09  4.58652093e-01  3.02309749e-09  1.59689165e-07  7.02015903e-08  4.10000000e-01 
 4.20000000e-01  3.16498955e-09  3.33033472e-09  4.58652088e-01  4.58652088e-01  3.31892093e-09  4.58652088e-01  3.02309754e-09  1.59689164e-07  7.02015051e-08  4.20000000e-01 
 4.30000000e-01  3.16498949e-09  3.33033472e-09  4.58652072e-01  4.58652072e-01  3.31892088e-09  4.58652072e-01  3.02309748e-09  1.59689130e-07  7.02015583e-08  4.30000000e-01 
 4.40000000e-01  3.16498955e-09  3.33033472e-09  4.58652102e-01  4.58652102e-01  3.31892093e-09  4.58652102e-01  3.02309749e-09  1.59689178e-07  7.02014837e-08  4.40000000e-01 
 4.50000000e-01  3.16498949e-09  3.33033472e-09  4.58652081e-01  4.58652082e-01  3.31892093e-09  4.58652082e-01  3.02309754e-09  1.59689141e-07  7.02013416e-08  4.50000000e-01 
 4.60000000e-01  3.16498949e-09  3.33033472e-09  4.58652069e-01  4.58652069e-01  3.31892093e-09  4.58652069e-01  3.02309754e-09  1.59689111e-07  7.02012919e-08  4.60000000e-01 
 4.70000000e-01  3.16498955e-09  3.33033472e-09  4.58652076e-01  4.58652076e-01  3.31892088e-09  4.58652076e-01  3.02309754e-09  1.59689147e-07  7.02011249e-08  4.70000000e-01 
 4.80000000e-01  3.16498955e-09  3.33033472e-09  4.58652088e-01  4.58652088e-01  3.31892093e-09  4.58652088e-01  3.02309754e-09  1.59689163e-07  7.02011569e-08  4.80000000e-01 
 4.90000000e-01  3.16498955e-09  3.33033472e-09  4.58652104e-01  4.58652104e-01  3.31892093e-09  4.58652104e-01  3.02309754e-09  1.59689174e-07  7.02011036e-08  4.90000000e-01 
 5.00000000e-01  3.16498955e-09  3.33033472e-09  4.58652072e-01  4.58652073e-01  3.31892093e-09  4.58652072e-01  3.02309748e-09  1.59689130e-07  7.02009011e-08  5.00000000e-01 
 5.10000000e-01  3.16498949e-09  3.33033478e-09  4.58652078e-01  4.58652078e-01  3.31892088e-09  4.58652078e-01  3.02309754e-09  1.59689130e-07  7.02008442e-08  5.10000000e-01 
 5.20000000e-01  3.16498955e-09  3.33033478e-09  4.58652092e-01  4.58652092e-01  3.31892088e-09  4.58652092e-01  3.02309749e-09  1.59689163e-07  7.02008514e-08  5.20000000e-01 
 5.30000000e-01  3.16498949e-09  3.33033472e-09  4.58652105e-01  4.58652105e-01  3.31892088e-09  4.58652105e-01  3.02309749e-09  1.59689184e-07  7.02007732e-08  5.30000000e-01 
 5.40000000e-01  3.16498949e-09  3.33033472e-09  4.58652085e-01  4.58652085e-01  3.31892088e-09  4.58652085e-01  3.02309754e-09  1.59689143e-07  7.02007341e-08  5.40000000e-01 
 5.50000000e-01  3.16498955e-09  3.33033472e-09  4.58652067e-01  4.58652067e-01  3.31892093e-09  4.58652067e-01  3.02309748e-09  1.59689131e-07  7.02005956e-08  5.50000000e-01 
 5.60000000e-01  3.16498955e-09  3.33033472e-09  4.58652072e-01  4.58652072e-01  3.31892088e-09  4.58652072e-01  3.02309754e-09  1.59689126e-07  7.02005600e-08  5.60000000e-01 
 5.70000000e-01  3.16498949e-09  3.33033472e-09  4.58652087e-01  4.58652087e-01  3.31892093e-09  4.58652087e-01  3.02309749e-09  1.59689149e-07  7.02004677e-08  5.70000000e-01 
 5.80000000e-01  3.16498955e-09  3.33033472e-09  4.58652087e-01  4.58652087e-01  3.31892088e-09  4.58652087e-01  3.02309754e-09  1.59689155e-07  7.02004428e-08  5.80000000e-01 
 5.90000000e-01  3.16498955e-09  3.33033472e-09  4.58652084e-01  4.58652084e-01  3.31892088e-09  4.58652084e-01  3.02309754e-09  1.59689140e-07  7.02004286e-08  5.90000000e-01 
 6.00000000e-01  3.16498949e-09  3.33033472e-09  4.58652075e-01  4.58652075e-01  3.31892093e-09  4.58652075e-01  3.02309754e-09  1.59689117e-07  7.02002083e-08  6.00000000e-01 
 6.10000000e-01  3.16498949e-09  3.33033472e-09  4.58652068e-01  4.58652068e-01  3.31892088e-09  4.58652068e-01  3.02309748e-09  1.59689144e-07  7.02002438e-08  6.10000000e-01 
 6.20000000e-01  3.16498949e-09  3.33033472e-09  4.58652096e-01  4.58652096e-01  3.31892093e-09  4.58652096e-01  3.02309749e-09  1.59689160e-07  7.02002083e-08  6.20000000e-01 
 6.30000000e-01  3.16498949e-09  3.33033472e-09  4.58652056e-01  4.58652056e-01  3.31892088e-09  4.58652056e-01  3.02309748e-09  1.59689091e-07  7.01999738e-08  6.30000000e-01 
 6.40000000e-01  3.16498955e-09  3.33033472e-09  4.58652111e-01  4.58652111e-01  3.31892088e-09  4.58652111e-01  3.02309749e-09  1.59689181e-07  7.02001444e-08  6.40000000e-01 
 6.50000000e-01  3.16498955e-09  3.33033472e-09  4.58652102e-01  4.58652102e-01  3.31892088e-09  4.58652102e-01  3.02309754e-09  1.59689203e-07  7.02000946e-08  6.50000000e-01 
 6.60000000e-01  3.16498949e-09  3.33033472e-09  4.58652093e-01  4.58652093e-01  3.31892093e-09  4.58652093e-01  3.02309749e-09  1.59689157e-07  7.01998530e-08  6.60000000e-01 
 6.70000000e-01  3.16498949e-09  3.33033472e-09  4.58652080e-01  4.58652080e-01  3.31892088e-09  4.58652080e-01  3.02309754e-09  1.59689140e-07  7.01998459e-08  6.70000000e-01 
 6.80000000e-01  3.16498955e-09  3.33033472e-09  4.58652080e-01  4.58652080e-01  3.31892088e-09  4.58652080e-01  3.02309754e-09  1.59689129e-07  7.01997180e-08  6.80000000e-01 
 6.90000000e-01  3.16498955e-09  3.33033472e-09  4.58652082e-01  4.58652082e-01  3.31892088e-09  4.58652082e-01  3.02309754e-09  1.59689146e-07  7.01996612e-08  6.90000000e-01 
 7.00000000e-01  3.16498949e-09  3.33033472e-09  4.58652071e-01  4.58652071e-01  3.31892093e-09  4.58652071e-01  3.02309748e-09  1.59689130e-07  7.01996115e-08  7.00000000e-01 
 7.10000000e-01  3.16498955e-09  3.33033472e-09  4.58652079e-01  4.58652079e-01  3.31892088e-09  4.58652079e-01  3.02309748e-09  1.59689134e-07  7.01995262e-08  7.10000000e-01 
 7.20000000e-01  3.16498949e-09  3.33033472e-09  4.58652107e-01  4.58652107e-01  3.31892088e-09  4.58652107e-01  3.02309754e-09  1.59689186e-07  7.01995120e-08  7.20000000e-01 
 7.30000000e-01  3.16498955e-09  3.33033472e-09  4.58652071e-01  4.58652071e-01  3.31892093e-09  4.58652071e-01  3.02309748e-09  1.59689128e-07  7.01993272e-08  7.30000000e-01 
 7.40000000e-01  3.16498949e-09  3.33033472e-09  4.58652101e-01  4.58652101e-01  3.31892088e-09  4.58652101e-01  3.02309754e-09  1.59689169e-07  7.01994622e-08  7.40000000e-01 
 7.50000000e-01  3.16498949e-09  3.33033472e-09  4.58652092e-01  4.58652092e-01  3.31892093e-09  4.58652092e-01  3.02309749e-09  1.59689160e-07  7.01993486e-08  7.50000000e-01 
 7.60000000e-01  3.16498949e-09  3.33033472e-09  4.58652088e-01  4.58652089e-01  3.31892088e-09  4.58652088e-01  3.02309754e-09  1.59689150e-07  7.01992491e-08  7.60000000e-01 
 7.70000000e-01  3.16498949e-09  3.33033472e-09  4.58652053e-01  4.58652053e-01  3.31892088e-09  4.58652053e-01  3.02309748e-09  1.59689092e-07  7.01992917e-08  7.70000000e-01 
 7.80000000e-01  3.16498949e-09  3.33033472e-09  4.58652063e-01  4.58652063e-01  3.31892088e-09  4.58652063e-01  3.02309748e-09  1.59689120e-07  7.01990928e-08  7.80000000e-01 
 7.90000000e-01  3.16498949e-09  3.33033478e-09  4.58652079e-01  4.58652080e-01  3.31892088e-09  4.58652079e-01  3.02309748e-09  1.59689135e-07  7.01990146e-08  7.90000000e-01 
 8.00000000e-01  3.16498955e-09  3.33033472e-09  4.58652098e-01  4.58652099e-01  3.31892088e-09  4.58652099e-01  3.02309749e-09  1.59689154e-07  7.01990643e-08  8.00000000e-01 
 8.10000000e-01  3.16498955e-09  3.33033472e-09  4.58652073e-01  4.58652073e-01  3.31892088e-09  4.58652073e-01  3.02309754e-09  1.59689125e-07  7.01988512e-08  8.10000000e-01 
 8.20000000e-01  3.16498949e-09  3.33033478e-09  4.58652082e-01  4.58652082e-01  3.31892093e-09  4.58652082e-01  3.02309754e-09  1.59689156e-07  7.01987801e-08  8.20000000e-01 
 8.30000000e-01  3.16498955e-09  3.33033472e-09  4.58652088e-01  4.58652088e-01  3.31892088e-09  4.58652088e-01  3.02309749e-09  1.59689139e-07  7.01988441e-08  8.30000000e-01 
 8.40000000e-01  3.16498949e-09  3.33033478e-09  4.58652091e-01  4.58652091e-01  3.31892088e-09  4.58652091e-01  3.02309754e-09  1.59689153e-07  7.01987872e-08  8.40000000e-01 
 8.50000000e-01  3.16498955e-09  3.33033472e-09  4.58652084e-01  4.58652084e-01  3.31892088e-09  4.58652084e-01  3.02309754e-09  1.59689142e-07  7.01986664e-08  8.50000000e-01 
 8.60000000e-01  3.16498955e-09  3.33033472e-09  4.58652069e-01  4.58652069e-01  3.31892088e-09  4.58652069e-01  3.02309748e-09  1.59689130e-07  7.01986451e-08  8.60000000e-01 
 8.70000000e-01  3.16498955e-09  3.33033472e-09  4.58652103e-01  4.58652103e-01  3.31892088e-09  4.58652103e-01  3.02309749e-09  1.59689169e-07  7.01985954e-08  8.70000000e-01 
 8.80000000e-01  3.16498949e-09  3.33033472e-09  4.58652096e-01  4.58652096e-01  3.31892088e-09  4.58652096e-01  3.02309754e-09  1.59689165e-07  7.01983751e-08  8.80000000e-01 
 8.90000000e-01  3.16498955e-09  3.33033472e-09  4.58652088e-01  4.58652088e-01  3.31892088e-09  4.58652088e-01  3.02309754e-09  1.59689167e-07  7.01984462e-08  8.90000000e-01 
 9.00000000e-01  3.16498955e-09  3.33033472e-09  4.58652068e-01  4.58652068e-01  3.31892093e-09  4.58652068e-01  3.02309754e-09  1.59689124e-07  7.01983680e-08  9.00000000e-01 
 9.10000000e-01  3.16498955e-09  3.33033478e-09  4.58652064e-01  4.58652064e-01  3.31892093e-09  4.58652064e-01  3.02309748e-09  1.59689110e-07  7.01982970e-08  9.10000000e-01 
 9.20000000e-01  3.16498955e-09  3.33033472e-09  4.58652088e-01  4.58652088e-01  3.31892093e-09  4.58652088e-01  3.02309749e-09  1.59689163e-07  7.01981619e-08  9.20000000e-01 
 9.30000000e-01  3.16498949e-09  3.33033472e-09  4.58652090e-01  4.58652090e-01  3.31892093e-09  4.58652090e-01  3.02309749e-09  1.59689160e-07  7.01982259e-08  9.30000000e-01 
 9.40000000e-01  3.16498955e-09  3.33033472e-09  4.58652103e-01  4.58652103e-01  3.31892088e-09  4.58652103e-01  3.02309754e-09  1.59689167e-07  7.01981335e-08  9.40000000e-01 
 9.50000000e-01  3.16498949e-09  3.33033472e-09  4.58652092e-01  4.58652092e-01  3.31892088e-09  4.58652092e-01  3.02309749e-09  1.59689150e-07  7.01978351e-08  9.50000000e-01 
 9.60000000e-01  3.16498949e-09  3.33033472e-09  4.58652057e-01  4.58652057e-01  3.31892093e-09  4.58652057e-01  3.02309754e-09  1.59689108e-07  7.01978422e-08  9.60000000e-01 
 9.70000000e-01  3.16498949e-09  3.33033472e-09  4.58652074e-01  4.58652074e-01  3.31892093e-09  4.58652074e-01  3.02309754e-09  1.59689138e-07  7.01978990e-08  9.70000000e-01 
 9.80000000e-01  3.16498949e-09  3.33033472e-09  4.58652077e-01  4.58652077e-01  3.31892088e-09  4.58652077e-01  3.02309748e-09  1.59689129e-07  7.01977925e-08  9.80000000e-01 
 9.90000000e-01  3.16498955e-09  3.33033472e-09  4.58652098e-01  4.58652098e-01  3.31892088e-09  4.58652098e-01  3.02309754e-09  1.59689175e-07  7.01977712e-08  9.90000000e-01 
 1.00000000e+00  3.16498949e-09  3.33033472e-09  4.58652077e-01  4.58652077e-01  3.31892093e-09  4.58652077e-01  3.02309748e-09  1.59689137e-07  7.01975722e-08  1.00000000e+00 
 1.01000000e+00  3.16498949e-09  3.33033478e-09  4.58652062e-01  4.58652062e-01  3.31892093e-09  4.58652062e-01  3.02309748e-09  1.59689130e-07  7.01975154e-08  1.01000000e+00 
 1.02000000e+00  3.16498955e-09  3.33033472e-09  4.58652077e-01  4.58652077e-01  3.31892093e-09  4.58652077e-01  3.02309748e-09  1.59689138e-07  7.01975367e-08  1.02000000e+00 
 1.03000000e+00  3.16498949e-09  3.33033472e-09  4.58652092e-01  4.58652092e-01  3.31892088e-09  4.58652092e-01  3.02309749e-09  1.59689152e-07  7.01975011e-08  1.03000000e+00 
 1.04000000e+00  3.16498949e-09  3.33033472e-09  4.58652069e-01  4.58652069e-01  3.31892088e-09  4.58652069e-01  3.02309754e-09  1.59689132e-07  7.01973519e-08  1.04000000e+00 
 1.05000000e+00  3.16498949e-09  3.33033472e-09  4.58652074e-01  4.58652074e-01  3.31892093e-09  4.58652074e-01  3.02309748e-09  1.59689135e-07  7.01972240e-08  1.05000000e+00 
 1.06000000e+00  3.16498949e-09  3.33033472e-09  4.58652099e-01  4.58652099e-01  3.31892093e-09  4.58652099e-01  3.02309749e-09  1.59689170e-07  7.01972951e-08  1.06000000e+00 
 1.07000000e+00  3.16498955e-09  3.33033472e-09  4.58652075e-01  4.58652075e-01  3.31892093e-09  4.58652075e-01  3.02309754e-09  1.59689141e-07  7.01971672e-08  1.07000000e+00 
 1.08000000e+00  3.16498949e-09  3.33033472e-09  4.58652081e-01  4.58652081e-01  3.31892088e-09  4.58652081e-01  3.02309754e-09  1.59689135e-07  7.01970251e-08  1.08000000e+00 
 1.09000000e+00  3.16498955e-09  3.33033472e-09  4.58652091e-01  4.58652091e-01  3.31892088e-09  4.58652091e-01  3.02309749e-09  1.59689153e-07  7.01970535e-08  1.09000000e+00 
 1.10000000e+00  3.16498949e-09  3.33033478e-09  4.58652096e-01  4.58652096e-01  3.31892088e-09  4.58652096e-01  3.02309754e-09  1.59689142e-07  7.01969824e-08  1.10000000e+00 
 1.11000000e+00  3.16498949e-09  3.33033478e-09  4.58652083e-01  4.58652083e-01  3.31892093e-09  4.58652083e-01  3.02309754e-09  1.59689136e-07  7.01967835e-08  1.11000000e+00 
 1.12000000e+00  3.16498955e-09  3.33033472e-09  4.58652079e-01  4.58652079e-01  3.31892088e-09  4.58652079e-01  3.02309748e-09  1.59689143e-07  7.01968474e-08  1.12000000e+00 
 1.13000000e+00  3.16498949e-09  3.33033472e-09  4.58652080e-01  4.58652080e-01  3.31892088e-09  4.58652080e-01  3.02309754e-09  1.59689149e-07  7.01966059e-08  1.13000000e+00 
 1.14000000e+00  3.16498955e-09  3.33033472e-09  4.58652069e-01  4.58652069e-01  3.31892093e-09  4.58652069e-01  3.02309748e-09  1.59689125e-07  7.01966698e-08  1.14000000e+00 
 1.15000000e+00  3.16498949e-09  3.33033472e-09  4.58652079e-01  4.58652079e-01  3.31892088e-09  4.58652079e-01  3.02309748e-09  1.59689137e-07  7.01966769e-08  1.15000000e+00 
 1.16000000e+00  3.16498949e-09  3.33033472e-09  4.58652098e-01  4.58652099e-01  3.31892093e-09  4.58652098e-01  3.02309749e-09  1.59689180e-07  7.01965064e-08  1.16000000e+00 
 1.17000000e+00  3.16498955e-09  3.33033472e-09  4.58652062e-01  4.58652062e-01  3.31892093e-09  4.58652062e-01  3.02309748e-09  1.59689100e-07  7.01964353e-08  1.17000000e+00 
 1.18000000e+00  3.16498949e-09  3.33033472e-09  4.58652092e-01  4.58652092e-01  3.31892088e-09  4.58652092e-01  3.02309749e-09  1.59689159e-07  7.01962932e-08  1.18000000e+00 
 1.19000000e+00  3.16498949e-09  3.33033472e-09  4.58652069e-01  4.58652069e-01  3.31892093e-09  4.58652069e-01  3.02309748e-09  1.59689125e-07  7.01961937e-08  1.19000000e+00 
 1.20000000e+00  3.16498955e-09  3.33033472e-09  4.58652090e-01  4.58652090e-01  3.31892093e-09  4.58652090e-01  3.02309749e-09  1.59689160e-07  7.01962222e-08  1.20000000e+00 
 1.21000000e+00  3.16498955e-09  3.33033472e-09  4.58652078e-01  4.58652078e-01  3.31892088e-09  4.58652078e-01  3.02309754e-09  1.59689141e-07  7.01960801e-08  1.21000000e+00 
 1.22000000e+00  3.16498949e-09  3.33033472e-09  4.58652086e-01  4.58652086e-01  3.31892093e-09  4.58652086e-01  3.02309749e-09  1.59689154e-07  7.01959237e-08  1.22000000e+00 
 1.23000000e+00  3.16498949e-09  3.33033472e-09  4.58652091e-01  4.58652091e-01  3.31892088e-09  4.58652091e-01  3.02309749e-09  1.59689142e-07  7.01958953e-08  1.23000000e+00 
 1.24000000e+00  3.16498949e-09  3.33033472e-09  4.58652086e-01  4.58652086e-01  3.31892088e-09  4.58652086e-01  3.02309754e-09  1.59689151e-07  7.01958101e-08  1.24000000e+00 
 1.25000000e+00  3.16498949e-09  3.33033472e-09  4.58652078e-01  4.58652078e-01  3.31892088e-09  4.58652078e-01  3.02309748e-09  1.59689140e-07  7.01957106e-08  1.25000000e+00 
 1.26000000e+00  3.16498949e-09  3.33033472e-09  4.58652077e-01  4.58652077e-01  3.31892088e-09  4.58652077e-01  3.02309754e-09  1.59689136e-07  7.01956679e-08  1.26000000e+00 
 1.27000000e+00  3.16498955e-09  3.33033472e-09  4.58652075e-01  4.58652075e-01  3.31892093e-09  4.58652075e-01  3.02309754e-09  1.59689139e-07  7.01955543e-08  1.27000000e+00 
 1.28000000e+00  3.16498955e-09  3.33033472e-09  4.58652084e-01  4.58652084e-01  3.31892088e-09  4.58652084e-01  3.02309754e-09  1.59689142e-07  7.01955116e-08  1.28000000e+00 
 1.29000000e+00  3.16498949e-09  3.33033472e-09  4.58652073e-01  4.58652073e-01  3.31892088e-09  4.58652073e-01  3.02309748e-09  1.59689133e-07  7.01953979e-08  1.29000000e+00 
 1.30000000e+00  3.16498955e-09  3.33033472e-09  4.58652079e-01  4.58652079e-01  3.31892088e-09  4.58652079e-01  3.02309748e-09  1.59689132e-07  7.01953127e-08  1.30000000e+00 
 1.31000000e+00  3.16498955e-09  3.33033478e-09  4.58652086e-01  4.58652086e-01  3.31892088e-09  4.58652086e-01  3.02309754e-09  1.59689143e-07  7.01952274e-08  1.31000000e+00 
 1.32000000e+00  3.16498955e-09  3.33033472e-09  4.58652088e-01  4.58652088e-01  3.31892093e-09  4.58652088e-01  3.02309754e-09  1.59689156e-07  7.01950711e-08  1.32000000e+00 
 1.33000000e+00  3.16498949e-09  3.33033472e-09  4.58652107e-01  4.58652108e-01  3.31892088e-09  4.58652108e-01  3.02309754e-09  1.59689164e-07  7.01950569e-08  1.33000000e+00 
 1.34000000e+00  3.16498949e-09  3.33033472e-09  4.58652082e-01  4.58652082e-01  3.31892093e-09  4.58652082e-01  3.02309749e-09  1.59689147e-07  7.01948863e-08  1.34000000e+00 
 1.35000000e+00  3.16498955e-09  3.33033472e-09  4.58652075e-01  4.58652075e-01  3.31892093e-09  4.58652075e-01  3.02309748e-09  1.59689134e-07  7.01947869e-08  1.35000000e+00 
 1.36000000e+00  3.16498955e-09  3.33033472e-09  4.58652083e-01  4.58652083e-01  3.31892093e-09  4.58652083e-01  3.02309754e-09  1.59689150e-07  7.01946306e-08  1.36000000e+00 
 1.37000000e+00  3.16498955e-09  3.33033472e-09  4.58652104e-01  4.58652104e-01  3.31892093e-09  4.58652104e-01  3.02309749e-09  1.59689183e-07  7.01946306e-08  1.37000000e+00 
 1.38000000e+00  3.16498949e-09  3.33033472e-09  4.58652079e-01  4.58652080e-01  3.31892088e-09  4.58652079e-01  3.02309754e-09  1.59689139e-07  7.01945027e-08  1.38000000e+00 
 1.39000000e+00  3.16498955e-09  3.33033472e-09  4.58652082e-01  4.58652082e-01  3.31892093e-09  4.58652082e-01  3.02309754e-09  1.59689146e-07  7.01943605e-08  1.39000000e+00 
 1.40000000e+00  3.16498955e-09  3.33033478e-09  4.58652079e-01  4.58652079e-01  3.31892093e-09  4.58652079e-01  3.02309748e-09  1.59689139e-07  7.01942895e-08  1.40000000e+00 
 1.41000000e+00  3.16498955e-09  3.33033472e-09  4.58652092e-01  4.58652092e-01  3.31892093e-09  4.58652092e-01  3.02309754e-09  1.59689162e-07  7.01942042e-08  1.41000000e+00 
 1.42000000e+00  3.16498949e-09  3.33033472e-09  4.58652085e-01  4.58652085e-01  3.31892093e-09  4.58652085e-01  3.02309749e-09  1.59689159e-07  7.01939911e-08  1.42000000e+00 
 1.43000000e+00  3.16498955e-09  3.33033472e-09  4.58652089e-01  4.58652089e-01  3.31892088e-09  4.58652089e-01  3.02309749e-09  1.59689151e-07  7.01938774e-08  1.43000000e+00 
 1.44000000e+00  3.16498949e-09  3.33033472e-09  4.58652092e-01  4.58652092e-01  3.31892093e-09  4.58652092e-01  3.02309749e-09  1.59689157e-07  7.01936500e-08  1.44000000e+00 
 1.45000000e+00  3.16498955e-09  3.33033478e-09  4.58652082e-01  4.58652082e-01  3.31892088e-09  4.58652082e-01  3.02309754e-09  1.59689144e-07  7.01933374e-08  1.45000000e+00 
 1.46000000e+00  3.16498955e-09  3.33033472e-09  4.58652089e-01  4.58652089e-01  3.31892088e-09  4.58652089e-01  3.02309749e-09  1.59689162e-07  7.01932237e-08  1.46000000e+00 
 1.47000000e+00  3.16498949e-09  3.33033472e-09  4.58652077e-01  4.58652077e-01  3.31892088e-09  4.58652077e-01  3.02309754e-09  1.59689131e-07  7.01930531e-08  1.47000000e+00 
 1.48000000e+00  3.16498949e-09  3.33033472e-09  4.58652051e-01  4.58652051e-01  3.31892088e-09  4.58652051e-01  3.02309748e-09  1.59689093e-07  7.01926410e-08  1.48000000e+00 
 1.49000000e+00  3.16498955e-09  3.33033478e-09  4.58652099e-01  4.58652100e-01  3.31892093e-09  4.58652099e-01  3.02309749e-09  1.59689168e-07  7.01925984e-08  1.49000000e+00 
 1.50000000e+00  3.16498949e-09  3.33033472e-09  4.58652088e-01  4.58652088e-01  3.31892093e-09  4.58652088e-01  3.02309749e-09  1.59689149e-07  7.01921721e-08  1.50000000e+00 
 1.51000000e+00  3.16498955e-09  3.33033472e-09  4.58652080e-01  4.58652080e-01  3.31892088e-09  4.58652080e-01  3.02309754e-09  1.59689140e-07  7.01918736e-08  1.51000000e+00 
 1.52000000e+00  3.16498949e-09  3.33033472e-09  4.58652069e-01  4.58652069e-01  3.31892088e-09  4.58652069e-01  3.02309754e-09  1.59689127e-07  7.01913052e-08  1.52000000e+00 
 1.53000000e+00  3.16498955e-09  3.33033472e-09  4.58652087e-01  4.58652087e-01  3.31892088e-09  4.58652087e-01  3.02309749e-09  1.59689151e-07  7.01907084e-08  1.53000000e+00 
 1.54000000e+00  3.16498955e-09  3.33033472e-09  4.58652064e-01  4.58652064e-01  3.31892088e-09  4.58652064e-01  3.02309754e-09  1.59689120e-07  7.01899836e-08  1.54000000e+00 
 1.55000000e+00  3.16498955e-09  3.33033472e-09  4.58652062e-01  4.58652063e-01  3.31892088e-09  4.58652062e-01  3.02309754e-09  1.59689120e-07  7.01888467e-08  1.55000000e+00 
 1.56000000e+00  3.16498949e-09  3.33033472e-09  4.58652097e-01  4.58652097e-01  3.31892093e-09  4.58652097e-01  3.02309754e-09  1.59689166e-07  7.01874967e-08  1.56000000e+00 
 1.57000000e+00  3.16498955e-09  3.33033472e-09  4.58652087e-01  4.58652087e-01  3.31892088e-09  4.58652087e-01  3.02309749e-09  1.59689142e-07  7.01853367e-08  1.57000000e+00 
 1.58000000e+00  3.16498949e-09  3.33033472e-09  4.58652068e-01  4.58652068e-01  3.31892088e-09  4.58652068e-01  3.02309754e-09  1.59689125e-07  7.01821676e-08  1.58000000e+00 
 1.59000000e+00  3.16498955e-09  3.33033472e-09  4.58652071e-01  4.58652071e-01  3.31892088e-09  4.58652071e-01  3.02309754e-09  1.59689137e-07  7.01768386e-08  1.59000000e+00 
 1.60000000e+00  3.16498955e-09  3.33033472e-09  4.58652096e-01  4.58652096e-01  3.31892088e-09  4.58652096e-01  3.02309754e-09  1.59689170e-07  7.01679994e-08  1.60000000e+00 
 1.61000000e+00  3.16498949e-09  3.33033472e-09  4.58652070e-01  4.58652070e-01  3.31892088e-09  4.58652070e-01  3.02309754e-09  1.59689129e-07  7.01519838e-08  1.61000000e+00 
 1.62000000e+00  3.16498949e-09  3.33033472e-09  4.58652067e-01  4.58652067e-01  3.31892088e-09  4.58652067e-01  3.02309748e-09  1.59689118e-07  7.01227663e-08  1.62000000e+00 
 1.63000000e+00  3.16498955e-09  3.33033472e-09  4.58652085e-01  4.58652085e-01  3.31892088e-09  4.58652085e-01  3.02309749e-09  1.59689153e-07  7.00666760e-08  1.63000000e+00 
 1.64000000e+00  3.16498949e-09  3.33033472e-09  4.58652096e-01  4.58652096e-01  3.31892088e-09  4.58652096e-01  3.02309754e-09  1.59689165e-07  6.99469922e-08  1.64000000e+00 
 1.65000000e+00  3.16498955e-09  3.33033472e-09  4.58652086e-01  4.58652086e-01  3.31892088e-09  4.58652086e-01  3.02309749e-09  1.59689150e-07  6.93971316e-08  1.65000000e+00 
 1.66000000e+00  3.16498949e-09  3.33033478e-09  4.58652080e-01  4.58652080e-01  3.31892088e-09  4.58652080e-01  3.02309754e-09  1.59689144e-07  6.77680418e-08  1.66000000e+00 
 1.67000000e+00  3.16498955e-09  3.33033472e-09  4.58652099e-01  4.58652099e-01  3.31892093e-09  4.58652099e-01  3.02309754e-09  1.59689175e-07  5.89649574e-08  1.67000000e+00 
 1.68000000e+00  3.16498955e-09  3.33033472e-09  4.58652089e-01  4.58652089e-01  3.31892093e-09  4.58652089e-01  3.02309749e-09  1.59689147e-07  4.71580961e-08  1.68000000e+00 
 1.69000000e+00  3.16498949e-09  3.33033472e-09  4.58652099e-01  4.58652099e-01  3.31892093e-09  4.58652099e-01  3.02309754e-09  1.59689171e-07  3.73804596e-08  1.69000000e+00 
 1.70000000e+00  3.16498955e-09  3.33033472e-09  4.58652076e-01  4.58652076e-01  3.31892093e-09  4.58652076e-01  3.02309748e-09  1.59689140e-07  2.93306357e-08  1.70000000e+00 
 1.71000000e+00  3.16498955e-09  3.33033478e-09  4.58652085e-01  4.58652085e-01  3.31892093e-09  4.58652085e-01  3.02309749e-09  1.59689152e-07  2.27309584e-08  1.71000000e+00 
 1.72000000e+00  3.16498955e-09  3.33033472e-09  4.58652086e-01  4.58652086e-01  3.31892093e-09  4.58652086e-01  3.02309749e-09  1.59689141e-07  1.73351964e-08  1.72000000e+00 
 1.73000000e+00  3.16498955e-09  3.33033472e-09  4.58652077e-01  4.58652078e-01  3.31892088e-09  4.58652077e-01  3.02309754e-09  1.59689137e-07  1.29290356e-08  1.73000000e+00 
 1.74000000e+00  3.16498955e-09  3.33033472e-09  4.58652083e-01  4.58652083e-01  3.31892088e-09  4.58652083e-01  3.02309754e-09  1.59689141e-07  9.32735134e-09  1.74000000e+00 
 1.75000000e+00  3.16498955e-09  3.33033472e-09  4.58652087e-01  4.58652087e-01  3.31892088e-09  4.58652087e-01  3.02309754e-09  1.59689153e-07  6.36906350e-09  1.75000000e+00 
 1.76000000e+00  3.16498949e-09  3.33033478e-09  4.58652103e-01  4.58652103e-01  3.31892088e-09  4.58652103e-01  3.02309749e-09  1.59689175e-07  3.91645472e-09  1.76000000e+00 
 1.77000000e+00  3.16498949e-09  3.33033478e-09  4.58652098e-01  4.58652098e-01  3.31892088e-09  4.58652098e-01  3.02309754e-09  1.59689167e-07  1.86123827e-09  1.77000000e+00 
 1.78000000e+00  3.16498949e-09  3.33033472e-09  4.58652083e-01  4.58652083e-01  3.31892088e-09  4.58652083e-01  3.02309754e-09  1.59689153e-07  1.37859502e-10  1.78000000e+00 
 1.79000000e+00  3.16498955e-09  3.33033472e-09  4.58652085e-01  4.58652085e-01  3.31892088e-09  4.58652085e-01  3.02309749e-09  1.59689153e-07 -1.27319311e-09  1.79000000e+00 
 1.80000000e+00  3.16498955e-09  3.33033472e-09  4.58652092e-01  4.58652092e-01  3.31892088e-09  4.58652092e-01  3.02309749e-09  1.59689165e-07 -2.36873632e-09  1.80000000e+00 
