 v-sweep         v(b0)           v(b1)           v(b2)           v(b3)           v(b4)           v(b5)           v(b6)           i(vbias)        i(viout)        v(vout)        
 0.00000000e+00  3.26753878e-09  3.26885460e-09  3.30154866e-09  4.57688194e-01  4.57688193e-01  3.30189295e-09  3.26304677e-09  1.58229626e-07  3.46135889e-08  0.00000000e+00 
 1.00000000e-02  3.26753880e-09  3.26885463e-09  3.30154863e-09  4.57688150e-01  4.57688150e-01  3.30189297e-09  3.26304674e-09  1.58229572e-07  3.46131040e-08  1.00000000e-02 
 2.00000000e-02  3.26753875e-09  3.26885457e-09  3.30154857e-09  4.57688180e-01  4.57688180e-01  3.30189298e-09  3.26304674e-09  1.58229599e-07  3.46127149e-08  2.00000000e-02 
 3.00000000e-02  3.26753875e-09  3.26885457e-09  3.30154863e-09  4.57688170e-01  4.57688170e-01  3.30189298e-09  3.26304674e-09  1.58229591e-07  3.46124005e-08  3.00000000e-02 
 4.00000000e-02  3.26753875e-09  3.26885463e-09  3.30154863e-09  4.57688175e-01  4.57688175e-01  3.30189298e-09  3.26304674e-09  1.58229600e-07  3.46120821e-08  4.00000000e-02 
 5.00000000e-02  3.26753881e-09  3.26885463e-09  3.30154863e-09  4.57688168e-01  4.57688168e-01  3.30189298e-09  3.26304674e-09  1.58229578e-07  3.46116193e-08  5.00000000e-02 
 6.00000000e-02  3.26753875e-09  3.26885457e-09  3.30154863e-09  4.57688184e-01  4.57688184e-01  3.30189298e-09  3.26304674e-09  1.58229596e-07  3.46112947e-08  6.00000000e-02 
 7.00000000e-02  3.26753881e-09  3.26885457e-09  3.30154863e-09  4.57688164e-01  4.57688164e-01  3.30189298e-09  3.26304674e-09  1.58229574e-07  3.46109816e-08  7.00000000e-02 
 8.00000000e-02  3.26753875e-09  3.26885457e-09  3.30154863e-09  4.57688167e-01  4.57688167e-01  3.30189292e-09  3.26304674e-09  1.58229576e-07  3.46107907e-08  8.00000000e-02 
 9.00000000e-02  3.26753881e-09  3.26885457e-09  3.30154857e-09  4.57688162e-01  4.57688162e-01  3.30189298e-09  3.26304674e-09  1.58229587e-07  3.46105589e-08  9.00000000e-02 
 1.00000000e-01  3.26753881e-09  3.26885457e-09  3.30154857e-09  4.57688164e-01  4.57688164e-01  3.30189298e-09  3.26304674e-09  1.58229582e-07  3.46102498e-08  1.00000000e-01 
 1.10000000e-01  3.26753881e-09  3.26885463e-09  3.30154863e-09  4.57688193e-01  4.57688193e-01  3.30189298e-09  3.26304674e-09  1.58229613e-07  3.46100730e-08  1.10000000e-01 
 1.20000000e-01  3.26753874e-09  3.26885463e-09  3.30154863e-09  4.57688161e-01  4.57688161e-01  3.30189298e-09  3.26304674e-09  1.58229567e-07  3.46098368e-08  1.20000000e-01 
 1.30000000e-01  3.26753881e-09  3.26885463e-09  3.30154863e-09  4.57688191e-01  4.57688191e-01  3.30189298e-09  3.26304674e-09  1.58229629e-07  3.46095135e-08  1.30000000e-01 
 1.40000000e-01  3.26753879e-09  3.26885463e-09  3.30154863e-09  4.57688176e-01  4.57688176e-01  3.30189298e-09  3.26304668e-09  1.58229593e-07  3.46094939e-08  1.40000000e-01 
 1.50000000e-01  3.26753876e-09  3.26885457e-09  3.30154863e-09  4.57688174e-01  4.57688174e-01  3.30189298e-09  3.26304674e-09  1.58229596e-07  3.46092968e-08  1.50000000e-01 
 1.60000000e-01  3.26753875e-09  3.26885457e-09  3.30154863e-09  4.57688172e-01  4.57688172e-01  3.30189298e-09  3.26304674e-09  1.58229586e-07  3.46089948e-08  1.60000000e-01 
 1.70000000e-01  3.26753875e-09  3.26885457e-09  3.30154863e-09  4.57688204e-01  4.57688204e-01  3.30189298e-09  3.26304674e-09  1.58229628e-07  3.46088953e-08  1.70000000e-01 
 1.80000000e-01  3.26753875e-09  3.26885457e-09  3.30154863e-09  4.57688179e-01  4.57688179e-01  3.30189298e-09  3.26304674e-09  1.58229611e-07  3.46086360e-08  1.80000000e-01 
 1.90000000e-01  3.26753881e-09  3.26885463e-09  3.30154863e-09  4.57688199e-01  4.57688199e-01  3.30189298e-09  3.26304674e-09  1.58229616e-07  3.46083429e-08  1.90000000e-01 
 2.00000000e-01  3.26753879e-09  3.26885457e-09  3.30154863e-09  4.57688164e-01  4.57688164e-01  3.30189298e-09  3.26304668e-09  1.58229588e-07  3.46083215e-08  2.00000000e-01 
 2.10000000e-01  3.26753881e-09  3.26885463e-09  3.30154857e-09  4.57688185e-01  4.57688185e-01  3.30189298e-09  3.26304674e-09  1.58229594e-07  3.46081102e-08  2.10000000e-01 
 2.20000000e-01  3.26753879e-09  3.26885457e-09  3.30154863e-09  4.57688162e-01  4.57688162e-01  3.30189298e-09  3.26304674e-09  1.58229573e-07  3.46080320e-08  2.20000000e-01 
 2.30000000e-01  3.26753881e-09  3.26885457e-09  3.30154857e-09  4.57688167e-01  4.57688167e-01  3.30189298e-09  3.26304674e-09  1.58229579e-07  3.46079325e-08  2.30000000e-01 
 2.40000000e-01  3.26753874e-09  3.26885457e-09  3.30154863e-09  4.57688150e-01  4.57688150e-01  3.30189297e-09  3.26304668e-09  1.58229550e-07  3.46077282e-08  2.40000000e-01 
 2.50000000e-01  3.26753876e-09  3.26885457e-09  3.30154857e-09  4.57688168e-01  4.57688167e-01  3.30189298e-09  3.26304674e-09  1.58229573e-07  3.46076376e-08  2.50000000e-01 
 2.60000000e-01  3.26753881e-09  3.26885457e-09  3.30154863e-09  4.57688169e-01  4.57688169e-01  3.30189298e-09  3.26304668e-09  1.58229581e-07  3.46074653e-08  2.60000000e-01 
 2.70000000e-01  3.26753875e-09  3.26885463e-09  3.30154857e-09  4.57688180e-01  4.57688180e-01  3.30189298e-09  3.26304674e-09  1.58229605e-07  3.46073890e-08  2.70000000e-01 
 2.80000000e-01  3.26753875e-09  3.26885463e-09  3.30154863e-09  4.57688179e-01  4.57688179e-01  3.30189298e-09  3.26304674e-09  1.58229612e-07  3.46072380e-08  2.80000000e-01 
 2.90000000e-01  3.26753875e-09  3.26885457e-09  3.30154858e-09  4.57688191e-01  4.57688191e-01  3.30189298e-09  3.26304674e-09  1.58229622e-07  3.46072504e-08  2.90000000e-01 
 3.00000000e-01  3.26753875e-09  3.26885463e-09  3.30154863e-09  4.57688127e-01  4.57688127e-01  3.30189297e-09  3.26304674e-09  1.58229538e-07  3.46071154e-08  3.00000000e-01 
 3.10000000e-01  3.26753875e-09  3.26885457e-09  3.30154863e-09  4.57688176e-01  4.57688176e-01  3.30189298e-09  3.26304674e-09  1.58229583e-07  3.46069662e-08  3.10000000e-01 
 3.20000000e-01  3.26753875e-09  3.26885457e-09  3.30154863e-09  4.57688182e-01  4.57688182e-01  3.30189298e-09  3.26304674e-09  1.58229615e-07  3.46068276e-08  3.20000000e-01 
 3.30000000e-01  3.26753881e-09  3.26885457e-09  3.30154863e-09  4.57688164e-01  4.57688164e-01  3.30189298e-09  3.26304674e-09  1.58229575e-07  3.46067139e-08  3.30000000e-01 
 3.40000000e-01  3.26753875e-09  3.26885457e-09  3.30154863e-09  4.57688165e-01  4.57688165e-01  3.30189298e-09  3.26304674e-09  1.58229579e-07  3.46067033e-08  3.40000000e-01 
 3.50000000e-01  3.26753875e-09  3.26885463e-09  3.30154863e-09  4.57688178e-01  4.57688178e-01  3.30189298e-09  3.26304668e-09  1.58229589e-07  3.46065079e-08  3.50000000e-01 
 3.60000000e-01  3.26753881e-09  3.26885463e-09  3.30154863e-09  4.57688208e-01  4.57688208e-01  3.30189298e-09  3.26304674e-09  1.58229649e-07  3.46065683e-08  3.60000000e-01 
 3.70000000e-01  3.26753879e-09  3.26885463e-09  3.30154863e-09  4.57688161e-01  4.57688161e-01  3.30189298e-09  3.26304674e-09  1.58229557e-07  3.46064262e-08  3.70000000e-01 
 3.80000000e-01  3.26753881e-09  3.26885463e-09  3.30154857e-09  4.57688182e-01  4.57688182e-01  3.30189298e-09  3.26304674e-09  1.58229610e-07  3.46063729e-08  3.80000000e-01 
 3.90000000e-01  3.26753873e-09  3.26885463e-09  3.30154863e-09  4.57688135e-01  4.57688135e-01  3.30189297e-09  3.26304674e-09  1.58229531e-07  3.46062912e-08  3.90000000e-01 
 4.00000000e-01  3.26753876e-09  3.26885463e-09  3.30154857e-09  4.57688188e-01  4.57688188e-01  3.30189298e-09  3.26304668e-09  1.58229608e-07  3.46061775e-08  4.00000000e-01 
 4.10000000e-01  3.26753881e-09  3.26885463e-09  3.30154863e-09  4.57688177e-01  4.57688177e-01  3.30189298e-09  3.26304674e-09  1.58229588e-07  3.46061135e-08  4.10000000e-01 
 4.20000000e-01  3.26753880e-09  3.26885457e-09  3.30154858e-09  4.57688199e-01  4.57688199e-01  3.30189298e-09  3.26304674e-09  1.58229627e-07  3.46060141e-08  4.20000000e-01 
 4.30000000e-01  3.26753875e-09  3.26885463e-09  3.30154863e-09  4.57688133e-01  4.57688133e-01  3.30189297e-09  3.26304674e-09  1.58229525e-07  3.46059110e-08  4.30000000e-01 
 4.40000000e-01  3.26753875e-09  3.26885457e-09  3.30154863e-09  4.57688191e-01  4.57688191e-01  3.30189298e-09  3.26304674e-09  1.58229623e-07  3.46059039e-08  4.40000000e-01 
 4.50000000e-01  3.26753875e-09  3.26885457e-09  3.30154863e-09  4.57688152e-01  4.57688152e-01  3.30189297e-09  3.26304674e-09  1.58229553e-07  3.46058613e-08  4.50000000e-01 
 4.60000000e-01  3.26753881e-09  3.26885457e-09  3.30154857e-09  4.57688169e-01  4.57688169e-01  3.30189298e-09  3.26304674e-09  1.58229598e-07  3.46058009e-08  4.60000000e-01 
 4.70000000e-01  3.26753875e-09  3.26885463e-09  3.30154863e-09  4.57688174e-01  4.57688174e-01  3.30189298e-09  3.26304674e-09  1.58229594e-07  3.46057369e-08  4.70000000e-01 
 4.80000000e-01  3.26753881e-09  3.26885463e-09  3.30154857e-09  4.57688187e-01  4.57688187e-01  3.30189298e-09  3.26304674e-09  1.58229603e-07  3.46057156e-08  4.80000000e-01 
 4.90000000e-01  3.26753879e-09  3.26885457e-09  3.30154863e-09  4.57688167e-01  4.57688167e-01  3.30189298e-09  3.26304674e-09  1.58229584e-07  3.46055593e-08  4.90000000e-01 
 5.00000000e-01  3.26753876e-09  3.26885457e-09  3.30154863e-09  4.57688181e-01  4.57688181e-01  3.30189298e-09  3.26304674e-09  1.58229592e-07  3.46056410e-08  5.00000000e-01 
 5.10000000e-01  3.26753881e-09  3.26885457e-09  3.30154858e-09  4.57688190e-01  4.57688190e-01  3.30189298e-09  3.26304674e-09  1.58229618e-07  3.46055309e-08  5.10000000e-01 
 5.20000000e-01  3.26753879e-09  3.26885457e-09  3.30154863e-09  4.57688168e-01  4.57688168e-01  3.30189298e-09  3.26304674e-09  1.58229580e-07  3.46054314e-08  5.20000000e-01 
 5.30000000e-01  3.26753875e-09  3.26885463e-09  3.30154863e-09  4.57688159e-01  4.57688159e-01  3.30189298e-09  3.26304674e-09  1.58229575e-07  3.46054136e-08  5.30000000e-01 
 5.40000000e-01  3.26753875e-09  3.26885457e-09  3.30154863e-09  4.57688160e-01  4.57688160e-01  3.30189298e-09  3.26304674e-09  1.58229574e-07  3.46052644e-08  5.40000000e-01 
 5.50000000e-01  3.26753881e-09  3.26885457e-09  3.30154863e-09  4.57688178e-01  4.57688178e-01  3.30189298e-09  3.26304674e-09  1.58229596e-07  3.46052715e-08  5.50000000e-01 
 5.60000000e-01  3.26753880e-09  3.26885463e-09  3.30154863e-09  4.57688186e-01  4.57688186e-01  3.30189298e-09  3.26304674e-09  1.58229623e-07  3.46053213e-08  5.60000000e-01 
 5.70000000e-01  3.26753875e-09  3.26885463e-09  3.30154863e-09  4.57688148e-01  4.57688148e-01  3.30189297e-09  3.26304674e-09  1.58229571e-07  3.46051365e-08  5.70000000e-01 
 5.80000000e-01  3.26753875e-09  3.26885463e-09  3.30154863e-09  4.57688177e-01  4.57688177e-01  3.30189298e-09  3.26304674e-09  1.58229594e-07  3.46052076e-08  5.80000000e-01 
 5.90000000e-01  3.26753875e-09  3.26885457e-09  3.30154863e-09  4.57688136e-01  4.57688136e-01  3.30189297e-09  3.26304668e-09  1.58229543e-07  3.46050371e-08  5.90000000e-01 
 6.00000000e-01  3.26753881e-09  3.26885457e-09  3.30154857e-09  4.57688176e-01  4.57688176e-01  3.30189298e-09  3.26304668e-09  1.58229581e-07  3.46050300e-08  6.00000000e-01 
 6.10000000e-01  3.26753879e-09  3.26885463e-09  3.30154863e-09  4.57688173e-01  4.57688173e-01  3.30189298e-09  3.26304674e-09  1.58229594e-07  3.46050442e-08  6.10000000e-01 
 6.20000000e-01  3.26753875e-09  3.26885457e-09  3.30154857e-09  4.57688149e-01  4.57688149e-01  3.30189297e-09  3.26304674e-09  1.58229556e-07  3.46049731e-08  6.20000000e-01 
 6.30000000e-01  3.26753875e-09  3.26885457e-09  3.30154863e-09  4.57688160e-01  4.57688160e-01  3.30189298e-09  3.26304674e-09  1.58229566e-07  3.46047884e-08  6.30000000e-01 
 6.40000000e-01  3.26753881e-09  3.26885463e-09  3.30154857e-09  4.57688160e-01  4.57688160e-01  3.30189298e-09  3.26304674e-09  1.58229578e-07  3.46047884e-08  6.40000000e-01 
 6.50000000e-01  3.26753881e-09  3.26885463e-09  3.30154863e-09  4.57688171e-01  4.57688171e-01  3.30189298e-09  3.26304668e-09  1.58229596e-07  3.46046605e-08  6.50000000e-01 
 6.60000000e-01  3.26753881e-09  3.26885463e-09  3.30154863e-09  4.57688168e-01  4.57688167e-01  3.30189292e-09  3.26304674e-09  1.58229597e-07  3.46046320e-08  6.60000000e-01 
 6.70000000e-01  3.26753881e-09  3.26885463e-09  3.30154857e-09  4.57688159e-01  4.57688159e-01  3.30189298e-09  3.26304674e-09  1.58229566e-07  3.46046818e-08  6.70000000e-01 
 6.80000000e-01  3.26753880e-09  3.26885463e-09  3.30154863e-09  4.57688141e-01  4.57688141e-01  3.30189297e-09  3.26304674e-09  1.58229537e-07  3.46045255e-08  6.80000000e-01 
 6.90000000e-01  3.26753881e-09  3.26885463e-09  3.30154857e-09  4.57688182e-01  4.57688182e-01  3.30189298e-09  3.26304674e-09  1.58229595e-07  3.46046249e-08  6.90000000e-01 
 7.00000000e-01  3.26753879e-09  3.26885463e-09  3.30154857e-09  4.57688175e-01  4.57688175e-01  3.30189298e-09  3.26304674e-09  1.58229577e-07  3.46044970e-08  7.00000000e-01 
 7.10000000e-01  3.26753881e-09  3.26885463e-09  3.30154857e-09  4.57688157e-01  4.57688157e-01  3.30189297e-09  3.26304674e-09  1.58229568e-07  3.46044615e-08  7.10000000e-01 
 7.20000000e-01  3.26753874e-09  3.26885463e-09  3.30154863e-09  4.57688152e-01  4.57688151e-01  3.30189297e-09  3.26304674e-09  1.58229551e-07  3.46043265e-08  7.20000000e-01 
 7.30000000e-01  3.26753876e-09  3.26885463e-09  3.30154863e-09  4.57688184e-01  4.57688183e-01  3.30189298e-09  3.26304674e-09  1.58229604e-07  3.46042555e-08  7.30000000e-01 
 7.40000000e-01  3.26753880e-09  3.26885463e-09  3.30154857e-09  4.57688151e-01  4.57688151e-01  3.30189297e-09  3.26304674e-09  1.58229568e-07  3.46042128e-08  7.40000000e-01 
 7.50000000e-01  3.26753875e-09  3.26885463e-09  3.30154863e-09  4.57688159e-01  4.57688159e-01  3.30189298e-09  3.26304674e-09  1.58229563e-07  3.46041489e-08  7.50000000e-01 
 7.60000000e-01  3.26753875e-09  3.26885463e-09  3.30154863e-09  4.57688172e-01  4.57688172e-01  3.30189298e-09  3.26304674e-09  1.58229578e-07  3.46040991e-08  7.60000000e-01 
 7.70000000e-01  3.26753875e-09  3.26885457e-09  3.30154857e-09  4.57688171e-01  4.57688171e-01  3.30189298e-09  3.26304674e-09  1.58229591e-07  3.46039783e-08  7.70000000e-01 
 7.80000000e-01  3.26753875e-09  3.26885457e-09  3.30154863e-09  4.57688159e-01  4.57688159e-01  3.30189298e-09  3.26304674e-09  1.58229574e-07  3.46039357e-08  7.80000000e-01 
 7.90000000e-01  3.26753875e-09  3.26885463e-09  3.30154857e-09  4.57688162e-01  4.57688161e-01  3.30189298e-09  3.26304674e-09  1.58229569e-07  3.46038931e-08  7.90000000e-01 
 8.00000000e-01  3.26753875e-09  3.26885463e-09  3.30154863e-09  4.57688177e-01  4.57688177e-01  3.30189298e-09  3.26304674e-09  1.58229605e-07  3.46039073e-08  8.00000000e-01 
 8.10000000e-01  3.26753881e-09  3.26885463e-09  3.30154863e-09  4.57688177e-01  4.57688177e-01  3.30189298e-09  3.26304674e-09  1.58229604e-07  3.46038860e-08  8.10000000e-01 
 8.20000000e-01  3.26753880e-09  3.26885463e-09  3.30154857e-09  4.57688183e-01  4.57688183e-01  3.30189298e-09  3.26304674e-09  1.58229595e-07  3.46039286e-08  8.20000000e-01 
 8.30000000e-01  3.26753876e-09  3.26885457e-09  3.30154863e-09  4.57688185e-01  4.57688185e-01  3.30189298e-09  3.26304668e-09  1.58229616e-07  3.46036586e-08  8.30000000e-01 
 8.40000000e-01  3.26753881e-09  3.26885463e-09  3.30154857e-09  4.57688173e-01  4.57688173e-01  3.30189298e-09  3.26304674e-09  1.58229590e-07  3.46036728e-08  8.40000000e-01 
 8.50000000e-01  3.26753880e-09  3.26885457e-09  3.30154863e-09  4.57688203e-01  4.57688203e-01  3.30189292e-09  3.26304674e-09  1.58229625e-07  3.46036444e-08  8.50000000e-01 
 8.60000000e-01  3.26753881e-09  3.26885457e-09  3.30154857e-09  4.57688163e-01  4.57688163e-01  3.30189298e-09  3.26304674e-09  1.58229578e-07  3.46035804e-08  8.60000000e-01 
 8.70000000e-01  3.26753874e-09  3.26885463e-09  3.30154863e-09  4.57688159e-01  4.57688159e-01  3.30189298e-09  3.26304674e-09  1.58229570e-07  3.46034881e-08  8.70000000e-01 
 8.80000000e-01  3.26753881e-09  3.26885463e-09  3.30154863e-09  4.57688154e-01  4.57688153e-01  3.30189297e-09  3.26304674e-09  1.58229570e-07  3.46033744e-08  8.80000000e-01 
 8.90000000e-01  3.26753879e-09  3.26885463e-09  3.30154863e-09  4.57688160e-01  4.57688160e-01  3.30189298e-09  3.26304674e-09  1.58229576e-07  3.46033247e-08  8.90000000e-01 
 9.00000000e-01  3.26753881e-09  3.26885457e-09  3.30154863e-09  4.57688157e-01  4.57688157e-01  3.30189297e-09  3.26304674e-09  1.58229565e-07  3.46032607e-08  9.00000000e-01 
 9.10000000e-01  3.26753874e-09  3.26885457e-09  3.30154863e-09  4.57688153e-01  4.57688153e-01  3.30189297e-09  3.26304674e-09  1.58229552e-07  3.46032323e-08  9.10000000e-01 
 9.20000000e-01  3.26753881e-09  3.26885457e-09  3.30154863e-09  4.57688176e-01  4.57688176e-01  3.30189292e-09  3.26304674e-09  1.58229595e-07  3.46032181e-08  9.20000000e-01 
 9.30000000e-01  3.26753879e-09  3.26885463e-09  3.30154863e-09  4.57688150e-01  4.57688150e-01  3.30189297e-09  3.26304674e-09  1.58229558e-07  3.46032465e-08  9.30000000e-01 
 9.40000000e-01  3.26753876e-09  3.26885463e-09  3.30154863e-09  4.57688171e-01  4.57688171e-01  3.30189298e-09  3.26304674e-09  1.58229577e-07  3.46030973e-08  9.40000000e-01 
 9.50000000e-01  3.26753881e-09  3.26885463e-09  3.30154863e-09  4.57688174e-01  4.57688174e-01  3.30189298e-09  3.26304668e-09  1.58229587e-07  3.46030404e-08  9.50000000e-01 
 9.60000000e-01  3.26753879e-09  3.26885457e-09  3.30154863e-09  4.57688158e-01  4.57688158e-01  3.30189297e-09  3.26304674e-09  1.58229565e-07  3.46028841e-08  9.60000000e-01 
 9.70000000e-01  3.26753876e-09  3.26885463e-09  3.30154863e-09  4.57688178e-01  4.57688178e-01  3.30189298e-09  3.26304674e-09  1.58229591e-07  3.46028912e-08  9.70000000e-01 
 9.80000000e-01  3.26753875e-09  3.26885457e-09  3.30154863e-09  4.57688171e-01  4.57688171e-01  3.30189298e-09  3.26304674e-09  1.58229586e-07  3.46029267e-08  9.80000000e-01 
 9.90000000e-01  3.26753881e-09  3.26885463e-09  3.30154863e-09  4.57688166e-01  4.57688166e-01  3.30189298e-09  3.26304674e-09  1.58229584e-07  3.46028628e-08  9.90000000e-01 
 1.00000000e+00  3.26753881e-09  3.26885457e-09  3.30154857e-09  4.57688164e-01  4.57688164e-01  3.30189298e-09  3.26304674e-09  1.58229570e-07  3.46025928e-08  1.00000000e+00 
 1.01000000e+00  3.26753881e-09  3.26885463e-09  3.30154863e-09  4.57688195e-01  4.57688195e-01  3.30189298e-09  3.26304674e-09  1.58229615e-07  3.46026781e-08  1.01000000e+00 
 1.02000000e+00  3.26753880e-09  3.26885457e-09  3.30154857e-09  4.57688182e-01  4.57688182e-01  3.30189298e-09  3.26304674e-09  1.58229589e-07  3.46026710e-08  1.02000000e+00 
 1.03000000e+00  3.26753881e-09  3.26885457e-09  3.30154857e-09  4.57688154e-01  4.57688153e-01  3.30189297e-09  3.26304674e-09  1.58229552e-07  3.46024791e-08  1.03000000e+00 
 1.04000000e+00  3.26753874e-09  3.26885457e-09  3.30154863e-09  4.57688178e-01  4.57688177e-01  3.30189298e-09  3.26304674e-09  1.58229592e-07  3.46024080e-08  1.04000000e+00 
 1.05000000e+00  3.26753881e-09  3.26885463e-09  3.30154857e-09  4.57688172e-01  4.57688172e-01  3.30189298e-09  3.26304674e-09  1.58229592e-07  3.46024507e-08  1.05000000e+00 
 1.06000000e+00  3.26753879e-09  3.26885457e-09  3.30154857e-09  4.57688179e-01  4.57688179e-01  3.30189298e-09  3.26304674e-09  1.58229601e-07  3.46023512e-08  1.06000000e+00 
 1.07000000e+00  3.26753875e-09  3.26885457e-09  3.30154863e-09  4.57688163e-01  4.57688163e-01  3.30189298e-09  3.26304674e-09  1.58229588e-07  3.46022802e-08  1.07000000e+00 
 1.08000000e+00  3.26753875e-09  3.26885463e-09  3.30154857e-09  4.57688156e-01  4.57688156e-01  3.30189297e-09  3.26304674e-09  1.58229564e-07  3.46021878e-08  1.08000000e+00 
 1.09000000e+00  3.26753875e-09  3.26885457e-09  3.30154863e-09  4.57688185e-01  4.57688184e-01  3.30189298e-09  3.26304674e-09  1.58229611e-07  3.46021949e-08  1.09000000e+00 
 1.10000000e+00  3.26753881e-09  3.26885457e-09  3.30154863e-09  4.57688176e-01  4.57688176e-01  3.30189298e-09  3.26304674e-09  1.58229597e-07  3.46022375e-08  1.10000000e+00 
 1.11000000e+00  3.26753879e-09  3.26885463e-09  3.30154863e-09  4.57688181e-01  4.57688181e-01  3.30189298e-09  3.26304674e-09  1.58229594e-07  3.46019888e-08  1.11000000e+00 
 1.12000000e+00  3.26753881e-09  3.26885457e-09  3.30154863e-09  4.57688178e-01  4.57688178e-01  3.30189298e-09  3.26304674e-09  1.58229597e-07  3.46020244e-08  1.12000000e+00 
 1.13000000e+00  3.26753879e-09  3.26885457e-09  3.30154863e-09  4.57688159e-01  4.57688159e-01  3.30189298e-09  3.26304674e-09  1.58229579e-07  3.46020030e-08  1.13000000e+00 
 1.14000000e+00  3.26753881e-09  3.26885463e-09  3.30154863e-09  4.57688170e-01  4.57688170e-01  3.30189298e-09  3.26304674e-09  1.58229585e-07  3.46018680e-08  1.14000000e+00 
 1.15000000e+00  3.26753874e-09  3.26885463e-09  3.30154863e-09  4.57688157e-01  4.57688157e-01  3.30189297e-09  3.26304674e-09  1.58229567e-07  3.46018396e-08  1.15000000e+00 
 1.16000000e+00  3.26753881e-09  3.26885457e-09  3.30154863e-09  4.57688169e-01  4.57688169e-01  3.30189298e-09  3.26304674e-09  1.58229576e-07  3.46017970e-08  1.16000000e+00 
 1.17000000e+00  3.26753879e-09  3.26885457e-09  3.30154863e-09  4.57688172e-01  4.57688172e-01  3.30189298e-09  3.26304674e-09  1.58229578e-07  3.46017970e-08  1.17000000e+00 
 1.18000000e+00  3.26753875e-09  3.26885457e-09  3.30154863e-09  4.57688154e-01  4.57688154e-01  3.30189297e-09  3.26304674e-09  1.58229569e-07  3.46018254e-08  1.18000000e+00 
 1.19000000e+00  3.26753881e-09  3.26885457e-09  3.30154863e-09  4.57688182e-01  4.57688182e-01  3.30189298e-09  3.26304674e-09  1.58229600e-07  3.46015980e-08  1.19000000e+00 
 1.20000000e+00  3.26753879e-09  3.26885457e-09  3.30154863e-09  4.57688166e-01  4.57688166e-01  3.30189298e-09  3.26304668e-09  1.58229581e-07  3.46015696e-08  1.20000000e+00 
 1.21000000e+00  3.26753875e-09  3.26885463e-09  3.30154863e-09  4.57688164e-01  4.57688164e-01  3.30189298e-09  3.26304674e-09  1.58229585e-07  3.46014417e-08  1.21000000e+00 
 1.22000000e+00  3.26753881e-09  3.26885457e-09  3.30154857e-09  4.57688163e-01  4.57688163e-01  3.30189298e-09  3.26304674e-09  1.58229559e-07  3.46013422e-08  1.22000000e+00 
 1.23000000e+00  3.26753881e-09  3.26885457e-09  3.30154863e-09  4.57688170e-01  4.57688170e-01  3.30189298e-09  3.26304674e-09  1.58229580e-07  3.46013280e-08  1.23000000e+00 
 1.24000000e+00  3.26753881e-09  3.26885463e-09  3.30154857e-09  4.57688166e-01  4.57688166e-01  3.30189298e-09  3.26304674e-09  1.58229579e-07  3.46012285e-08  1.24000000e+00 
 1.25000000e+00  3.26753881e-09  3.26885457e-09  3.30154863e-09  4.57688166e-01  4.57688166e-01  3.30189298e-09  3.26304674e-09  1.58229583e-07  3.46012143e-08  1.25000000e+00 
 1.26000000e+00  3.26753881e-09  3.26885457e-09  3.30154863e-09  4.57688162e-01  4.57688162e-01  3.30189298e-09  3.26304674e-09  1.58229576e-07  3.46010296e-08  1.26000000e+00 
 1.27000000e+00  3.26753881e-09  3.26885457e-09  3.30154857e-09  4.57688166e-01  4.57688166e-01  3.30189298e-09  3.26304674e-09  1.58229578e-07  3.46011575e-08  1.27000000e+00 
 1.28000000e+00  3.26753875e-09  3.26885463e-09  3.30154863e-09  4.57688163e-01  4.57688163e-01  3.30189298e-09  3.26304674e-09  1.58229580e-07  3.46010438e-08  1.28000000e+00 
 1.29000000e+00  3.26753875e-09  3.26885457e-09  3.30154857e-09  4.57688159e-01  4.57688159e-01  3.30189298e-09  3.26304668e-09  1.58229570e-07  3.46008306e-08  1.29000000e+00 
 1.30000000e+00  3.26753881e-09  3.26885457e-09  3.30154863e-09  4.57688178e-01  4.57688178e-01  3.30189298e-09  3.26304674e-09  1.58229604e-07  3.46009585e-08  1.30000000e+00 
 1.31000000e+00  3.26753880e-09  3.26885463e-09  3.30154863e-09  4.57688182e-01  4.57688182e-01  3.30189298e-09  3.26304674e-09  1.58229608e-07  3.46008733e-08  1.31000000e+00 
 1.32000000e+00  3.26753876e-09  3.26885463e-09  3.30154858e-09  4.57688205e-01  4.57688205e-01  3.30189298e-09  3.26304674e-09  1.58229650e-07  3.46007027e-08  1.32000000e+00 
 1.33000000e+00  3.26753881e-09  3.26885463e-09  3.30154863e-09  4.57688173e-01  4.57688173e-01  3.30189298e-09  3.26304668e-09  1.58229575e-07  3.46007454e-08  1.33000000e+00 
 1.34000000e+00  3.26753879e-09  3.26885457e-09  3.30154863e-09  4.57688158e-01  4.57688158e-01  3.30189297e-09  3.26304674e-09  1.58229568e-07  3.46005748e-08  1.34000000e+00 
 1.35000000e+00  3.26753876e-09  3.26885463e-09  3.30154863e-09  4.57688183e-01  4.57688183e-01  3.30189298e-09  3.26304674e-09  1.58229613e-07  3.46004470e-08  1.35000000e+00 
 1.36000000e+00  3.26753875e-09  3.26885457e-09  3.30154863e-09  4.57688171e-01  4.57688171e-01  3.30189298e-09  3.26304674e-09  1.58229584e-07  3.46005038e-08  1.36000000e+00 
 1.37000000e+00  3.26753875e-09  3.26885463e-09  3.30154863e-09  4.57688167e-01  4.57688167e-01  3.30189298e-09  3.26304674e-09  1.58229588e-07  3.46003759e-08  1.37000000e+00 
 1.38000000e+00  3.26753875e-09  3.26885463e-09  3.30154863e-09  4.57688148e-01  4.57688148e-01  3.30189297e-09  3.26304674e-09  1.58229554e-07  3.46003333e-08  1.38000000e+00 
 1.39000000e+00  3.26753881e-09  3.26885457e-09  3.30154863e-09  4.57688163e-01  4.57688163e-01  3.30189298e-09  3.26304674e-09  1.58229571e-07  3.46002338e-08  1.39000000e+00 
 1.40000000e+00  3.26753881e-09  3.26885463e-09  3.30154863e-09  4.57688166e-01  4.57688166e-01  3.30189298e-09  3.26304674e-09  1.58229577e-07  3.46001485e-08  1.40000000e+00 
 1.41000000e+00  3.26753875e-09  3.26885457e-09  3.30154857e-09  4.57688156e-01  4.57688156e-01  3.30189297e-09  3.26304674e-09  1.58229562e-07  3.46000348e-08  1.41000000e+00 
 1.42000000e+00  3.26753875e-09  3.26885463e-09  3.30154863e-09  4.57688163e-01  4.57688163e-01  3.30189298e-09  3.26304674e-09  1.58229584e-07  3.46000206e-08  1.42000000e+00 
 1.43000000e+00  3.26753875e-09  3.26885463e-09  3.30154863e-09  4.57688183e-01  4.57688183e-01  3.30189298e-09  3.26304674e-09  1.58229597e-07  3.45999069e-08  1.43000000e+00 
 1.44000000e+00  3.26753881e-09  3.26885457e-09  3.30154863e-09  4.57688203e-01  4.57688203e-01  3.30189298e-09  3.26304674e-09  1.58229639e-07  3.45998643e-08  1.44000000e+00 
 1.45000000e+00  3.26753874e-09  3.26885457e-09  3.30154863e-09  4.57688167e-01  4.57688167e-01  3.30189298e-09  3.26304668e-09  1.58229581e-07  3.45997222e-08  1.45000000e+00 
 1.46000000e+00  3.26753881e-09  3.26885463e-09  3.30154863e-09  4.57688165e-01  4.57688165e-01  3.30189298e-09  3.26304674e-09  1.58229573e-07  3.45995943e-08  1.46000000e+00 
 1.47000000e+00  3.26753879e-09  3.26885457e-09  3.30154857e-09  4.57688174e-01  4.57688173e-01  3.30189298e-09  3.26304674e-09  1.58229581e-07  3.45994948e-08  1.47000000e+00 
 1.48000000e+00  3.26753875e-09  3.26885463e-09  3.30154863e-09  4.57688157e-01  4.57688157e-01  3.30189297e-09  3.26304674e-09  1.58229553e-07  3.45993385e-08  1.48000000e+00 
 1.49000000e+00  3.26753881e-09  3.26885463e-09  3.30154863e-09  4.57688175e-01  4.57688175e-01  3.30189298e-09  3.26304674e-09  1.58229589e-07  3.45992106e-08  1.49000000e+00 
 1.50000000e+00  3.26753874e-09  3.26885463e-09  3.30154863e-09  4.57688171e-01  4.57688171e-01  3.30189298e-09  3.26304674e-09  1.58229598e-07  3.45991111e-08  1.50000000e+00 
 1.51000000e+00  3.26753875e-09  3.26885463e-09  3.30154857e-09  4.57688141e-01  4.57688141e-01  3.30189297e-09  3.26304668e-09  1.58229537e-07  3.45987701e-08  1.51000000e+00 
 1.52000000e+00  3.26753875e-09  3.26885463e-09  3.30154857e-09  4.57688158e-01  4.57688158e-01  3.30189297e-09  3.26304668e-09  1.58229559e-07  3.45986990e-08  1.52000000e+00 
 1.53000000e+00  3.26753875e-09  3.26885457e-09  3.30154857e-09  4.57688170e-01  4.57688170e-01  3.30189298e-09  3.26304674e-09  1.58229585e-07  3.45983722e-08  1.53000000e+00 
 1.54000000e+00  3.26753881e-09  3.26885463e-09  3.30154863e-09  4.57688162e-01  4.57688162e-01  3.30189298e-09  3.26304674e-09  1.58229578e-07  3.45982016e-08  1.54000000e+00 
 1.55000000e+00  3.26753881e-09  3.26885457e-09  3.30154863e-09  4.57688193e-01  4.57688193e-01  3.30189298e-09  3.26304674e-09  1.58229625e-07  3.45980027e-08  1.55000000e+00 
 1.56000000e+00  3.26753874e-09  3.26885457e-09  3.30154863e-09  4.57688171e-01  4.57688171e-01  3.30189298e-09  3.26304674e-09  1.58229580e-07  3.45975764e-08  1.56000000e+00 
 1.57000000e+00  3.26753876e-09  3.26885457e-09  3.30154863e-09  4.57688171e-01  4.57688171e-01  3.30189298e-09  3.26304674e-09  1.58229585e-07  3.45971642e-08  1.57000000e+00 
 1.58000000e+00  3.26753880e-09  3.26885457e-09  3.30154863e-09  4.57688153e-01  4.57688153e-01  3.30189297e-09  3.26304674e-09  1.58229559e-07  3.45964253e-08  1.58000000e+00 
 1.59000000e+00  3.26753881e-09  3.26885463e-09  3.30154863e-09  4.57688178e-01  4.57688178e-01  3.30189298e-09  3.26304674e-09  1.58229587e-07  3.45954447e-08  1.59000000e+00 
 1.60000000e+00  3.26753879e-09  3.26885457e-09  3.30154863e-09  4.57688152e-01  4.57688152e-01  3.30189297e-09  3.26304674e-09  1.58229563e-07  3.45940663e-08  1.60000000e+00 
 1.61000000e+00  3.26753881e-09  3.26885463e-09  3.30154863e-09  4.57688165e-01  4.57688165e-01  3.30189298e-09  3.26304674e-09  1.58229589e-07  3.45921762e-08  1.61000000e+00 
 1.62000000e+00  3.26753880e-09  3.26885457e-09  3.30154863e-09  4.57688194e-01  4.57688194e-01  3.30189298e-09  3.26304674e-09  1.58229616e-07  3.45886946e-08  1.62000000e+00 
 1.63000000e+00  3.26753882e-09  3.26885457e-09  3.30154863e-09  4.57688204e-01  4.57688203e-01  3.30189298e-09  3.26304674e-09  1.58229645e-07  3.45829818e-08  1.63000000e+00 
 1.64000000e+00  3.26753880e-09  3.26885457e-09  3.30154863e-09  4.57688185e-01  4.57688185e-01  3.30189298e-09  3.26304674e-09  1.58229610e-07  3.45724800e-08  1.64000000e+00 
 1.65000000e+00  3.26753881e-09  3.26885463e-09  3.30154863e-09  4.57688162e-01  4.57688162e-01  3.30189298e-09  3.26304674e-09  1.58229573e-07  3.45532669e-08  1.65000000e+00 
 1.66000000e+00  3.26753879e-09  3.26885463e-09  3.30154863e-09  4.57688166e-01  4.57688166e-01  3.30189298e-09  3.26304674e-09  1.58229563e-07  3.45159350e-08  1.66000000e+00 
 1.67000000e+00  3.26753875e-09  3.26885457e-09  3.30154863e-09  4.57688182e-01  4.57688182e-01  3.30189298e-09  3.26304674e-09  1.58229595e-07  3.44358995e-08  1.67000000e+00 
 1.68000000e+00  3.26753881e-09  3.26885463e-09  3.30154863e-09  4.57688176e-01  4.57688176e-01  3.30189298e-09  3.26304674e-09  1.58229611e-07  3.39028503e-08  1.68000000e+00 
 1.69000000e+00  3.26753881e-09  3.26885463e-09  3.30154857e-09  4.57688156e-01  4.57688156e-01  3.30189297e-09  3.26304674e-09  1.58229567e-07  3.23679927e-08  1.69000000e+00 
 1.70000000e+00  3.26753875e-09  3.26885463e-09  3.30154863e-09  4.57688156e-01  4.57688156e-01  3.30189297e-09  3.26304668e-09  1.58229569e-07  2.67982898e-08  1.70000000e+00 
 1.71000000e+00  3.26753881e-09  3.26885463e-09  3.30154863e-09  4.57688185e-01  4.57688185e-01  3.30189298e-09  3.26304674e-09  1.58229604e-07  2.07327986e-08  1.71000000e+00 
 1.72000000e+00  3.26753881e-09  3.26885463e-09  3.30154863e-09  4.57688165e-01  4.57688165e-01  3.30189298e-09  3.26304674e-09  1.58229574e-07  1.57805573e-08  1.72000000e+00 
 1.73000000e+00  3.26753876e-09  3.26885457e-09  3.30154863e-09  4.57688172e-01  4.57688172e-01  3.30189298e-09  3.26304674e-09  1.58229593e-07  1.17429693e-08  1.73000000e+00 
 1.74000000e+00  3.26753881e-09  3.26885457e-09  3.30154863e-09  4.57688177e-01  4.57688177e-01  3.30189298e-09  3.26304674e-09  1.58229589e-07  8.44949000e-09  1.74000000e+00 
 1.75000000e+00  3.26753874e-09  3.26885463e-09  3.30154863e-09  4.57688171e-01  4.57688171e-01  3.30189298e-09  3.26304674e-09  1.58229595e-07  5.75198555e-09  1.75000000e+00 
 1.76000000e+00  3.26753876e-09  3.26885463e-09  3.30154863e-09  4.57688202e-01  4.57688202e-01  3.30189298e-09  3.26304674e-09  1.58229632e-07  3.52366669e-09  1.76000000e+00 
 1.77000000e+00  3.26753875e-09  3.26885457e-09  3.30154857e-09  4.57688173e-01  4.57688173e-01  3.30189298e-09  3.26304674e-09  1.58229588e-07  1.66488690e-09  1.77000000e+00 
 1.78000000e+00  3.26753881e-09  3.26885463e-09  3.30154863e-09  4.57688166e-01  4.57688166e-01  3.30189298e-09  3.26304668e-09  1.58229581e-07  1.14624754e-10  1.78000000e+00 
 1.79000000e+00  3.26753875e-09  3.26885457e-09  3.30154863e-09  4.57688148e-01  4.57688147e-01  3.30189297e-09  3.26304674e-09  1.58229551e-07 -1.14712861e-09  1.79000000e+00 
 1.80000000e+00  3.26753875e-09  3.26885457e-09  3.30154863e-09  4.57688152e-01  4.57688152e-01  3.30189297e-09  3.26304674e-09  1.58229564e-07 -2.12016005e-09  1.80000000e+00 
