 v-sweep         v(b0)           v(b1)           v(b2)           v(b3)           v(b4)           v(b5)           v(b6)           i(vbias)        i(viout)        v(vout)        
 0.00000000e+00  3.23960747e-09  3.14358762e-09  3.16264063e-09  4.58003640e-01  3.16519613e-09  3.36434561e-09  3.49147347e-09  1.56983316e-07  1.20171112e-08  0.00000000e+00 
 1.00000000e-02  3.23960739e-09  3.14358765e-09  3.16264066e-09  4.58003666e-01  3.16519616e-09  3.36434558e-09  3.49147344e-09  1.56983344e-07  1.20167364e-08  1.00000000e-02 
 2.00000000e-02  3.23960739e-09  3.14358764e-09  3.16264060e-09  4.58003638e-01  3.16519611e-09  3.36434558e-09  3.49147344e-09  1.56983317e-07  1.20164210e-08  2.00000000e-02 
 3.00000000e-02  3.23960745e-09  3.14358765e-09  3.16264060e-09  4.58003650e-01  3.16519611e-09  3.36434558e-09  3.49147344e-09  1.56983328e-07  1.20159769e-08  3.00000000e-02 
 4.00000000e-02  3.23960745e-09  3.14358765e-09  3.16264060e-09  4.58003647e-01  3.16519611e-09  3.36434558e-09  3.49147344e-09  1.56983316e-07  1.20157471e-08  4.00000000e-02 
 5.00000000e-02  3.23960745e-09  3.14358765e-09  3.16264066e-09  4.58003666e-01  3.16519611e-09  3.36434558e-09  3.49147344e-09  1.56983355e-07  1.20154606e-08  5.00000000e-02 
 6.00000000e-02  3.23960745e-09  3.14358765e-09  3.16264060e-09  4.58003633e-01  3.16519616e-09  3.36434558e-09  3.49147344e-09  1.56983307e-07  1.20149997e-08  6.00000000e-02 
 7.00000000e-02  3.23960739e-09  3.14358765e-09  3.16264066e-09  4.58003651e-01  3.16519611e-09  3.36434558e-09  3.49147344e-09  1.56983334e-07  1.20147226e-08  7.00000000e-02 
 8.00000000e-02  3.23960745e-09  3.14358765e-09  3.16264060e-09  4.58003649e-01  3.16519611e-09  3.36434558e-09  3.49147350e-09  1.56983348e-07  1.20143770e-08  8.00000000e-02 
 9.00000000e-02  3.23960739e-09  3.14358765e-09  3.16264060e-09  4.58003660e-01  3.16519616e-09  3.36434558e-09  3.49147343e-09  1.56983349e-07  1.20142341e-08  9.00000000e-02 
 1.00000000e-01  3.23960745e-09  3.14358765e-09  3.16264066e-09  4.58003646e-01  3.16519616e-09  3.36434558e-09  3.49147345e-09  1.56983325e-07  1.20139454e-08  1.00000000e-01 
 1.10000000e-01  3.23960745e-09  3.14358765e-09  3.16264066e-09  4.58003659e-01  3.16519611e-09  3.36434558e-09  3.49147344e-09  1.56983349e-07  1.20137189e-08  1.10000000e-01 
 1.20000000e-01  3.23960739e-09  3.14358765e-09  3.16264066e-09  4.58003647e-01  3.16519611e-09  3.36434558e-09  3.49147350e-09  1.56983319e-07  1.20133414e-08  1.20000000e-01 
 1.30000000e-01  3.23960745e-09  3.14358765e-09  3.16264066e-09  4.58003685e-01  3.16519611e-09  3.36434559e-09  3.49147343e-09  1.56983377e-07  1.20132322e-08  1.30000000e-01 
 1.40000000e-01  3.23960745e-09  3.14358765e-09  3.16264066e-09  4.58003657e-01  3.16519611e-09  3.36434558e-09  3.49147345e-09  1.56983347e-07  1.20131505e-08  1.40000000e-01 
 1.50000000e-01  3.23960745e-09  3.14358765e-09  3.16264060e-09  4.58003664e-01  3.16519611e-09  3.36434553e-09  3.49147344e-09  1.56983350e-07  1.20128636e-08  1.50000000e-01 
 1.60000000e-01  3.23960739e-09  3.14358765e-09  3.16264060e-09  4.58003657e-01  3.16519611e-09  3.36434559e-09  3.49147344e-09  1.56983340e-07  1.20125936e-08  1.60000000e-01 
 1.70000000e-01  3.23960739e-09  3.14358765e-09  3.16264060e-09  4.58003641e-01  3.16519611e-09  3.36434557e-09  3.49147344e-09  1.56983323e-07  1.20124035e-08  1.70000000e-01 
 1.80000000e-01  3.23960745e-09  3.14358765e-09  3.16264060e-09  4.58003654e-01  3.16519611e-09  3.36434558e-09  3.49147350e-09  1.56983347e-07  1.20122579e-08  1.80000000e-01 
 1.90000000e-01  3.23960745e-09  3.14358765e-09  3.16264066e-09  4.58003643e-01  3.16519616e-09  3.36434558e-09  3.49147349e-09  1.56983329e-07  1.20121495e-08  1.90000000e-01 
 2.00000000e-01  3.23960739e-09  3.14358765e-09  3.16264066e-09  4.58003643e-01  3.16519611e-09  3.36434558e-09  3.49147345e-09  1.56983324e-07  1.20119719e-08  2.00000000e-01 
 2.10000000e-01  3.23960745e-09  3.14358765e-09  3.16264066e-09  4.58003674e-01  3.16519611e-09  3.36434558e-09  3.49147350e-09  1.56983352e-07  1.20117871e-08  2.10000000e-01 
 2.20000000e-01  3.23960745e-09  3.14358765e-09  3.16264060e-09  4.58003672e-01  3.16519611e-09  3.36434558e-09  3.49147349e-09  1.56983368e-07  1.20116272e-08  2.20000000e-01 
 2.30000000e-01  3.23960745e-09  3.14358765e-09  3.16264060e-09  4.58003662e-01  3.16519611e-09  3.36434558e-09  3.49147345e-09  1.56983364e-07  1.20114905e-08  2.30000000e-01 
 2.40000000e-01  3.23960745e-09  3.14358765e-09  3.16264066e-09  4.58003653e-01  3.16519611e-09  3.36434552e-09  3.49147344e-09  1.56983352e-07  1.20114141e-08  2.40000000e-01 
 2.50000000e-01  3.23960745e-09  3.14358765e-09  3.16264060e-09  4.58003666e-01  3.16519616e-09  3.36434560e-09  3.49147344e-09  1.56983350e-07  1.20113146e-08  2.50000000e-01 
 2.60000000e-01  3.23960739e-09  3.14358765e-09  3.16264066e-09  4.58003667e-01  3.16519616e-09  3.36434558e-09  3.49147350e-09  1.56983353e-07  1.20112578e-08  2.60000000e-01 
 2.70000000e-01  3.23960745e-09  3.14358765e-09  3.16264066e-09  4.58003622e-01  3.16519611e-09  3.36434558e-09  3.49147349e-09  1.56983291e-07  1.20109913e-08  2.70000000e-01 
 2.80000000e-01  3.23960739e-09  3.14358765e-09  3.16264060e-09  4.58003667e-01  3.16519616e-09  3.36434558e-09  3.49147345e-09  1.56983359e-07  1.20109984e-08  2.80000000e-01 
 2.90000000e-01  3.23960745e-09  3.14358765e-09  3.16264060e-09  4.58003651e-01  3.16519611e-09  3.36434558e-09  3.49147344e-09  1.56983324e-07  1.20107515e-08  2.90000000e-01 
 3.00000000e-01  3.23960745e-09  3.14358765e-09  3.16264066e-09  4.58003662e-01  3.16519611e-09  3.36434558e-09  3.49147344e-09  1.56983363e-07  1.20106378e-08  3.00000000e-01 
 3.10000000e-01  3.23960745e-09  3.14358765e-09  3.16264066e-09  4.58003660e-01  3.16519611e-09  3.36434558e-09  3.49147344e-09  1.56983338e-07  1.20105703e-08  3.10000000e-01 
 3.20000000e-01  3.23960745e-09  3.14358765e-09  3.16264060e-09  4.58003627e-01  3.16519616e-09  3.36434558e-09  3.49147344e-09  1.56983295e-07  1.20105774e-08  3.20000000e-01 
 3.30000000e-01  3.23960745e-09  3.14358765e-09  3.16264066e-09  4.58003665e-01  3.16519611e-09  3.36434558e-09  3.49147344e-09  1.56983352e-07  1.20104851e-08  3.30000000e-01 
 3.40000000e-01  3.23960745e-09  3.14358765e-09  3.16264066e-09  4.58003649e-01  3.16519611e-09  3.36434558e-09  3.49147350e-09  1.56983326e-07  1.20103572e-08  3.40000000e-01 
 3.50000000e-01  3.23960745e-09  3.14358765e-09  3.16264066e-09  4.58003662e-01  3.16519611e-09  3.36434558e-09  3.49147343e-09  1.56983353e-07  1.20103110e-08  3.50000000e-01 
 3.60000000e-01  3.23960739e-09  3.14358765e-09  3.16264066e-09  4.58003662e-01  3.16519611e-09  3.36434558e-09  3.49147345e-09  1.56983349e-07  1.20102968e-08  3.60000000e-01 
 3.70000000e-01  3.23960745e-09  3.14358765e-09  3.16264066e-09  4.58003651e-01  3.16519611e-09  3.36434558e-09  3.49147344e-09  1.56983337e-07  1.20102293e-08  3.70000000e-01 
 3.80000000e-01  3.23960745e-09  3.14358765e-09  3.16264060e-09  4.58003632e-01  3.16519611e-09  3.36434558e-09  3.49147344e-09  1.56983296e-07  1.20100836e-08  3.80000000e-01 
 3.90000000e-01  3.23960739e-09  3.14358765e-09  3.16264066e-09  4.58003659e-01  3.16519611e-09  3.36434558e-09  3.49147344e-09  1.56983348e-07  1.20099131e-08  3.90000000e-01 
 4.00000000e-01  3.23960745e-09  3.14358765e-09  3.16264066e-09  4.58003651e-01  3.16519611e-09  3.36434558e-09  3.49147344e-09  1.56983337e-07  1.20098598e-08  4.00000000e-01 
 4.10000000e-01  3.23960745e-09  3.14358765e-09  3.16264066e-09  4.58003637e-01  3.16519611e-09  3.36434558e-09  3.49147344e-09  1.56983313e-07  1.20098278e-08  4.10000000e-01 
 4.20000000e-01  3.23960739e-09  3.14358765e-09  3.16264060e-09  4.58003649e-01  3.16519611e-09  3.36434558e-09  3.49147344e-09  1.56983341e-07  1.20097070e-08  4.20000000e-01 
 4.30000000e-01  3.23960745e-09  3.14358765e-09  3.16264066e-09  4.58003633e-01  3.16519611e-09  3.36434558e-09  3.49147350e-09  1.56983323e-07  1.20097425e-08  4.30000000e-01 
 4.40000000e-01  3.23960745e-09  3.14358765e-09  3.16264066e-09  4.58003681e-01  3.16519617e-09  3.36434559e-09  3.49147349e-09  1.56983383e-07  1.20096182e-08  4.40000000e-01 
 4.50000000e-01  3.23960745e-09  3.14358765e-09  3.16264060e-09  4.58003650e-01  3.16519616e-09  3.36434558e-09  3.49147345e-09  1.56983326e-07  1.20096892e-08  4.50000000e-01 
 4.60000000e-01  3.23960739e-09  3.14358765e-09  3.16264066e-09  4.58003659e-01  3.16519611e-09  3.36434558e-09  3.49147344e-09  1.56983345e-07  1.20095152e-08  4.60000000e-01 
 4.70000000e-01  3.23960739e-09  3.14358765e-09  3.16264060e-09  4.58003655e-01  3.16519611e-09  3.36434558e-09  3.49147350e-09  1.56983336e-07  1.20094086e-08  4.70000000e-01 
 4.80000000e-01  3.23960745e-09  3.14358765e-09  3.16264060e-09  4.58003671e-01  3.16519611e-09  3.36434558e-09  3.49147349e-09  1.56983363e-07  1.20093659e-08  4.80000000e-01 
 4.90000000e-01  3.23960745e-09  3.14358765e-09  3.16264066e-09  4.58003654e-01  3.16519611e-09  3.36434558e-09  3.49147345e-09  1.56983334e-07  1.20092984e-08  4.90000000e-01 
 5.00000000e-01  3.23960739e-09  3.14358765e-09  3.16264066e-09  4.58003658e-01  3.16519611e-09  3.36434558e-09  3.49147344e-09  1.56983349e-07  1.20092878e-08  5.00000000e-01 
 5.10000000e-01  3.23960745e-09  3.14358765e-09  3.16264060e-09  4.58003645e-01  3.16519616e-09  3.36434558e-09  3.49147344e-09  1.56983331e-07  1.20091279e-08  5.10000000e-01 
 5.20000000e-01  3.23960739e-09  3.14358765e-09  3.16264060e-09  4.58003651e-01  3.16519611e-09  3.36434558e-09  3.49147344e-09  1.56983333e-07  1.20091599e-08  5.20000000e-01 
 5.30000000e-01  3.23960745e-09  3.14358765e-09  3.16264060e-09  4.58003667e-01  3.16519611e-09  3.36434558e-09  3.49147344e-09  1.56983359e-07  1.20090036e-08  5.30000000e-01 
 5.40000000e-01  3.23960745e-09  3.14358765e-09  3.16264060e-09  4.58003672e-01  3.16519611e-09  3.36434558e-09  3.49147350e-09  1.56983364e-07  1.20090498e-08  5.40000000e-01 
 5.50000000e-01  3.23960745e-09  3.14358765e-09  3.16264066e-09  4.58003674e-01  3.16519611e-09  3.36434558e-09  3.49147343e-09  1.56983370e-07  1.20088757e-08  5.50000000e-01 
 5.60000000e-01  3.23960739e-09  3.14358765e-09  3.16264060e-09  4.58003664e-01  3.16519611e-09  3.36434558e-09  3.49147351e-09  1.56983368e-07  1.20090036e-08  5.60000000e-01 
 5.70000000e-01  3.23960745e-09  3.14358765e-09  3.16264060e-09  4.58003653e-01  3.16519616e-09  3.36434558e-09  3.49147349e-09  1.56983342e-07  1.20088259e-08  5.70000000e-01 
 5.80000000e-01  3.23960739e-09  3.14358765e-09  3.16264066e-09  4.58003671e-01  3.16519616e-09  3.36434558e-09  3.49147345e-09  1.56983362e-07  1.20088686e-08  5.80000000e-01 
 5.90000000e-01  3.23960745e-09  3.14358765e-09  3.16264066e-09  4.58003646e-01  3.16519611e-09  3.36434558e-09  3.49147344e-09  1.56983328e-07  1.20088117e-08  5.90000000e-01 
 6.00000000e-01  3.23960739e-09  3.14358765e-09  3.16264060e-09  4.58003662e-01  3.16519611e-09  3.36434558e-09  3.49147344e-09  1.56983357e-07  1.20087691e-08  6.00000000e-01 
 6.10000000e-01  3.23960745e-09  3.14358765e-09  3.16264060e-09  4.58003661e-01  3.16519611e-09  3.36434558e-09  3.49147344e-09  1.56983357e-07  1.20087833e-08  6.10000000e-01 
 6.20000000e-01  3.23960745e-09  3.14358765e-09  3.16264060e-09  4.58003640e-01  3.16519616e-09  3.36434558e-09  3.49147344e-09  1.56983318e-07  1.20086909e-08  6.20000000e-01 
 6.30000000e-01  3.23960745e-09  3.14358765e-09  3.16264060e-09  4.58003666e-01  3.16519611e-09  3.36434558e-09  3.49147344e-09  1.56983359e-07  1.20086483e-08  6.30000000e-01 
 6.40000000e-01  3.23960739e-09  3.14358765e-09  3.16264060e-09  4.58003646e-01  3.16519611e-09  3.36434558e-09  3.49147350e-09  1.56983341e-07  1.20085701e-08  6.40000000e-01 
 6.50000000e-01  3.23960745e-09  3.14358765e-09  3.16264060e-09  4.58003650e-01  3.16519611e-09  3.36434558e-09  3.49147343e-09  1.56983315e-07  1.20084422e-08  6.50000000e-01 
 6.60000000e-01  3.23960739e-09  3.14358765e-09  3.16264066e-09  4.58003645e-01  3.16519611e-09  3.36434558e-09  3.49147345e-09  1.56983327e-07  1.20084422e-08  6.60000000e-01 
 6.70000000e-01  3.23960739e-09  3.14358765e-09  3.16264066e-09  4.58003668e-01  3.16519611e-09  3.36434558e-09  3.49147344e-09  1.56983353e-07  1.20084422e-08  6.70000000e-01 
 6.80000000e-01  3.23960739e-09  3.14358765e-09  3.16264060e-09  4.58003660e-01  3.16519616e-09  3.36434558e-09  3.49147350e-09  1.56983350e-07  1.20082717e-08  6.80000000e-01 
 6.90000000e-01  3.23960745e-09  3.14358765e-09  3.16264066e-09  4.58003657e-01  3.16519611e-09  3.36434558e-09  3.49147349e-09  1.56983337e-07  1.20083286e-08  6.90000000e-01 
 7.00000000e-01  3.23960745e-09  3.14358765e-09  3.16264060e-09  4.58003673e-01  3.16519611e-09  3.36434558e-09  3.49147345e-09  1.56983358e-07  1.20081509e-08  7.00000000e-01 
 7.10000000e-01  3.23960745e-09  3.14358765e-09  3.16264066e-09  4.58003659e-01  3.16519611e-09  3.36434558e-09  3.49147344e-09  1.56983348e-07  1.20080941e-08  7.10000000e-01 
 7.20000000e-01  3.23960745e-09  3.14358765e-09  3.16264066e-09  4.58003659e-01  3.16519611e-09  3.36434558e-09  3.49147344e-09  1.56983343e-07  1.20081722e-08  7.20000000e-01 
 7.30000000e-01  3.23960739e-09  3.14358765e-09  3.16264066e-09  4.58003649e-01  3.16519611e-09  3.36434558e-09  3.49147344e-09  1.56983336e-07  1.20080514e-08  7.30000000e-01 
 7.40000000e-01  3.23960739e-09  3.14358765e-09  3.16264066e-09  4.58003652e-01  3.16519611e-09  3.36434558e-09  3.49147344e-09  1.56983339e-07  1.20080301e-08  7.40000000e-01 
 7.50000000e-01  3.23960745e-09  3.14358765e-09  3.16264060e-09  4.58003652e-01  3.16519611e-09  3.36434558e-09  3.49147344e-09  1.56983336e-07  1.20079591e-08  7.50000000e-01 
 7.60000000e-01  3.23960739e-09  3.14358765e-09  3.16264066e-09  4.58003635e-01  3.16519611e-09  3.36434552e-09  3.49147344e-09  1.56983313e-07  1.20079449e-08  7.60000000e-01 
 7.70000000e-01  3.23960739e-09  3.14358765e-09  3.16264060e-09  4.58003659e-01  3.16519611e-09  3.36434559e-09  3.49147344e-09  1.56983348e-07  1.20078667e-08  7.70000000e-01 
 7.80000000e-01  3.23960739e-09  3.14358765e-09  3.16264060e-09  4.58003658e-01  3.16519611e-09  3.36434558e-09  3.49147344e-09  1.56983337e-07  1.20077672e-08  7.80000000e-01 
 7.90000000e-01  3.23960745e-09  3.14358765e-09  3.16264066e-09  4.58003655e-01  3.16519616e-09  3.36434558e-09  3.49147344e-09  1.56983332e-07  1.20077033e-08  7.90000000e-01 
 8.00000000e-01  3.23960739e-09  3.14358765e-09  3.16264060e-09  4.58003679e-01  3.16519611e-09  3.36434559e-09  3.49147350e-09  1.56983375e-07  1.20076606e-08  8.00000000e-01 
 8.10000000e-01  3.23960739e-09  3.14358765e-09  3.16264066e-09  4.58003650e-01  3.16519611e-09  3.36434558e-09  3.49147349e-09  1.56983328e-07  1.20076606e-08  8.10000000e-01 
 8.20000000e-01  3.23960745e-09  3.14358765e-09  3.16264066e-09  4.58003653e-01  3.16519611e-09  3.36434558e-09  3.49147345e-09  1.56983339e-07  1.20076393e-08  8.20000000e-01 
 8.30000000e-01  3.23960745e-09  3.14358765e-09  3.16264066e-09  4.58003660e-01  3.16519616e-09  3.36434558e-09  3.49147350e-09  1.56983357e-07  1.20075399e-08  8.30000000e-01 
 8.40000000e-01  3.23960739e-09  3.14358765e-09  3.16264060e-09  4.58003654e-01  3.16519611e-09  3.36434558e-09  3.49147349e-09  1.56983339e-07  1.20074759e-08  8.40000000e-01 
 8.50000000e-01  3.23960739e-09  3.14358765e-09  3.16264066e-09  4.58003653e-01  3.16519611e-09  3.36434558e-09  3.49147345e-09  1.56983331e-07  1.20073764e-08  8.50000000e-01 
 8.60000000e-01  3.23960745e-09  3.14358765e-09  3.16264066e-09  4.58003643e-01  3.16519611e-09  3.36434558e-09  3.49147344e-09  1.56983322e-07  1.20073693e-08  8.60000000e-01 
 8.70000000e-01  3.23960739e-09  3.14358765e-09  3.16264066e-09  4.58003643e-01  3.16519611e-09  3.36434558e-09  3.49147344e-09  1.56983321e-07  1.20073054e-08  8.70000000e-01 
 8.80000000e-01  3.23960745e-09  3.14358765e-09  3.16264060e-09  4.58003658e-01  3.16519616e-09  3.36434558e-09  3.49147350e-09  1.56983343e-07  1.20072059e-08  8.80000000e-01 
 8.90000000e-01  3.23960745e-09  3.14358765e-09  3.16264066e-09  4.58003646e-01  3.16519611e-09  3.36434558e-09  3.49147349e-09  1.56983335e-07  1.20072343e-08  8.90000000e-01 
 9.00000000e-01  3.23960739e-09  3.14358765e-09  3.16264060e-09  4.58003663e-01  3.16519611e-09  3.36434553e-09  3.49147345e-09  1.56983349e-07  1.20071277e-08  9.00000000e-01 
 9.10000000e-01  3.23960745e-09  3.14358765e-09  3.16264060e-09  4.58003657e-01  3.16519611e-09  3.36434559e-09  3.49147344e-09  1.56983353e-07  1.20071135e-08  9.10000000e-01 
 9.20000000e-01  3.23960739e-09  3.14358765e-09  3.16264066e-09  4.58003653e-01  3.16519611e-09  3.36434558e-09  3.49147344e-09  1.56983339e-07  1.20070709e-08  9.20000000e-01 
 9.30000000e-01  3.23960745e-09  3.14358765e-09  3.16264066e-09  4.58003676e-01  3.16519611e-09  3.36434553e-09  3.49147345e-09  1.56983364e-07  1.20070922e-08  9.30000000e-01 
 9.40000000e-01  3.23960739e-09  3.14358765e-09  3.16264066e-09  4.58003637e-01  3.16519611e-09  3.36434553e-09  3.49147350e-09  1.56983319e-07  1.20070567e-08  9.40000000e-01 
 9.50000000e-01  3.23960745e-09  3.14358765e-09  3.16264066e-09  4.58003645e-01  3.16519611e-09  3.36434553e-09  3.49147343e-09  1.56983329e-07  1.20069927e-08  9.50000000e-01 
 9.60000000e-01  3.23960745e-09  3.14358765e-09  3.16264066e-09  4.58003661e-01  3.16519611e-09  3.36434553e-09  3.49147345e-09  1.56983340e-07  1.20069643e-08  9.60000000e-01 
 9.70000000e-01  3.23960745e-09  3.14358765e-09  3.16264066e-09  4.58003654e-01  3.16519611e-09  3.36434559e-09  3.49147344e-09  1.56983340e-07  1.20068435e-08  9.70000000e-01 
 9.80000000e-01  3.23960745e-09  3.14358765e-09  3.16264066e-09  4.58003648e-01  3.16519611e-09  3.36434557e-09  3.49147344e-09  1.56983329e-07  1.20067938e-08  9.80000000e-01 
 9.90000000e-01  3.23960745e-09  3.14358765e-09  3.16264066e-09  4.58003646e-01  3.16519611e-09  3.36434558e-09  3.49147344e-09  1.56983318e-07  1.20066304e-08  9.90000000e-01 
 1.00000000e+00  3.23960745e-09  3.14358765e-09  3.16264066e-09  4.58003657e-01  3.16519611e-09  3.36434558e-09  3.49147350e-09  1.56983330e-07  1.20065877e-08  1.00000000e+00 
 1.01000000e+00  3.23960745e-09  3.14358765e-09  3.16264060e-09  4.58003662e-01  3.16519611e-09  3.36434558e-09  3.49147343e-09  1.56983350e-07  1.20066090e-08  1.01000000e+00 
 1.02000000e+00  3.23960739e-09  3.14358765e-09  3.16264060e-09  4.58003649e-01  3.16519611e-09  3.36434558e-09  3.49147345e-09  1.56983332e-07  1.20065309e-08  1.02000000e+00 
 1.03000000e+00  3.23960739e-09  3.14358765e-09  3.16264066e-09  4.58003650e-01  3.16519611e-09  3.36434558e-09  3.49147350e-09  1.56983338e-07  1.20064456e-08  1.03000000e+00 
 1.04000000e+00  3.23960745e-09  3.14358765e-09  3.16264066e-09  4.58003673e-01  3.16519616e-09  3.36434558e-09  3.49147343e-09  1.56983353e-07  1.20064882e-08  1.04000000e+00 
 1.05000000e+00  3.23960739e-09  3.14358765e-09  3.16264066e-09  4.58003622e-01  3.16519616e-09  3.36434558e-09  3.49147345e-09  1.56983289e-07  1.20063461e-08  1.05000000e+00 
 1.06000000e+00  3.23960739e-09  3.14358765e-09  3.16264066e-09  4.58003643e-01  3.16519616e-09  3.36434558e-09  3.49147344e-09  1.56983316e-07  1.20063532e-08  1.06000000e+00 
 1.07000000e+00  3.23960745e-09  3.14358765e-09  3.16264060e-09  4.58003665e-01  3.16519611e-09  3.36434553e-09  3.49147344e-09  1.56983339e-07  1.20061827e-08  1.07000000e+00 
 1.08000000e+00  3.23960745e-09  3.14358765e-09  3.16264066e-09  4.58003654e-01  3.16519616e-09  3.36434559e-09  3.49147350e-09  1.56983341e-07  1.20061472e-08  1.08000000e+00 
 1.09000000e+00  3.23960745e-09  3.14358765e-09  3.16264066e-09  4.58003664e-01  3.16519611e-09  3.36434558e-09  3.49147343e-09  1.56983350e-07  1.20060690e-08  1.09000000e+00 
 1.10000000e+00  3.23960745e-09  3.14358765e-09  3.16264066e-09  4.58003646e-01  3.16519611e-09  3.36434558e-09  3.49147345e-09  1.56983328e-07  1.20060477e-08  1.10000000e+00 
 1.11000000e+00  3.23960739e-09  3.14358765e-09  3.16264066e-09  4.58003670e-01  3.16519611e-09  3.36434558e-09  3.49147350e-09  1.56983370e-07  1.20060193e-08  1.11000000e+00 
 1.12000000e+00  3.23960739e-09  3.14358765e-09  3.16264060e-09  4.58003643e-01  3.16519611e-09  3.36434558e-09  3.49147349e-09  1.56983324e-07  1.20059340e-08  1.12000000e+00 
 1.13000000e+00  3.23960739e-09  3.14358765e-09  3.16264060e-09  4.58003652e-01  3.16519611e-09  3.36434558e-09  3.49147345e-09  1.56983327e-07  1.20058132e-08  1.13000000e+00 
 1.14000000e+00  3.23960739e-09  3.14358765e-09  3.16264066e-09  4.58003643e-01  3.16519611e-09  3.36434558e-09  3.49147344e-09  1.56983307e-07  1.20057919e-08  1.14000000e+00 
 1.15000000e+00  3.23960739e-09  3.14358765e-09  3.16264060e-09  4.58003672e-01  3.16519611e-09  3.36434558e-09  3.49147350e-09  1.56983364e-07  1.20058132e-08  1.15000000e+00 
 1.16000000e+00  3.23960745e-09  3.14358765e-09  3.16264060e-09  4.58003662e-01  3.16519611e-09  3.36434558e-09  3.49147343e-09  1.56983341e-07  1.20056711e-08  1.16000000e+00 
 1.17000000e+00  3.23960745e-09  3.14358759e-09  3.16264060e-09  4.58003639e-01  3.16519611e-09  3.36434558e-09  3.49147345e-09  1.56983303e-07  1.20056569e-08  1.17000000e+00 
 1.18000000e+00  3.23960745e-09  3.14358766e-09  3.16264066e-09  4.58003673e-01  3.16519616e-09  3.36434558e-09  3.49147345e-09  1.56983379e-07  1.20055859e-08  1.18000000e+00 
 1.19000000e+00  3.23960745e-09  3.14358764e-09  3.16264066e-09  4.58003655e-01  3.16519611e-09  3.36434558e-09  3.49147350e-09  1.56983344e-07  1.20055859e-08  1.19000000e+00 
 1.20000000e+00  3.23960745e-09  3.14358765e-09  3.16264060e-09  4.58003683e-01  3.16519611e-09  3.36434559e-09  3.49147349e-09  1.56983391e-07  1.20054722e-08  1.20000000e+00 
 1.21000000e+00  3.23960745e-09  3.14358765e-09  3.16264066e-09  4.58003664e-01  3.16519611e-09  3.36434558e-09  3.49147345e-09  1.56983347e-07  1.20055006e-08  1.21000000e+00 
 1.22000000e+00  3.23960745e-09  3.14358765e-09  3.16264066e-09  4.58003656e-01  3.16519611e-09  3.36434558e-09  3.49147344e-09  1.56983332e-07  1.20053869e-08  1.22000000e+00 
 1.23000000e+00  3.23960739e-09  3.14358765e-09  3.16264060e-09  4.58003664e-01  3.16519611e-09  3.36434558e-09  3.49147344e-09  1.56983360e-07  1.20051453e-08  1.23000000e+00 
 1.24000000e+00  3.23960739e-09  3.14358765e-09  3.16264060e-09  4.58003668e-01  3.16519616e-09  3.36434558e-09  3.49147344e-09  1.56983363e-07  1.20051880e-08  1.24000000e+00 
 1.25000000e+00  3.23960739e-09  3.14358765e-09  3.16264060e-09  4.58003656e-01  3.16519616e-09  3.36434558e-09  3.49147344e-09  1.56983343e-07  1.20052306e-08  1.25000000e+00 
 1.26000000e+00  3.23960745e-09  3.14358765e-09  3.16264066e-09  4.58003643e-01  3.16519611e-09  3.36434558e-09  3.49147344e-09  1.56983324e-07  1.20050174e-08  1.26000000e+00 
 1.27000000e+00  3.23960745e-09  3.14358765e-09  3.16264060e-09  4.58003662e-01  3.16519616e-09  3.36434558e-09  3.49147344e-09  1.56983352e-07  1.20050316e-08  1.27000000e+00 
 1.28000000e+00  3.23960745e-09  3.14358765e-09  3.16264060e-09  4.58003666e-01  3.16519611e-09  3.36434558e-09  3.49147344e-09  1.56983347e-07  1.20050601e-08  1.28000000e+00 
 1.29000000e+00  3.23960745e-09  3.14358765e-09  3.16264066e-09  4.58003629e-01  3.16519611e-09  3.36434558e-09  3.49147350e-09  1.56983309e-07  1.20048895e-08  1.29000000e+00 
 1.30000000e+00  3.23960745e-09  3.14358765e-09  3.16264066e-09  4.58003662e-01  3.16519616e-09  3.36434558e-09  3.49147349e-09  1.56983344e-07  1.20049606e-08  1.30000000e+00 
 1.31000000e+00  3.23960745e-09  3.14358765e-09  3.16264060e-09  4.58003663e-01  3.16519611e-09  3.36434558e-09  3.49147345e-09  1.56983358e-07  1.20049322e-08  1.31000000e+00 
 1.32000000e+00  3.23960745e-09  3.14358765e-09  3.16264066e-09  4.58003650e-01  3.16519611e-09  3.36434558e-09  3.49147344e-09  1.56983328e-07  1.20047616e-08  1.32000000e+00 
 1.33000000e+00  3.23960739e-09  3.14358765e-09  3.16264066e-09  4.58003638e-01  3.16519611e-09  3.36434558e-09  3.49147350e-09  1.56983301e-07  1.20047190e-08  1.33000000e+00 
 1.34000000e+00  3.23960745e-09  3.14358765e-09  3.16264066e-09  4.58003643e-01  3.16519611e-09  3.36434558e-09  3.49147343e-09  1.56983328e-07  1.20047190e-08  1.34000000e+00 
 1.35000000e+00  3.23960745e-09  3.14358765e-09  3.16264060e-09  4.58003665e-01  3.16519611e-09  3.36434558e-09  3.49147351e-09  1.56983352e-07  1.20046764e-08  1.35000000e+00 
 1.36000000e+00  3.23960745e-09  3.14358765e-09  3.16264066e-09  4.58003670e-01  3.16519611e-09  3.36434558e-09  3.49147349e-09  1.56983364e-07  1.20045058e-08  1.36000000e+00 
 1.37000000e+00  3.23960739e-09  3.14358765e-09  3.16264060e-09  4.58003647e-01  3.16519611e-09  3.36434558e-09  3.49147345e-09  1.56983332e-07  1.20043637e-08  1.37000000e+00 
 1.38000000e+00  3.23960745e-09  3.14358765e-09  3.16264066e-09  4.58003650e-01  3.16519611e-09  3.36434558e-09  3.49147344e-09  1.56983327e-07  1.20043921e-08  1.38000000e+00 
 1.39000000e+00  3.23960739e-09  3.14358765e-09  3.16264060e-09  4.58003653e-01  3.16519611e-09  3.36434558e-09  3.49147344e-09  1.56983333e-07  1.20042642e-08  1.39000000e+00 
 1.40000000e+00  3.23960745e-09  3.14358765e-09  3.16264066e-09  4.58003633e-01  3.16519616e-09  3.36434558e-09  3.49147344e-09  1.56983298e-07  1.20043211e-08  1.40000000e+00 
 1.41000000e+00  3.23960739e-09  3.14358765e-09  3.16264066e-09  4.58003653e-01  3.16519611e-09  3.36434558e-09  3.49147344e-09  1.56983328e-07  1.20041790e-08  1.41000000e+00 
 1.42000000e+00  3.23960745e-09  3.14358765e-09  3.16264060e-09  4.58003630e-01  3.16519616e-09  3.36434558e-09  3.49147344e-09  1.56983312e-07  1.20041506e-08  1.42000000e+00 
 1.43000000e+00  3.23960745e-09  3.14358765e-09  3.16264060e-09  4.58003656e-01  3.16519611e-09  3.36434558e-09  3.49147344e-09  1.56983339e-07  1.20041079e-08  1.43000000e+00 
 1.44000000e+00  3.23960745e-09  3.14358765e-09  3.16264060e-09  4.58003652e-01  3.16519611e-09  3.36434558e-09  3.49147344e-09  1.56983350e-07  1.20039232e-08  1.44000000e+00 
 1.45000000e+00  3.23960739e-09  3.14358765e-09  3.16264066e-09  4.58003664e-01  3.16519611e-09  3.36434558e-09  3.49147350e-09  1.56983350e-07  1.20039374e-08  1.45000000e+00 
 1.46000000e+00  3.23960745e-09  3.14358765e-09  3.16264060e-09  4.58003671e-01  3.16519611e-09  3.36434558e-09  3.49147349e-09  1.56983363e-07  1.20037669e-08  1.46000000e+00 
 1.47000000e+00  3.23960745e-09  3.14358765e-09  3.16264060e-09  4.58003660e-01  3.16519611e-09  3.36434558e-09  3.49147345e-09  1.56983350e-07  1.20035395e-08  1.47000000e+00 
 1.48000000e+00  3.23960745e-09  3.14358765e-09  3.16264066e-09  4.58003664e-01  3.16519611e-09  3.36434558e-09  3.49147344e-09  1.56983355e-07  1.20035537e-08  1.48000000e+00 
 1.49000000e+00  3.23960745e-09  3.14358765e-09  3.16264060e-09  4.58003638e-01  3.16519611e-09  3.36434558e-09  3.49147344e-09  1.56983321e-07  1.20036105e-08  1.49000000e+00 
 1.50000000e+00  3.23960739e-09  3.14358765e-09  3.16264066e-09  4.58003671e-01  3.16519611e-09  3.36434558e-09  3.49147345e-09  1.56983351e-07  1.20033405e-08  1.50000000e+00 
 1.51000000e+00  3.23960745e-09  3.14358765e-09  3.16264066e-09  4.58003664e-01  3.16519611e-09  3.36434558e-09  3.49147344e-09  1.56983343e-07  1.20032411e-08  1.51000000e+00 
 1.52000000e+00  3.23960745e-09  3.14358765e-09  3.16264060e-09  4.58003647e-01  3.16519611e-09  3.36434558e-09  3.49147350e-09  1.56983328e-07  1.20032553e-08  1.52000000e+00 
 1.53000000e+00  3.23960739e-09  3.14358765e-09  3.16264060e-09  4.58003665e-01  3.16519616e-09  3.36434558e-09  3.49147349e-09  1.56983357e-07  1.20030990e-08  1.53000000e+00 
 1.54000000e+00  3.23960739e-09  3.14358765e-09  3.16264060e-09  4.58003642e-01  3.16519611e-09  3.36434558e-09  3.49147345e-09  1.56983317e-07  1.20031132e-08  1.54000000e+00 
 1.55000000e+00  3.23960745e-09  3.14358765e-09  3.16264066e-09  4.58003672e-01  3.16519611e-09  3.36434558e-09  3.49147345e-09  1.56983370e-07  1.20029284e-08  1.55000000e+00 
 1.56000000e+00  3.23960739e-09  3.14358765e-09  3.16264060e-09  4.58003659e-01  3.16519616e-09  3.36434558e-09  3.49147350e-09  1.56983342e-07  1.20027295e-08  1.56000000e+00 
 1.57000000e+00  3.23960745e-09  3.14358765e-09  3.16264060e-09  4.58003680e-01  3.16519611e-09  3.36434559e-09  3.49147343e-09  1.56983371e-07  1.20025589e-08  1.57000000e+00 
 1.58000000e+00  3.23960745e-09  3.14358765e-09  3.16264060e-09  4.58003662e-01  3.16519611e-09  3.36434558e-09  3.49147345e-09  1.56983352e-07  1.20025305e-08  1.58000000e+00 
 1.59000000e+00  3.23960745e-09  3.14358765e-09  3.16264060e-09  4.58003634e-01  3.16519616e-09  3.36434558e-09  3.49147344e-09  1.56983308e-07  1.20021042e-08  1.59000000e+00 
 1.60000000e+00  3.23960745e-09  3.14358765e-09  3.16264066e-09  4.58003653e-01  3.16519611e-09  3.36434558e-09  3.49147344e-09  1.56983323e-07  1.20017916e-08  1.60000000e+00 
 1.61000000e+00  3.23960739e-09  3.14358765e-09  3.16264066e-09  4.58003650e-01  3.16519616e-09  3.36434558e-09  3.49147344e-09  1.56983337e-07  1.20016068e-08  1.61000000e+00 
 1.62000000e+00  3.23960739e-09  3.14358765e-09  3.16264060e-09  4.58003645e-01  3.16519611e-09  3.36434558e-09  3.49147344e-09  1.56983311e-07  1.20011094e-08  1.62000000e+00 
 1.63000000e+00  3.23960745e-09  3.14358765e-09  3.16264060e-09  4.58003657e-01  3.16519611e-09  3.36434558e-09  3.49147344e-09  1.56983348e-07  1.20004984e-08  1.63000000e+00 
 1.64000000e+00  3.23960745e-09  3.14358765e-09  3.16264060e-09  4.58003653e-01  3.16519611e-09  3.36434558e-09  3.49147344e-09  1.56983336e-07  1.19996741e-08  1.64000000e+00 
 1.65000000e+00  3.23960745e-09  3.14358765e-09  3.16264060e-09  4.58003662e-01  3.16519611e-09  3.36434558e-09  3.49147344e-09  1.56983354e-07  1.19984946e-08  1.65000000e+00 
 1.66000000e+00  3.23960739e-09  3.14358765e-09  3.16264066e-09  4.58003645e-01  3.16519611e-09  3.36434558e-09  3.49147350e-09  1.56983325e-07  1.19965904e-08  1.66000000e+00 
 1.67000000e+00  3.23960745e-09  3.14358765e-09  3.16264060e-09  4.58003657e-01  3.16519611e-09  3.36434558e-09  3.49147349e-09  1.56983345e-07  1.19932224e-08  1.67000000e+00 
 1.68000000e+00  3.23960745e-09  3.14358765e-09  3.16264066e-09  4.58003653e-01  3.16519616e-09  3.36434558e-09  3.49147345e-09  1.56983343e-07  1.19876660e-08  1.68000000e+00 
 1.69000000e+00  3.23960745e-09  3.14358765e-09  3.16264066e-09  4.58003641e-01  3.16519616e-09  3.36434558e-09  3.49147344e-09  1.56983304e-07  1.19777894e-08  1.69000000e+00 
 1.70000000e+00  3.23960745e-09  3.14358765e-09  3.16264066e-09  4.58003681e-01  3.16519611e-09  3.36434559e-09  3.49147345e-09  1.56983381e-07  1.19599832e-08  1.70000000e+00 
 1.71000000e+00  3.23960745e-09  3.14358765e-09  3.16264060e-09  4.58003649e-01  3.16519611e-09  3.36434558e-09  3.49147350e-09  1.56983327e-07  1.19269856e-08  1.71000000e+00 
 1.72000000e+00  3.23960739e-09  3.14358765e-09  3.16264066e-09  4.58003654e-01  3.16519611e-09  3.36434558e-09  3.49147350e-09  1.56983334e-07  1.18592851e-08  1.72000000e+00 
 1.73000000e+00  3.23960739e-09  3.14358765e-09  3.16264066e-09  4.58003642e-01  3.16519611e-09  3.36434558e-09  3.49147344e-09  1.56983328e-07  1.09869376e-08  1.73000000e+00 
 1.74000000e+00  3.23960739e-09  3.14358765e-09  3.16264060e-09  4.58003650e-01  3.16519611e-09  3.36434558e-09  3.49147344e-09  1.56983332e-07  9.32587341e-09  1.74000000e+00 
 1.75000000e+00  3.23960745e-09  3.14358765e-09  3.16264060e-09  4.58003651e-01  3.16519611e-09  3.36434558e-09  3.49147350e-09  1.56983351e-07  6.73391298e-09  1.75000000e+00 
 1.76000000e+00  3.23960739e-09  3.14358765e-09  3.16264066e-09  4.58003640e-01  3.16519611e-09  3.36434558e-09  3.49147344e-09  1.56983310e-07  4.13564294e-09  1.76000000e+00 
 1.77000000e+00  3.23960745e-09  3.14358765e-09  3.16264066e-09  4.58003653e-01  3.16519611e-09  3.36434558e-09  3.49147350e-09  1.56983345e-07  1.95255723e-09  1.77000000e+00 
 1.78000000e+00  3.23960745e-09  3.14358765e-09  3.16264066e-09  4.58003634e-01  3.16519611e-09  3.36434558e-09  3.49147343e-09  1.56983317e-07  1.16187948e-10  1.78000000e+00 
 1.79000000e+00  3.23960745e-09  3.14358765e-09  3.16264060e-09  4.58003657e-01  3.16519611e-09  3.36434558e-09  3.49147345e-09  1.56983342e-07 -1.39290535e-09  1.79000000e+00 
 1.80000000e+00  3.23960739e-09  3.14358765e-09  3.16264060e-09  4.58003662e-01  3.16519611e-09  3.36434558e-09  3.49147350e-09  1.56983342e-07 -2.56940780e-09  1.80000000e+00 
