 v-sweep         v(b0)           v(b1)           v(b2)           v(b3)           v(b4)           v(b5)           v(b6)           i(vbias)        i(viout)        v(vout)        
 0.00000000e+00  4.57383625e-01  3.31552533e-09  4.57383625e-01  4.57383625e-01  4.57383625e-01  3.16327779e-09  4.57383625e-01  1.56391783e-07  1.46122063e-07  0.00000000e+00 
 1.00000000e-02  4.57383646e-01  3.31552539e-09  4.57383646e-01  4.57383646e-01  4.57383645e-01  3.16327785e-09  4.57383646e-01  1.56391821e-07  1.46121684e-07  1.00000000e-02 
 2.00000000e-02  4.57383645e-01  3.31552533e-09  4.57383645e-01  4.57383645e-01  4.57383645e-01  3.16327779e-09  4.57383645e-01  1.56391799e-07  1.46121320e-07  2.00000000e-02 
 3.00000000e-02  4.57383650e-01  3.31552533e-09  4.57383649e-01  4.57383650e-01  4.57383649e-01  3.16327779e-09  4.57383649e-01  1.56391821e-07  1.46121041e-07  3.00000000e-02 
 4.00000000e-02  4.57383638e-01  3.31552533e-09  4.57383637e-01  4.57383637e-01  4.57383637e-01  3.16327779e-09  4.57383637e-01  1.56391793e-07  1.46120649e-07  4.00000000e-02 
 5.00000000e-02  4.57383658e-01  3.31552533e-09  4.57383658e-01  4.57383658e-01  4.57383658e-01  3.16327785e-09  4.57383658e-01  1.56391841e-07  1.46120162e-07  5.00000000e-02 
 6.00000000e-02  4.57383636e-01  3.31552533e-09  4.57383636e-01  4.57383636e-01  4.57383636e-01  3.16327785e-09  4.57383636e-01  1.56391799e-07  1.46119826e-07  6.00000000e-02 
 7.00000000e-02  4.57383657e-01  3.31552539e-09  4.57383657e-01  4.57383657e-01  4.57383657e-01  3.16327779e-09  4.57383657e-01  1.56391825e-07  1.46119540e-07  7.00000000e-02 
 8.00000000e-02  4.57383610e-01  3.31552539e-09  4.57383610e-01  4.57383610e-01  4.57383610e-01  3.16327785e-09  4.57383610e-01  1.56391754e-07  1.46118885e-07  8.00000000e-02 
 9.00000000e-02  4.57383651e-01  3.31552539e-09  4.57383651e-01  4.57383651e-01  4.57383651e-01  3.16327779e-09  4.57383651e-01  1.56391818e-07  1.46118841e-07  9.00000000e-02 
 1.00000000e-01  4.57383639e-01  3.31552533e-09  4.57383639e-01  4.57383639e-01  4.57383638e-01  3.16327779e-09  4.57383639e-01  1.56391811e-07  1.46118498e-07  1.00000000e-01 
 1.10000000e-01  4.57383649e-01  3.31552533e-09  4.57383649e-01  4.57383649e-01  4.57383649e-01  3.16327785e-09  4.57383649e-01  1.56391819e-07  1.46118345e-07  1.10000000e-01 
 1.20000000e-01  4.57383673e-01  3.31552539e-09  4.57383673e-01  4.57383673e-01  4.57383673e-01  3.16327785e-09  4.57383673e-01  1.56391838e-07  1.46118086e-07  1.20000000e-01 
 1.30000000e-01  4.57383657e-01  3.31552539e-09  4.57383657e-01  4.57383657e-01  4.57383657e-01  3.16327785e-09  4.57383657e-01  1.56391828e-07  1.46117949e-07  1.30000000e-01 
 1.40000000e-01  4.57383627e-01  3.31552533e-09  4.57383627e-01  4.57383627e-01  4.57383627e-01  3.16327779e-09  4.57383627e-01  1.56391788e-07  1.46117529e-07  1.40000000e-01 
 1.50000000e-01  4.57383640e-01  3.31552533e-09  4.57383639e-01  4.57383640e-01  4.57383639e-01  3.16327785e-09  4.57383640e-01  1.56391797e-07  1.46117271e-07  1.50000000e-01 
 1.60000000e-01  4.57383678e-01  3.31552533e-09  4.57383678e-01  4.57383678e-01  4.57383678e-01  3.16327779e-09  4.57383678e-01  1.56391855e-07  1.46117051e-07  1.60000000e-01 
 1.70000000e-01  4.57383641e-01  3.31552533e-09  4.57383641e-01  4.57383641e-01  4.57383641e-01  3.16327779e-09  4.57383641e-01  1.56391792e-07  1.46116731e-07  1.70000000e-01 
 1.80000000e-01  4.57383674e-01  3.31552533e-09  4.57383674e-01  4.57383674e-01  4.57383674e-01  3.16327779e-09  4.57383674e-01  1.56391864e-07  1.46116721e-07  1.80000000e-01 
 1.90000000e-01  4.57383646e-01  3.31552533e-09  4.57383646e-01  4.57383646e-01  4.57383646e-01  3.16327779e-09  4.57383646e-01  1.56391813e-07  1.46116479e-07  1.90000000e-01 
 2.00000000e-01  4.57383666e-01  3.31552533e-09  4.57383665e-01  4.57383666e-01  4.57383665e-01  3.16327785e-09  4.57383666e-01  1.56391836e-07  1.46116308e-07  2.00000000e-01 
 2.10000000e-01  4.57383638e-01  3.31552533e-09  4.57383638e-01  4.57383638e-01  4.57383638e-01  3.16327779e-09  4.57383638e-01  1.56391810e-07  1.46115935e-07  2.10000000e-01 
 2.20000000e-01  4.57383647e-01  3.31552533e-09  4.57383647e-01  4.57383647e-01  4.57383647e-01  3.16327785e-09  4.57383647e-01  1.56391821e-07  1.46115836e-07  2.20000000e-01 
 2.30000000e-01  4.57383659e-01  3.31552533e-09  4.57383659e-01  4.57383659e-01  4.57383659e-01  3.16327785e-09  4.57383659e-01  1.56391830e-07  1.46115685e-07  2.30000000e-01 
 2.40000000e-01  4.57383630e-01  3.31552533e-09  4.57383630e-01  4.57383630e-01  4.57383630e-01  3.16327779e-09  4.57383630e-01  1.56391787e-07  1.46115477e-07  2.40000000e-01 
 2.50000000e-01  4.57383672e-01  3.31552539e-09  4.57383672e-01  4.57383672e-01  4.57383672e-01  3.16327779e-09  4.57383672e-01  1.56391856e-07  1.46115315e-07  2.50000000e-01 
 2.60000000e-01  4.57383653e-01  3.31552533e-09  4.57383653e-01  4.57383653e-01  4.57383653e-01  3.16327785e-09  4.57383653e-01  1.56391821e-07  1.46115172e-07  2.60000000e-01 
 2.70000000e-01  4.57383640e-01  3.31552539e-09  4.57383640e-01  4.57383640e-01  4.57383640e-01  3.16327779e-09  4.57383640e-01  1.56391812e-07  1.46114981e-07  2.70000000e-01 
 2.80000000e-01  4.57383645e-01  3.31552533e-09  4.57383645e-01  4.57383645e-01  4.57383645e-01  3.16327779e-09  4.57383645e-01  1.56391816e-07  1.46114830e-07  2.80000000e-01 
 2.90000000e-01  4.57383658e-01  3.31552533e-09  4.57383658e-01  4.57383658e-01  4.57383657e-01  3.16327779e-09  4.57383658e-01  1.56391828e-07  1.46114729e-07  2.90000000e-01 
 3.00000000e-01  4.57383625e-01  3.31552533e-09  4.57383625e-01  4.57383625e-01  4.57383625e-01  3.16327785e-09  4.57383625e-01  1.56391781e-07  1.46114509e-07  3.00000000e-01 
 3.10000000e-01  4.57383638e-01  3.31552533e-09  4.57383638e-01  4.57383638e-01  4.57383638e-01  3.16327785e-09  4.57383638e-01  1.56391802e-07  1.46114342e-07  3.10000000e-01 
 3.20000000e-01  4.57383652e-01  3.31552533e-09  4.57383652e-01  4.57383652e-01  4.57383652e-01  3.16327779e-09  4.57383652e-01  1.56391814e-07  1.46114225e-07  3.20000000e-01 
 3.30000000e-01  4.57383669e-01  3.31552533e-09  4.57383669e-01  4.57383669e-01  4.57383669e-01  3.16327779e-09  4.57383669e-01  1.56391848e-07  1.46114250e-07  3.30000000e-01 
 3.40000000e-01  4.57383663e-01  3.31552539e-09  4.57383663e-01  4.57383663e-01  4.57383663e-01  3.16327785e-09  4.57383663e-01  1.56391836e-07  1.46114115e-07  3.40000000e-01 
 3.50000000e-01  4.57383663e-01  3.31552533e-09  4.57383663e-01  4.57383663e-01  4.57383663e-01  3.16327785e-09  4.57383663e-01  1.56391824e-07  1.46113901e-07  3.50000000e-01 
 3.60000000e-01  4.57383652e-01  3.31552533e-09  4.57383651e-01  4.57383652e-01  4.57383651e-01  3.16327779e-09  4.57383652e-01  1.56391815e-07  1.46113745e-07  3.60000000e-01 
 3.70000000e-01  4.57383669e-01  3.31552539e-09  4.57383669e-01  4.57383669e-01  4.57383669e-01  3.16327785e-09  4.57383669e-01  1.56391858e-07  1.46113695e-07  3.70000000e-01 
 3.80000000e-01  4.57383628e-01  3.31552539e-09  4.57383628e-01  4.57383628e-01  4.57383628e-01  3.16327785e-09  4.57383628e-01  1.56391778e-07  1.46113404e-07  3.80000000e-01 
 3.90000000e-01  4.57383656e-01  3.31552533e-09  4.57383656e-01  4.57383656e-01  4.57383656e-01  3.16327785e-09  4.57383656e-01  1.56391824e-07  1.46113489e-07  3.90000000e-01 
 4.00000000e-01  4.57383677e-01  3.31552533e-09  4.57383677e-01  4.57383677e-01  4.57383677e-01  3.16327779e-09  4.57383677e-01  1.56391865e-07  1.46113400e-07  4.00000000e-01 
 4.10000000e-01  4.57383664e-01  3.31552533e-09  4.57383664e-01  4.57383664e-01  4.57383664e-01  3.16327785e-09  4.57383664e-01  1.56391853e-07  1.46113212e-07  4.10000000e-01 
 4.20000000e-01  4.57383637e-01  3.31552533e-09  4.57383636e-01  4.57383637e-01  4.57383636e-01  3.16327779e-09  4.57383637e-01  1.56391792e-07  1.46112939e-07  4.20000000e-01 
 4.30000000e-01  4.57383665e-01  3.31552533e-09  4.57383665e-01  4.57383665e-01  4.57383665e-01  3.16327785e-09  4.57383665e-01  1.56391845e-07  1.46113010e-07  4.30000000e-01 
 4.40000000e-01  4.57383668e-01  3.31552533e-09  4.57383668e-01  4.57383668e-01  4.57383667e-01  3.16327779e-09  4.57383668e-01  1.56391839e-07  1.46112985e-07  4.40000000e-01 
 4.50000000e-01  4.57383642e-01  3.31552539e-09  4.57383642e-01  4.57383642e-01  4.57383642e-01  3.16327785e-09  4.57383642e-01  1.56391805e-07  1.46112637e-07  4.50000000e-01 
 4.60000000e-01  4.57383656e-01  3.31552533e-09  4.57383656e-01  4.57383656e-01  4.57383656e-01  3.16327779e-09  4.57383656e-01  1.56391824e-07  1.46112747e-07  4.60000000e-01 
 4.70000000e-01  4.57383636e-01  3.31552539e-09  4.57383635e-01  4.57383636e-01  4.57383635e-01  3.16327779e-09  4.57383636e-01  1.56391801e-07  1.46112352e-07  4.70000000e-01 
 4.80000000e-01  4.57383655e-01  3.31552533e-09  4.57383655e-01  4.57383655e-01  4.57383655e-01  3.16327785e-09  4.57383655e-01  1.56391828e-07  1.46112459e-07  4.80000000e-01 
 4.90000000e-01  4.57383660e-01  3.31552533e-09  4.57383660e-01  4.57383660e-01  4.57383660e-01  3.16327785e-09  4.57383660e-01  1.56391833e-07  1.46112292e-07  4.90000000e-01 
 5.00000000e-01  4.57383659e-01  3.31552539e-09  4.57383658e-01  4.57383659e-01  4.57383658e-01  3.16327785e-09  4.57383658e-01  1.56391820e-07  1.46112175e-07  5.00000000e-01 
 5.10000000e-01  4.57383676e-01  3.31552533e-09  4.57383676e-01  4.57383676e-01  4.57383676e-01  3.16327785e-09  4.57383676e-01  1.56391844e-07  1.46112217e-07  5.10000000e-01 
 5.20000000e-01  4.57383665e-01  3.31552533e-09  4.57383665e-01  4.57383665e-01  4.57383665e-01  3.16327785e-09  4.57383665e-01  1.56391834e-07  1.46112040e-07  5.20000000e-01 
 5.30000000e-01  4.57383662e-01  3.31552533e-09  4.57383662e-01  4.57383662e-01  4.57383662e-01  3.16327785e-09  4.57383662e-01  1.56391828e-07  1.46111855e-07  5.30000000e-01 
 5.40000000e-01  4.57383631e-01  3.31552533e-09  4.57383631e-01  4.57383631e-01  4.57383631e-01  3.16327779e-09  4.57383631e-01  1.56391793e-07  1.46111759e-07  5.40000000e-01 
 5.50000000e-01  4.57383671e-01  3.31552539e-09  4.57383670e-01  4.57383670e-01  4.57383670e-01  3.16327779e-09  4.57383670e-01  1.56391852e-07  1.46111702e-07  5.50000000e-01 
 5.60000000e-01  4.57383634e-01  3.31552533e-09  4.57383634e-01  4.57383634e-01  4.57383634e-01  3.16327785e-09  4.57383634e-01  1.56391794e-07  1.46111443e-07  5.60000000e-01 
 5.70000000e-01  4.57383633e-01  3.31552533e-09  4.57383633e-01  4.57383633e-01  4.57383632e-01  3.16327785e-09  4.57383633e-01  1.56391786e-07  1.46111489e-07  5.70000000e-01 
 5.80000000e-01  4.57383661e-01  3.31552539e-09  4.57383660e-01  4.57383661e-01  4.57383660e-01  3.16327785e-09  4.57383661e-01  1.56391833e-07  1.46111496e-07  5.80000000e-01 
 5.90000000e-01  4.57383663e-01  3.31552533e-09  4.57383663e-01  4.57383663e-01  4.57383663e-01  3.16327785e-09  4.57383663e-01  1.56391833e-07  1.46111333e-07  5.90000000e-01 
 6.00000000e-01  4.57383667e-01  3.31552533e-09  4.57383667e-01  4.57383667e-01  4.57383667e-01  3.16327779e-09  4.57383667e-01  1.56391840e-07  1.46111304e-07  6.00000000e-01 
 6.10000000e-01  4.57383663e-01  3.31552533e-09  4.57383663e-01  4.57383663e-01  4.57383663e-01  3.16327779e-09  4.57383663e-01  1.56391829e-07  1.46111191e-07  6.10000000e-01 
 6.20000000e-01  4.57383661e-01  3.31552533e-09  4.57383661e-01  4.57383661e-01  4.57383660e-01  3.16327785e-09  4.57383661e-01  1.56391846e-07  1.46111013e-07  6.20000000e-01 
 6.30000000e-01  4.57383675e-01  3.31552533e-09  4.57383675e-01  4.57383675e-01  4.57383675e-01  3.16327785e-09  4.57383675e-01  1.56391846e-07  1.46110942e-07  6.30000000e-01 
 6.40000000e-01  4.57383674e-01  3.31552533e-09  4.57383674e-01  4.57383674e-01  4.57383674e-01  3.16327785e-09  4.57383674e-01  1.56391849e-07  1.46110921e-07  6.40000000e-01 
 6.50000000e-01  4.57383637e-01  3.31552533e-09  4.57383637e-01  4.57383637e-01  4.57383637e-01  3.16327779e-09  4.57383637e-01  1.56391801e-07  1.46110573e-07  6.50000000e-01 
 6.60000000e-01  4.57383655e-01  3.31552533e-09  4.57383655e-01  4.57383655e-01  4.57383655e-01  3.16327785e-09  4.57383655e-01  1.56391832e-07  1.46110757e-07  6.60000000e-01 
 6.70000000e-01  4.57383640e-01  3.31552533e-09  4.57383640e-01  4.57383640e-01  4.57383640e-01  3.16327785e-09  4.57383640e-01  1.56391810e-07  1.46110345e-07  6.70000000e-01 
 6.80000000e-01  4.57383648e-01  3.31552533e-09  4.57383648e-01  4.57383648e-01  4.57383648e-01  3.16327785e-09  4.57383648e-01  1.56391811e-07  1.46110359e-07  6.80000000e-01 
 6.90000000e-01  4.57383646e-01  3.31552533e-09  4.57383645e-01  4.57383646e-01  4.57383645e-01  3.16327785e-09  4.57383645e-01  1.56391808e-07  1.46110217e-07  6.90000000e-01 
 7.00000000e-01  4.57383618e-01  3.31552533e-09  4.57383618e-01  4.57383618e-01  4.57383618e-01  3.16327779e-09  4.57383618e-01  1.56391769e-07  1.46110025e-07  7.00000000e-01 
 7.10000000e-01  4.57383695e-01  3.31552533e-09  4.57383695e-01  4.57383695e-01  4.57383695e-01  3.16327779e-09  4.57383695e-01  1.56391884e-07  1.46110118e-07  7.10000000e-01 
 7.20000000e-01  4.57383671e-01  3.31552533e-09  4.57383670e-01  4.57383670e-01  4.57383670e-01  3.16327785e-09  4.57383670e-01  1.56391848e-07  1.46109997e-07  7.20000000e-01 
 7.30000000e-01  4.57383652e-01  3.31552533e-09  4.57383651e-01  4.57383652e-01  4.57383651e-01  3.16327779e-09  4.57383651e-01  1.56391802e-07  1.46109819e-07  7.30000000e-01 
 7.40000000e-01  4.57383657e-01  3.31552539e-09  4.57383657e-01  4.57383657e-01  4.57383657e-01  3.16327785e-09  4.57383657e-01  1.56391830e-07  1.46109819e-07  7.40000000e-01 
 7.50000000e-01  4.57383632e-01  3.31552539e-09  4.57383632e-01  4.57383632e-01  4.57383631e-01  3.16327779e-09  4.57383632e-01  1.56391787e-07  1.46109663e-07  7.50000000e-01 
 7.60000000e-01  4.57383659e-01  3.31552533e-09  4.57383658e-01  4.57383658e-01  4.57383658e-01  3.16327785e-09  4.57383658e-01  1.56391825e-07  1.46109642e-07  7.60000000e-01 
 7.70000000e-01  4.57383628e-01  3.31552539e-09  4.57383628e-01  4.57383628e-01  4.57383628e-01  3.16327779e-09  4.57383628e-01  1.56391782e-07  1.46109379e-07  7.70000000e-01 
 7.80000000e-01  4.57383672e-01  3.31552533e-09  4.57383672e-01  4.57383672e-01  4.57383672e-01  3.16327785e-09  4.57383672e-01  1.56391857e-07  1.46109464e-07  7.80000000e-01 
 7.90000000e-01  4.57383655e-01  3.31552533e-09  4.57383655e-01  4.57383655e-01  4.57383655e-01  3.16327779e-09  4.57383655e-01  1.56391824e-07  1.46109159e-07  7.90000000e-01 
 8.00000000e-01  4.57383637e-01  3.31552533e-09  4.57383637e-01  4.57383637e-01  4.57383637e-01  3.16327779e-09  4.57383637e-01  1.56391800e-07  1.46109031e-07  8.00000000e-01 
 8.10000000e-01  4.57383640e-01  3.31552539e-09  4.57383640e-01  4.57383640e-01  4.57383640e-01  3.16327785e-09  4.57383640e-01  1.56391807e-07  1.46108825e-07  8.10000000e-01 
 8.20000000e-01  4.57383648e-01  3.31552533e-09  4.57383648e-01  4.57383648e-01  4.57383648e-01  3.16327785e-09  4.57383648e-01  1.56391814e-07  1.46108860e-07  8.20000000e-01 
 8.30000000e-01  4.57383641e-01  3.31552533e-09  4.57383641e-01  4.57383641e-01  4.57383641e-01  3.16327785e-09  4.57383641e-01  1.56391800e-07  1.46108597e-07  8.30000000e-01 
 8.40000000e-01  4.57383645e-01  3.31552533e-09  4.57383645e-01  4.57383645e-01  4.57383645e-01  3.16327779e-09  4.57383645e-01  1.56391807e-07  1.46108640e-07  8.40000000e-01 
 8.50000000e-01  4.57383652e-01  3.31552539e-09  4.57383652e-01  4.57383652e-01  4.57383652e-01  3.16327785e-09  4.57383652e-01  1.56391818e-07  1.46108576e-07  8.50000000e-01 
 8.60000000e-01  4.57383642e-01  3.31552533e-09  4.57383642e-01  4.57383642e-01  4.57383641e-01  3.16327779e-09  4.57383642e-01  1.56391805e-07  1.46108462e-07  8.60000000e-01 
 8.70000000e-01  4.57383649e-01  3.31552533e-09  4.57383648e-01  4.57383648e-01  4.57383648e-01  3.16327785e-09  4.57383648e-01  1.56391815e-07  1.46108299e-07  8.70000000e-01 
 8.80000000e-01  4.57383637e-01  3.31552539e-09  4.57383637e-01  4.57383637e-01  4.57383637e-01  3.16327785e-09  4.57383637e-01  1.56391808e-07  1.46108192e-07  8.80000000e-01 
 8.90000000e-01  4.57383680e-01  3.31552533e-09  4.57383680e-01  4.57383680e-01  4.57383680e-01  3.16327779e-09  4.57383680e-01  1.56391865e-07  1.46108242e-07  8.90000000e-01 
 9.00000000e-01  4.57383644e-01  3.31552533e-09  4.57383644e-01  4.57383644e-01  4.57383644e-01  3.16327785e-09  4.57383644e-01  1.56391803e-07  1.46108071e-07  9.00000000e-01 
 9.10000000e-01  4.57383670e-01  3.31552533e-09  4.57383670e-01  4.57383670e-01  4.57383669e-01  3.16327785e-09  4.57383670e-01  1.56391850e-07  1.46108029e-07  9.10000000e-01 
 9.20000000e-01  4.57383650e-01  3.31552533e-09  4.57383649e-01  4.57383650e-01  4.57383649e-01  3.16327785e-09  4.57383650e-01  1.56391809e-07  1.46107823e-07  9.20000000e-01 
 9.30000000e-01  4.57383637e-01  3.31552533e-09  4.57383637e-01  4.57383637e-01  4.57383637e-01  3.16327785e-09  4.57383637e-01  1.56391800e-07  1.46107659e-07  9.30000000e-01 
 9.40000000e-01  4.57383663e-01  3.31552539e-09  4.57383663e-01  4.57383663e-01  4.57383663e-01  3.16327779e-09  4.57383663e-01  1.56391840e-07  1.46107567e-07  9.40000000e-01 
 9.50000000e-01  4.57383661e-01  3.31552539e-09  4.57383661e-01  4.57383661e-01  4.57383661e-01  3.16327785e-09  4.57383661e-01  1.56391827e-07  1.46107539e-07  9.50000000e-01 
 9.60000000e-01  4.57383644e-01  3.31552539e-09  4.57383643e-01  4.57383643e-01  4.57383643e-01  3.16327779e-09  4.57383643e-01  1.56391807e-07  1.46107361e-07  9.60000000e-01 
 9.70000000e-01  4.57383636e-01  3.31552533e-09  4.57383636e-01  4.57383636e-01  4.57383636e-01  3.16327785e-09  4.57383636e-01  1.56391795e-07  1.46107141e-07  9.70000000e-01 
 9.80000000e-01  4.57383669e-01  3.31552533e-09  4.57383669e-01  4.57383669e-01  4.57383669e-01  3.16327785e-09  4.57383669e-01  1.56391848e-07  1.46107162e-07  9.80000000e-01 
 9.90000000e-01  4.57383654e-01  3.31552533e-09  4.57383654e-01  4.57383654e-01  4.57383654e-01  3.16327785e-09  4.57383654e-01  1.56391824e-07  1.46106949e-07  9.90000000e-01 
 1.00000000e+00  4.57383657e-01  3.31552533e-09  4.57383657e-01  4.57383657e-01  4.57383657e-01  3.16327785e-09  4.57383657e-01  1.56391819e-07  1.46106927e-07  1.00000000e+00 
 1.01000000e+00  4.57383650e-01  3.31552533e-09  4.57383650e-01  4.57383650e-01  4.57383649e-01  3.16327779e-09  4.57383650e-01  1.56391836e-07  1.46106913e-07  1.01000000e+00 
 1.02000000e+00  4.57383673e-01  3.31552533e-09  4.57383673e-01  4.57383673e-01  4.57383673e-01  3.16327785e-09  4.57383673e-01  1.56391854e-07  1.46106764e-07  1.02000000e+00 
 1.03000000e+00  4.57383649e-01  3.31552539e-09  4.57383649e-01  4.57383649e-01  4.57383649e-01  3.16327785e-09  4.57383649e-01  1.56391810e-07  1.46106487e-07  1.03000000e+00 
 1.04000000e+00  4.57383670e-01  3.31552533e-09  4.57383669e-01  4.57383670e-01  4.57383669e-01  3.16327779e-09  4.57383670e-01  1.56391849e-07  1.46106430e-07  1.04000000e+00 
 1.05000000e+00  4.57383671e-01  3.31552539e-09  4.57383671e-01  4.57383671e-01  4.57383671e-01  3.16327779e-09  4.57383671e-01  1.56391840e-07  1.46106366e-07  1.05000000e+00 
 1.06000000e+00  4.57383672e-01  3.31552533e-09  4.57383672e-01  4.57383672e-01  4.57383672e-01  3.16327785e-09  4.57383672e-01  1.56391855e-07  1.46106309e-07  1.06000000e+00 
 1.07000000e+00  4.57383645e-01  3.31552533e-09  4.57383645e-01  4.57383645e-01  4.57383645e-01  3.16327785e-09  4.57383645e-01  1.56391814e-07  1.46105883e-07  1.07000000e+00 
 1.08000000e+00  4.57383657e-01  3.31552533e-09  4.57383657e-01  4.57383657e-01  4.57383657e-01  3.16327779e-09  4.57383657e-01  1.56391818e-07  1.46105890e-07  1.08000000e+00 
 1.09000000e+00  4.57383652e-01  3.31552539e-09  4.57383652e-01  4.57383652e-01  4.57383652e-01  3.16327779e-09  4.57383652e-01  1.56391830e-07  1.46105648e-07  1.09000000e+00 
 1.10000000e+00  4.57383659e-01  3.31552533e-09  4.57383659e-01  4.57383659e-01  4.57383659e-01  3.16327785e-09  4.57383659e-01  1.56391832e-07  1.46105684e-07  1.10000000e+00 
 1.11000000e+00  4.57383647e-01  3.31552533e-09  4.57383647e-01  4.57383647e-01  4.57383647e-01  3.16327785e-09  4.57383647e-01  1.56391815e-07  1.46105428e-07  1.11000000e+00 
 1.12000000e+00  4.57383650e-01  3.31552539e-09  4.57383650e-01  4.57383650e-01  4.57383650e-01  3.16327779e-09  4.57383650e-01  1.56391820e-07  1.46105343e-07  1.12000000e+00 
 1.13000000e+00  4.57383677e-01  3.31552533e-09  4.57383677e-01  4.57383677e-01  4.57383676e-01  3.16327785e-09  4.57383677e-01  1.56391865e-07  1.46105265e-07  1.13000000e+00 
 1.14000000e+00  4.57383637e-01  3.31552533e-09  4.57383637e-01  4.57383637e-01  4.57383637e-01  3.16327785e-09  4.57383637e-01  1.56391797e-07  1.46105066e-07  1.14000000e+00 
 1.15000000e+00  4.57383661e-01  3.31552533e-09  4.57383661e-01  4.57383661e-01  4.57383661e-01  3.16327785e-09  4.57383661e-01  1.56391836e-07  1.46104959e-07  1.15000000e+00 
 1.16000000e+00  4.57383665e-01  3.31552539e-09  4.57383665e-01  4.57383665e-01  4.57383665e-01  3.16327785e-09  4.57383665e-01  1.56391839e-07  1.46104853e-07  1.16000000e+00 
 1.17000000e+00  4.57383649e-01  3.31552533e-09  4.57383649e-01  4.57383649e-01  4.57383649e-01  3.16327785e-09  4.57383649e-01  1.56391819e-07  1.46104668e-07  1.17000000e+00 
 1.18000000e+00  4.57383644e-01  3.31552533e-09  4.57383644e-01  4.57383644e-01  4.57383644e-01  3.16327785e-09  4.57383644e-01  1.56391822e-07  1.46104512e-07  1.18000000e+00 
 1.19000000e+00  4.57383649e-01  3.31552539e-09  4.57383649e-01  4.57383649e-01  4.57383649e-01  3.16327785e-09  4.57383649e-01  1.56391821e-07  1.46104284e-07  1.19000000e+00 
 1.20000000e+00  4.57383640e-01  3.31552533e-09  4.57383640e-01  4.57383640e-01  4.57383640e-01  3.16327779e-09  4.57383640e-01  1.56391811e-07  1.46104128e-07  1.20000000e+00 
 1.21000000e+00  4.57383662e-01  3.31552539e-09  4.57383662e-01  4.57383662e-01  4.57383662e-01  3.16327785e-09  4.57383662e-01  1.56391833e-07  1.46104128e-07  1.21000000e+00 
 1.22000000e+00  4.57383626e-01  3.31552533e-09  4.57383626e-01  4.57383626e-01  4.57383626e-01  3.16327779e-09  4.57383626e-01  1.56391781e-07  1.46103801e-07  1.22000000e+00 
 1.23000000e+00  4.57383664e-01  3.31552533e-09  4.57383664e-01  4.57383664e-01  4.57383664e-01  3.16327779e-09  4.57383664e-01  1.56391838e-07  1.46103801e-07  1.23000000e+00 
 1.24000000e+00  4.57383646e-01  3.31552533e-09  4.57383646e-01  4.57383646e-01  4.57383646e-01  3.16327785e-09  4.57383646e-01  1.56391794e-07  1.46103545e-07  1.24000000e+00 
 1.25000000e+00  4.57383665e-01  3.31552533e-09  4.57383665e-01  4.57383665e-01  4.57383665e-01  3.16327779e-09  4.57383665e-01  1.56391840e-07  1.46103332e-07  1.25000000e+00 
 1.26000000e+00  4.57383655e-01  3.31552533e-09  4.57383655e-01  4.57383655e-01  4.57383655e-01  3.16327779e-09  4.57383655e-01  1.56391826e-07  1.46103133e-07  1.26000000e+00 
 1.27000000e+00  4.57383631e-01  3.31552533e-09  4.57383631e-01  4.57383631e-01  4.57383631e-01  3.16327785e-09  4.57383631e-01  1.56391798e-07  1.46102892e-07  1.27000000e+00 
 1.28000000e+00  4.57383652e-01  3.31552533e-09  4.57383652e-01  4.57383652e-01  4.57383652e-01  3.16327785e-09  4.57383652e-01  1.56391810e-07  1.46102735e-07  1.28000000e+00 
 1.29000000e+00  4.57383631e-01  3.31552533e-09  4.57383631e-01  4.57383631e-01  4.57383631e-01  3.16327785e-09  4.57383631e-01  1.56391799e-07  1.46102579e-07  1.29000000e+00 
 1.30000000e+00  4.57383661e-01  3.31552533e-09  4.57383661e-01  4.57383661e-01  4.57383661e-01  3.16327779e-09  4.57383661e-01  1.56391829e-07  1.46102451e-07  1.30000000e+00 
 1.31000000e+00  4.57383648e-01  3.31552533e-09  4.57383647e-01  4.57383647e-01  4.57383647e-01  3.16327785e-09  4.57383647e-01  1.56391799e-07  1.46102110e-07  1.31000000e+00 
 1.32000000e+00  4.57383650e-01  3.31552539e-09  4.57383650e-01  4.57383650e-01  4.57383650e-01  3.16327785e-09  4.57383650e-01  1.56391827e-07  1.46102010e-07  1.32000000e+00 
 1.33000000e+00  4.57383653e-01  3.31552539e-09  4.57383653e-01  4.57383653e-01  4.57383653e-01  3.16327779e-09  4.57383653e-01  1.56391813e-07  1.46101783e-07  1.33000000e+00 
 1.34000000e+00  4.57383675e-01  3.31552539e-09  4.57383675e-01  4.57383675e-01  4.57383675e-01  3.16327785e-09  4.57383675e-01  1.56391838e-07  1.46101499e-07  1.34000000e+00 
 1.35000000e+00  4.57383681e-01  3.31552539e-09  4.57383680e-01  4.57383680e-01  4.57383680e-01  3.16327785e-09  4.57383680e-01  1.56391854e-07  1.46101442e-07  1.35000000e+00 
 1.36000000e+00  4.57383644e-01  3.31552537e-09  4.57383644e-01  4.57383644e-01  4.57383644e-01  3.16327785e-09  4.57383644e-01  1.56391811e-07  1.46101087e-07  1.36000000e+00 
 1.37000000e+00  4.57383655e-01  3.31552534e-09  4.57383655e-01  4.57383655e-01  4.57383655e-01  3.16327785e-09  4.57383655e-01  1.56391835e-07  1.46100774e-07  1.37000000e+00 
 1.38000000e+00  4.57383660e-01  3.31552533e-09  4.57383660e-01  4.57383660e-01  4.57383660e-01  3.16327779e-09  4.57383660e-01  1.56391833e-07  1.46100490e-07  1.38000000e+00 
 1.39000000e+00  4.57383651e-01  3.31552533e-09  4.57383651e-01  4.57383651e-01  4.57383651e-01  3.16327779e-09  4.57383651e-01  1.56391810e-07  1.46100078e-07  1.39000000e+00 
 1.40000000e+00  4.57383655e-01  3.31552533e-09  4.57383655e-01  4.57383655e-01  4.57383655e-01  3.16327785e-09  4.57383655e-01  1.56391829e-07  1.46099822e-07  1.40000000e+00 
 1.41000000e+00  4.57383628e-01  3.31552533e-09  4.57383628e-01  4.57383628e-01  4.57383627e-01  3.16327785e-09  4.57383628e-01  1.56391801e-07  1.46099254e-07  1.41000000e+00 
 1.42000000e+00  4.57383647e-01  3.31552533e-09  4.57383647e-01  4.57383647e-01  4.57383647e-01  3.16327785e-09  4.57383647e-01  1.56391820e-07  1.46098941e-07  1.42000000e+00 
 1.43000000e+00  4.57383661e-01  3.31552533e-09  4.57383661e-01  4.57383661e-01  4.57383661e-01  3.16327779e-09  4.57383661e-01  1.56391839e-07  1.46098401e-07  1.43000000e+00 
 1.44000000e+00  4.57383635e-01  3.31552533e-09  4.57383635e-01  4.57383635e-01  4.57383635e-01  3.16327785e-09  4.57383635e-01  1.56391794e-07  1.46097904e-07  1.44000000e+00 
 1.45000000e+00  4.57383665e-01  3.31552539e-09  4.57383665e-01  4.57383665e-01  4.57383665e-01  3.16327785e-09  4.57383665e-01  1.56391840e-07  1.46097179e-07  1.45000000e+00 
 1.46000000e+00  4.57383645e-01  3.31552533e-09  4.57383645e-01  4.57383645e-01  4.57383645e-01  3.16327779e-09  4.57383645e-01  1.56391815e-07  1.46096312e-07  1.46000000e+00 
 1.47000000e+00  4.57383686e-01  3.31552533e-09  4.57383686e-01  4.57383686e-01  4.57383686e-01  3.16327785e-09  4.57383686e-01  1.56391867e-07  1.46095587e-07  1.47000000e+00 
 1.48000000e+00  4.57383669e-01  3.31552539e-09  4.57383669e-01  4.57383669e-01  4.57383669e-01  3.16327785e-09  4.57383669e-01  1.56391854e-07  1.46094351e-07  1.48000000e+00 
 1.49000000e+00  4.57383665e-01  3.31552533e-09  4.57383665e-01  4.57383665e-01  4.57383665e-01  3.16327785e-09  4.57383665e-01  1.56391836e-07  1.46092859e-07  1.49000000e+00 
 1.50000000e+00  4.57383677e-01  3.31552533e-09  4.57383677e-01  4.57383677e-01  4.57383677e-01  3.16327779e-09  4.57383677e-01  1.56391865e-07  1.46090983e-07  1.50000000e+00 
 1.51000000e+00  4.57383675e-01  3.31552533e-09  4.57383675e-01  4.57383675e-01  4.57383675e-01  3.16327785e-09  4.57383675e-01  1.56391857e-07  1.46088396e-07  1.51000000e+00 
 1.52000000e+00  4.57383643e-01  3.31552533e-09  4.57383643e-01  4.57383643e-01  4.57383643e-01  3.16327779e-09  4.57383643e-01  1.56391809e-07  1.46084659e-07  1.52000000e+00 
 1.53000000e+00  4.57383648e-01  3.31552533e-09  4.57383648e-01  4.57383648e-01  4.57383647e-01  3.16327779e-09  4.57383648e-01  1.56391829e-07  1.46079500e-07  1.53000000e+00 
 1.54000000e+00  4.57383638e-01  3.31552533e-09  4.57383638e-01  4.57383638e-01  4.57383637e-01  3.16327779e-09  4.57383638e-01  1.56391794e-07  1.46071500e-07  1.54000000e+00 
 1.55000000e+00  4.57383669e-01  3.31552533e-09  4.57383669e-01  4.57383669e-01  4.57383668e-01  3.16327785e-09  4.57383669e-01  1.56391840e-07  1.46058596e-07  1.55000000e+00 
 1.56000000e+00  4.57383654e-01  3.31552533e-09  4.57383654e-01  4.57383654e-01  4.57383653e-01  3.16327779e-09  4.57383654e-01  1.56391822e-07  1.46036385e-07  1.56000000e+00 
 1.57000000e+00  4.57383661e-01  3.31552533e-09  4.57383660e-01  4.57383661e-01  4.57383660e-01  3.16327779e-09  4.57383660e-01  1.56391827e-07  1.45996552e-07  1.57000000e+00 
 1.58000000e+00  4.57383642e-01  3.31552533e-09  4.57383642e-01  4.57383642e-01  4.57383642e-01  3.16327779e-09  4.57383642e-01  1.56391806e-07  1.45920097e-07  1.58000000e+00 
 1.59000000e+00  4.57383654e-01  3.31552539e-09  4.57383654e-01  4.57383654e-01  4.57383654e-01  3.16327779e-09  4.57383654e-01  1.56391825e-07  1.45763352e-07  1.59000000e+00 
 1.60000000e+00  4.57383649e-01  3.31552533e-09  4.57383649e-01  4.57383649e-01  4.57383649e-01  3.16327779e-09  4.57383649e-01  1.56391809e-07  1.45414802e-07  1.60000000e+00 
 1.61000000e+00  4.57383635e-01  3.31552533e-09  4.57383634e-01  4.57383634e-01  4.57383634e-01  3.16327785e-09  4.57383634e-01  1.56391793e-07  1.44655033e-07  1.61000000e+00 
 1.62000000e+00  4.57383649e-01  3.31552539e-09  4.57383649e-01  4.57383649e-01  4.57383649e-01  3.16327785e-09  4.57383649e-01  1.56391825e-07  1.43159582e-07  1.62000000e+00 
 1.63000000e+00  4.57383649e-01  3.31552533e-09  4.57383649e-01  4.57383649e-01  4.57383649e-01  3.16327785e-09  4.57383649e-01  1.56391817e-07  1.25154131e-07  1.63000000e+00 
 1.64000000e+00  4.57383647e-01  3.31552533e-09  4.57383647e-01  4.57383647e-01  4.57383647e-01  3.16327785e-09  4.57383647e-01  1.56391803e-07  1.03926496e-07  1.64000000e+00 
 1.65000000e+00  4.57383635e-01  3.31552533e-09  4.57383635e-01  4.57383635e-01  4.57383635e-01  3.16327785e-09  4.57383635e-01  1.56391787e-07  8.53399058e-08  1.65000000e+00 
 1.66000000e+00  4.57383662e-01  3.31552533e-09  4.57383662e-01  4.57383662e-01  4.57383662e-01  3.16327785e-09  4.57383662e-01  1.56391827e-07  6.93985811e-08  1.66000000e+00 
 1.67000000e+00  4.57383648e-01  3.31552533e-09  4.57383648e-01  4.57383648e-01  4.57383648e-01  3.16327779e-09  4.57383648e-01  1.56391816e-07  5.59486750e-08  1.67000000e+00 
 1.68000000e+00  4.57383650e-01  3.31552533e-09  4.57383650e-01  4.57383650e-01  4.57383650e-01  3.16327785e-09  4.57383650e-01  1.56391813e-07  4.47237767e-08  1.68000000e+00 
 1.69000000e+00  4.57383622e-01  3.31552539e-09  4.57383621e-01  4.57383622e-01  4.57383621e-01  3.16327785e-09  4.57383621e-01  1.56391784e-07  3.54332741e-08  1.69000000e+00 
 1.70000000e+00  4.57383650e-01  3.31552533e-09  4.57383650e-01  4.57383650e-01  4.57383650e-01  3.16327779e-09  4.57383650e-01  1.56391823e-07  2.77877916e-08  1.70000000e+00 
 1.71000000e+00  4.57383660e-01  3.31552533e-09  4.57383660e-01  4.57383660e-01  4.57383660e-01  3.16327785e-09  4.57383660e-01  1.56391839e-07  2.15228653e-08  1.71000000e+00 
 1.72000000e+00  4.57383637e-01  3.31552539e-09  4.57383637e-01  4.57383637e-01  4.57383637e-01  3.16327779e-09  4.57383637e-01  1.56391810e-07  1.64043854e-08  1.72000000e+00 
 1.73000000e+00  4.57383651e-01  3.31552533e-09  4.57383651e-01  4.57383651e-01  4.57383651e-01  3.16327785e-09  4.57383651e-01  1.56391826e-07  1.22287247e-08  1.73000000e+00 
 1.74000000e+00  4.57383646e-01  3.31552533e-09  4.57383645e-01  4.57383645e-01  4.57383645e-01  3.16327785e-09  4.57383645e-01  1.56391796e-07  8.81983908e-09  1.74000000e+00 
 1.75000000e+00  4.57383644e-01  3.31552533e-09  4.57383644e-01  4.57383644e-01  4.57383644e-01  3.16327785e-09  4.57383644e-01  1.56391816e-07  6.02472028e-09  1.75000000e+00 
 1.76000000e+00  4.57383636e-01  3.31552533e-09  4.57383635e-01  4.57383636e-01  4.57383635e-01  3.16327785e-09  4.57383635e-01  1.56391799e-07  3.71240105e-09  1.76000000e+00 
 1.77000000e+00  4.57383667e-01  3.31552539e-09  4.57383667e-01  4.57383667e-01  4.57383667e-01  3.16327785e-09  4.57383667e-01  1.56391848e-07  1.78036430e-09  1.77000000e+00 
 1.78000000e+00  4.57383635e-01  3.31552539e-09  4.57383635e-01  4.57383635e-01  4.57383635e-01  3.16327779e-09  4.57383635e-01  1.56391796e-07  1.65599090e-10  1.78000000e+00 
 1.79000000e+00  4.57383656e-01  3.31552533e-09  4.57383656e-01  4.57383656e-01  4.57383656e-01  3.16327785e-09  4.57383656e-01  1.56391847e-07 -1.15150556e-09  1.79000000e+00 
 1.80000000e+00  4.57383631e-01  3.31552533e-09  4.57383631e-01  4.57383631e-01  4.57383631e-01  3.16327779e-09  4.57383631e-01  1.56391805e-07 -2.16998330e-09  1.80000000e+00 
