 v-sweep         v(b0)           v(b1)           v(b2)           v(b3)           v(b4)           v(b5)           v(b6)           i(vbias)        i(viout)        v(vout)        
 0.00000000e+00  3.26987589e-09  4.57944396e-01  3.43845964e-09  3.22516716e-09  4.57944396e-01  3.31822321e-09  3.54991202e-09  1.57268213e-07  2.61976556e-08  0.00000000e+00 
 1.00000000e-02  3.26987593e-09  4.57944390e-01  3.43845968e-09  3.22516720e-09  4.57944390e-01  3.31822330e-09  3.54991200e-09  1.57268215e-07  2.61973073e-08  1.00000000e-02 
 2.00000000e-02  3.26987593e-09  4.57944424e-01  3.43845967e-09  3.22516721e-09  4.57944424e-01  3.31822324e-09  3.54991201e-09  1.57268251e-07  2.61970123e-08  2.00000000e-02 
 3.00000000e-02  3.26987587e-09  4.57944414e-01  3.43845969e-09  3.22516720e-09  4.57944413e-01  3.31822324e-09  3.54991195e-09  1.57268247e-07  2.61964157e-08  3.00000000e-02 
 4.00000000e-02  3.26987593e-09  4.57944397e-01  3.43845967e-09  3.22516720e-09  4.57944397e-01  3.31822324e-09  3.54991200e-09  1.57268212e-07  2.61962572e-08  4.00000000e-02 
 5.00000000e-02  3.26987587e-09  4.57944405e-01  3.43845969e-09  3.22516720e-09  4.57944405e-01  3.31822330e-09  3.54991201e-09  1.57268230e-07  2.61958966e-08  5.00000000e-02 
 6.00000000e-02  3.26987587e-09  4.57944403e-01  3.43845967e-09  3.22516720e-09  4.57944403e-01  3.31822324e-09  3.54991195e-09  1.57268230e-07  2.61954951e-08  6.00000000e-02 
 7.00000000e-02  3.26987587e-09  4.57944396e-01  3.43845969e-09  3.22516720e-09  4.57944396e-01  3.31822324e-09  3.54991195e-09  1.57268203e-07  2.61953259e-08  7.00000000e-02 
 8.00000000e-02  3.26987587e-09  4.57944411e-01  3.43845967e-09  3.22516720e-09  4.57944411e-01  3.31822324e-09  3.54991201e-09  1.57268237e-07  2.61949689e-08  8.00000000e-02 
 9.00000000e-02  3.26987593e-09  4.57944413e-01  3.43845969e-09  3.22516720e-09  4.57944413e-01  3.31822324e-09  3.54991195e-09  1.57268254e-07  2.61947637e-08  9.00000000e-02 
 1.00000000e-01  3.26987587e-09  4.57944403e-01  3.43845967e-09  3.22516720e-09  4.57944403e-01  3.31822324e-09  3.54991201e-09  1.57268240e-07  2.61944360e-08  1.00000000e-01 
 1.10000000e-01  3.26987587e-09  4.57944392e-01  3.43845963e-09  3.22516720e-09  4.57944392e-01  3.31822324e-09  3.54991195e-09  1.57268219e-07  2.61941624e-08  1.10000000e-01 
 1.20000000e-01  3.26987587e-09  4.57944405e-01  3.43845968e-09  3.22516720e-09  4.57944405e-01  3.31822324e-09  3.54991195e-09  1.57268241e-07  2.61940087e-08  1.20000000e-01 
 1.30000000e-01  3.26987587e-09  4.57944425e-01  3.43845967e-09  3.22516721e-09  4.57944425e-01  3.31822324e-09  3.54991195e-09  1.57268263e-07  2.61939075e-08  1.30000000e-01 
 1.40000000e-01  3.26987587e-09  4.57944400e-01  3.43845969e-09  3.22516720e-09  4.57944400e-01  3.31822324e-09  3.54991200e-09  1.57268209e-07  2.61935895e-08  1.40000000e-01 
 1.50000000e-01  3.26987587e-09  4.57944395e-01  3.43845967e-09  3.22516720e-09  4.57944395e-01  3.31822324e-09  3.54991200e-09  1.57268216e-07  2.61934172e-08  1.50000000e-01 
 1.60000000e-01  3.26987587e-09  4.57944416e-01  3.43845969e-09  3.22516720e-09  4.57944416e-01  3.31822324e-09  3.54991195e-09  1.57268250e-07  2.61931756e-08  1.60000000e-01 
 1.70000000e-01  3.26987593e-09  4.57944402e-01  3.43845967e-09  3.22516720e-09  4.57944402e-01  3.31822324e-09  3.54991195e-09  1.57268216e-07  2.61930904e-08  1.70000000e-01 
 1.80000000e-01  3.26987587e-09  4.57944400e-01  3.43845963e-09  3.22516720e-09  4.57944399e-01  3.31822324e-09  3.54991195e-09  1.57268213e-07  2.61928061e-08  1.80000000e-01 
 1.90000000e-01  3.26987593e-09  4.57944406e-01  3.43845968e-09  3.22516720e-09  4.57944406e-01  3.31822324e-09  3.54991195e-09  1.57268225e-07  2.61926534e-08  1.90000000e-01 
 2.00000000e-01  3.26987587e-09  4.57944410e-01  3.43845967e-09  3.22516720e-09  4.57944410e-01  3.31822330e-09  3.54991201e-09  1.57268233e-07  2.61924846e-08  2.00000000e-01 
 2.10000000e-01  3.26987587e-09  4.57944431e-01  3.43845969e-09  3.22516721e-09  4.57944430e-01  3.31822330e-09  3.54991201e-09  1.57268267e-07  2.61924242e-08  2.10000000e-01 
 2.20000000e-01  3.26987593e-09  4.57944409e-01  3.43845967e-09  3.22516720e-09  4.57944408e-01  3.31822324e-09  3.54991201e-09  1.57268228e-07  2.61921524e-08  2.20000000e-01 
 2.30000000e-01  3.26987593e-09  4.57944421e-01  3.43845969e-09  3.22516720e-09  4.57944421e-01  3.31822324e-09  3.54991201e-09  1.57268261e-07  2.61921489e-08  2.30000000e-01 
 2.40000000e-01  3.26987593e-09  4.57944413e-01  3.43845967e-09  3.22516720e-09  4.57944413e-01  3.31822330e-09  3.54991201e-09  1.57268237e-07  2.61920050e-08  2.40000000e-01 
 2.50000000e-01  3.26987593e-09  4.57944399e-01  3.43845969e-09  3.22516720e-09  4.57944399e-01  3.31822324e-09  3.54991200e-09  1.57268230e-07  2.61918647e-08  2.50000000e-01 
 2.60000000e-01  3.26987593e-09  4.57944408e-01  3.43845967e-09  3.22516720e-09  4.57944408e-01  3.31822324e-09  3.54991201e-09  1.57268237e-07  2.61917563e-08  2.60000000e-01 
 2.70000000e-01  3.26987587e-09  4.57944419e-01  3.43845963e-09  3.22516720e-09  4.57944419e-01  3.31822324e-09  3.54991195e-09  1.57268248e-07  2.61915787e-08  2.70000000e-01 
 2.80000000e-01  3.26987587e-09  4.57944416e-01  3.43845968e-09  3.22516720e-09  4.57944416e-01  3.31822330e-09  3.54991201e-09  1.57268246e-07  2.61915485e-08  2.80000000e-01 
 2.90000000e-01  3.26987587e-09  4.57944418e-01  3.43845967e-09  3.22516720e-09  4.57944418e-01  3.31822330e-09  3.54991195e-09  1.57268254e-07  2.61914792e-08  2.90000000e-01 
 3.00000000e-01  3.26987593e-09  4.57944427e-01  3.43845969e-09  3.22516721e-09  4.57944427e-01  3.31822324e-09  3.54991201e-09  1.57268262e-07  2.61913478e-08  3.00000000e-01 
 3.10000000e-01  3.26987593e-09  4.57944408e-01  3.43845967e-09  3.22516720e-09  4.57944408e-01  3.31822324e-09  3.54991195e-09  1.57268230e-07  2.61912128e-08  3.10000000e-01 
 3.20000000e-01  3.26987593e-09  4.57944428e-01  3.43845969e-09  3.22516721e-09  4.57944428e-01  3.31822324e-09  3.54991201e-09  1.57268265e-07  2.61910138e-08  3.20000000e-01 
 3.30000000e-01  3.26987587e-09  4.57944413e-01  3.43845967e-09  3.22516715e-09  4.57944413e-01  3.31822330e-09  3.54991201e-09  1.57268240e-07  2.61910102e-08  3.30000000e-01 
 3.40000000e-01  3.26987593e-09  4.57944401e-01  3.43845963e-09  3.22516720e-09  4.57944401e-01  3.31822324e-09  3.54991201e-09  1.57268218e-07  2.61908504e-08  3.40000000e-01 
 3.50000000e-01  3.26987593e-09  4.57944403e-01  3.43845968e-09  3.22516720e-09  4.57944403e-01  3.31822324e-09  3.54991195e-09  1.57268224e-07  2.61908788e-08  3.50000000e-01 
 3.60000000e-01  3.26987587e-09  4.57944401e-01  3.43845967e-09  3.22516720e-09  4.57944401e-01  3.31822324e-09  3.54991195e-09  1.57268227e-07  2.61907438e-08  3.60000000e-01 
 3.70000000e-01  3.26987593e-09  4.57944398e-01  3.43845969e-09  3.22516720e-09  4.57944398e-01  3.31822324e-09  3.54991195e-09  1.57268227e-07  2.61905946e-08  3.70000000e-01 
 3.80000000e-01  3.26987587e-09  4.57944410e-01  3.43845967e-09  3.22516720e-09  4.57944410e-01  3.31822330e-09  3.54991201e-09  1.57268249e-07  2.61906408e-08  3.80000000e-01 
 3.90000000e-01  3.26987593e-09  4.57944413e-01  3.43845969e-09  3.22516720e-09  4.57944413e-01  3.31822324e-09  3.54991195e-09  1.57268238e-07  2.61905342e-08  3.90000000e-01 
 4.00000000e-01  3.26987593e-09  4.57944426e-01  3.43845967e-09  3.22516721e-09  4.57944426e-01  3.31822324e-09  3.54991201e-09  1.57268250e-07  2.61904169e-08  4.00000000e-01 
 4.10000000e-01  3.26987587e-09  4.57944414e-01  3.43845969e-09  3.22516720e-09  4.57944413e-01  3.31822324e-09  3.54991201e-09  1.57268251e-07  2.61903566e-08  4.10000000e-01 
 4.20000000e-01  3.26987593e-09  4.57944417e-01  3.43845967e-09  3.22516720e-09  4.57944417e-01  3.31822324e-09  3.54991201e-09  1.57268235e-07  2.61903068e-08  4.20000000e-01 
 4.30000000e-01  3.26987593e-09  4.57944410e-01  3.43845963e-09  3.22516720e-09  4.57944410e-01  3.31822324e-09  3.54991195e-09  1.57268239e-07  2.61902713e-08  4.30000000e-01 
 4.40000000e-01  3.26987587e-09  4.57944404e-01  3.43845968e-09  3.22516720e-09  4.57944404e-01  3.31822330e-09  3.54991201e-09  1.57268216e-07  2.61900617e-08  4.40000000e-01 
 4.50000000e-01  3.26987593e-09  4.57944410e-01  3.43845967e-09  3.22516720e-09  4.57944410e-01  3.31822324e-09  3.54991195e-09  1.57268241e-07  2.61901434e-08  4.50000000e-01 
 4.60000000e-01  3.26987593e-09  4.57944426e-01  3.43845969e-09  3.22516721e-09  4.57944426e-01  3.31822330e-09  3.54991201e-09  1.57268264e-07  2.61899054e-08  4.60000000e-01 
 4.70000000e-01  3.26987593e-09  4.57944414e-01  3.43845967e-09  3.22516720e-09  4.57944414e-01  3.31822324e-09  3.54991195e-09  1.57268247e-07  2.61900510e-08  4.70000000e-01 
 4.80000000e-01  3.26987587e-09  4.57944407e-01  3.43845969e-09  3.22516720e-09  4.57944407e-01  3.31822330e-09  3.54991201e-09  1.57268235e-07  2.61898947e-08  4.80000000e-01 
 4.90000000e-01  3.26987593e-09  4.57944409e-01  3.43845967e-09  3.22516720e-09  4.57944409e-01  3.31822324e-09  3.54991195e-09  1.57268234e-07  2.61898627e-08  4.90000000e-01 
 5.00000000e-01  3.26987587e-09  4.57944410e-01  3.43845963e-09  3.22516720e-09  4.57944410e-01  3.31822324e-09  3.54991201e-09  1.57268226e-07  2.61896815e-08  5.00000000e-01 
 5.10000000e-01  3.26987593e-09  4.57944424e-01  3.43845968e-09  3.22516721e-09  4.57944423e-01  3.31822330e-09  3.54991201e-09  1.57268252e-07  2.61897775e-08  5.10000000e-01 
 5.20000000e-01  3.26987587e-09  4.57944424e-01  3.43845967e-09  3.22516721e-09  4.57944424e-01  3.31822324e-09  3.54991201e-09  1.57268265e-07  2.61896851e-08  5.20000000e-01 
 5.30000000e-01  3.26987593e-09  4.57944398e-01  3.43845963e-09  3.22516720e-09  4.57944398e-01  3.31822324e-09  3.54991195e-09  1.57268220e-07  2.61896957e-08  5.30000000e-01 
 5.40000000e-01  3.26987593e-09  4.57944407e-01  3.43845968e-09  3.22516720e-09  4.57944406e-01  3.31822324e-09  3.54991201e-09  1.57268240e-07  2.61896069e-08  5.40000000e-01 
 5.50000000e-01  3.26987587e-09  4.57944406e-01  3.43845967e-09  3.22516720e-09  4.57944406e-01  3.31822324e-09  3.54991195e-09  1.57268224e-07  2.61895572e-08  5.50000000e-01 
 5.60000000e-01  3.26987587e-09  4.57944421e-01  3.43845969e-09  3.22516720e-09  4.57944420e-01  3.31822324e-09  3.54991195e-09  1.57268265e-07  2.61894400e-08  5.60000000e-01 
 5.70000000e-01  3.26987587e-09  4.57944398e-01  3.43845967e-09  3.22516720e-09  4.57944398e-01  3.31822324e-09  3.54991195e-09  1.57268224e-07  2.61894719e-08  5.70000000e-01 
 5.80000000e-01  3.26987587e-09  4.57944408e-01  3.43845963e-09  3.22516720e-09  4.57944408e-01  3.31822324e-09  3.54991201e-09  1.57268234e-07  2.61892694e-08  5.80000000e-01 
 5.90000000e-01  3.26987587e-09  4.57944409e-01  3.43845968e-09  3.22516720e-09  4.57944409e-01  3.31822324e-09  3.54991201e-09  1.57268231e-07  2.61892410e-08  5.90000000e-01 
 6.00000000e-01  3.26987593e-09  4.57944410e-01  3.43845967e-09  3.22516720e-09  4.57944409e-01  3.31822330e-09  3.54991201e-09  1.57268235e-07  2.61892481e-08  6.00000000e-01 
 6.10000000e-01  3.26987587e-09  4.57944393e-01  3.43845969e-09  3.22516720e-09  4.57944393e-01  3.31822324e-09  3.54991200e-09  1.57268209e-07  2.61892623e-08  6.10000000e-01 
 6.20000000e-01  3.26987587e-09  4.57944392e-01  3.43845967e-09  3.22516720e-09  4.57944392e-01  3.31822324e-09  3.54991200e-09  1.57268209e-07  2.61890634e-08  6.20000000e-01 
 6.30000000e-01  3.26987587e-09  4.57944434e-01  3.43845969e-09  3.22516721e-09  4.57944434e-01  3.31822324e-09  3.54991201e-09  1.57268285e-07  2.61891131e-08  6.30000000e-01 
 6.40000000e-01  3.26987587e-09  4.57944413e-01  3.43845967e-09  3.22516720e-09  4.57944412e-01  3.31822324e-09  3.54991201e-09  1.57268231e-07  2.61891770e-08  6.40000000e-01 
 6.50000000e-01  3.26987593e-09  4.57944414e-01  3.43845969e-09  3.22516720e-09  4.57944414e-01  3.31822324e-09  3.54991201e-09  1.57268244e-07  2.61889284e-08  6.50000000e-01 
 6.60000000e-01  3.26987593e-09  4.57944396e-01  3.43845967e-09  3.22516720e-09  4.57944396e-01  3.31822324e-09  3.54991195e-09  1.57268214e-07  2.61889568e-08  6.60000000e-01 
 6.70000000e-01  3.26987587e-09  4.57944421e-01  3.43845969e-09  3.22516720e-09  4.57944421e-01  3.31822324e-09  3.54991201e-09  1.57268266e-07  2.61888999e-08  6.70000000e-01 
 6.80000000e-01  3.26987593e-09  4.57944410e-01  3.43845967e-09  3.22516720e-09  4.57944410e-01  3.31822330e-09  3.54991195e-09  1.57268228e-07  2.61889070e-08  6.80000000e-01 
 6.90000000e-01  3.26987587e-09  4.57944392e-01  3.43845969e-09  3.22516720e-09  4.57944392e-01  3.31822324e-09  3.54991195e-09  1.57268200e-07  2.61887010e-08  6.90000000e-01 
 7.00000000e-01  3.26987593e-09  4.57944405e-01  3.43845967e-09  3.22516720e-09  4.57944405e-01  3.31822330e-09  3.54991201e-09  1.57268230e-07  2.61886797e-08  7.00000000e-01 
 7.10000000e-01  3.26987593e-09  4.57944412e-01  3.43845969e-09  3.22516720e-09  4.57944412e-01  3.31822324e-09  3.54991195e-09  1.57268238e-07  2.61884381e-08  7.10000000e-01 
 7.20000000e-01  3.26987587e-09  4.57944408e-01  3.43845967e-09  3.22516715e-09  4.57944407e-01  3.31822324e-09  3.54991195e-09  1.57268250e-07  2.61886086e-08  7.20000000e-01 
 7.30000000e-01  3.26987587e-09  4.57944418e-01  3.43845969e-09  3.22516720e-09  4.57944418e-01  3.31822324e-09  3.54991201e-09  1.57268250e-07  2.61885518e-08  7.30000000e-01 
 7.40000000e-01  3.26987587e-09  4.57944387e-01  3.43845967e-09  3.22516720e-09  4.57944387e-01  3.31822324e-09  3.54991200e-09  1.57268204e-07  2.61884310e-08  7.40000000e-01 
 7.50000000e-01  3.26987587e-09  4.57944426e-01  3.43845969e-09  3.22516721e-09  4.57944426e-01  3.31822324e-09  3.54991195e-09  1.57268260e-07  2.61884523e-08  7.50000000e-01 
 7.60000000e-01  3.26987587e-09  4.57944413e-01  3.43845967e-09  3.22516720e-09  4.57944413e-01  3.31822324e-09  3.54991195e-09  1.57268239e-07  2.61884736e-08  7.60000000e-01 
 7.70000000e-01  3.26987593e-09  4.57944411e-01  3.43845969e-09  3.22516715e-09  4.57944411e-01  3.31822330e-09  3.54991195e-09  1.57268244e-07  2.61882889e-08  7.70000000e-01 
 7.80000000e-01  3.26987587e-09  4.57944391e-01  3.43845967e-09  3.22516720e-09  4.57944391e-01  3.31822330e-09  3.54991200e-09  1.57268201e-07  2.61882249e-08  7.80000000e-01 
 7.90000000e-01  3.26987587e-09  4.57944410e-01  3.43845969e-09  3.22516720e-09  4.57944410e-01  3.31822330e-09  3.54991201e-09  1.57268231e-07  2.61883173e-08  7.90000000e-01 
 8.00000000e-01  3.26987587e-09  4.57944407e-01  3.43845973e-09  3.22516720e-09  4.57944407e-01  3.31822324e-09  3.54991195e-09  1.57268239e-07  2.61882462e-08  8.00000000e-01 
 8.10000000e-01  3.26987587e-09  4.57944398e-01  3.43845968e-09  3.22516720e-09  4.57944398e-01  3.31822324e-09  3.54991195e-09  1.57268213e-07  2.61880899e-08  8.10000000e-01 
 8.20000000e-01  3.26987587e-09  4.57944414e-01  3.43845968e-09  3.22516720e-09  4.57944414e-01  3.31822330e-09  3.54991201e-09  1.57268234e-07  2.61881112e-08  8.20000000e-01 
 8.30000000e-01  3.26987587e-09  4.57944415e-01  3.43845968e-09  3.22516720e-09  4.57944415e-01  3.31822324e-09  3.54991195e-09  1.57268259e-07  2.61879336e-08  8.30000000e-01 
 8.40000000e-01  3.26987593e-09  4.57944417e-01  3.43845968e-09  3.22516720e-09  4.57944417e-01  3.31822324e-09  3.54991201e-09  1.57268245e-07  2.61879549e-08  8.40000000e-01 
 8.50000000e-01  3.26987593e-09  4.57944426e-01  3.43845968e-09  3.22516721e-09  4.57944426e-01  3.31822324e-09  3.54991201e-09  1.57268258e-07  2.61879336e-08  8.50000000e-01 
 8.60000000e-01  3.26987587e-09  4.57944414e-01  3.43845968e-09  3.22516720e-09  4.57944414e-01  3.31822324e-09  3.54991195e-09  1.57268243e-07  2.61879762e-08  8.60000000e-01 
 8.70000000e-01  3.26987587e-09  4.57944401e-01  3.43845968e-09  3.22516720e-09  4.57944401e-01  3.31822324e-09  3.54991201e-09  1.57268220e-07  2.61878341e-08  8.70000000e-01 
 8.80000000e-01  3.26987593e-09  4.57944419e-01  3.43845968e-09  3.22516720e-09  4.57944418e-01  3.31822324e-09  3.54991195e-09  1.57268251e-07  2.61876991e-08  8.80000000e-01 
 8.90000000e-01  3.26987587e-09  4.57944396e-01  3.43845968e-09  3.22516720e-09  4.57944396e-01  3.31822324e-09  3.54991195e-09  1.57268221e-07  2.61876494e-08  8.90000000e-01 
 9.00000000e-01  3.26987587e-09  4.57944418e-01  3.43845968e-09  3.22516720e-09  4.57944418e-01  3.31822324e-09  3.54991195e-09  1.57268245e-07  2.61876707e-08  9.00000000e-01 
 9.10000000e-01  3.26987587e-09  4.57944416e-01  3.43845968e-09  3.22516715e-09  4.57944416e-01  3.31822324e-09  3.54991195e-09  1.57268251e-07  2.61875854e-08  9.10000000e-01 
 9.20000000e-01  3.26987587e-09  4.57944419e-01  3.43845968e-09  3.22516720e-09  4.57944419e-01  3.31822324e-09  3.54991201e-09  1.57268258e-07  2.61875357e-08  9.20000000e-01 
 9.30000000e-01  3.26987587e-09  4.57944419e-01  3.43845968e-09  3.22516715e-09  4.57944419e-01  3.31822324e-09  3.54991195e-09  1.57268254e-07  2.61875073e-08  9.30000000e-01 
 9.40000000e-01  3.26987587e-09  4.57944404e-01  3.43845968e-09  3.22516720e-09  4.57944404e-01  3.31822324e-09  3.54991201e-09  1.57268230e-07  2.61873794e-08  9.40000000e-01 
 9.50000000e-01  3.26987593e-09  4.57944420e-01  3.43845968e-09  3.22516720e-09  4.57944420e-01  3.31822324e-09  3.54991195e-09  1.57268245e-07  2.61873012e-08  9.50000000e-01 
 9.60000000e-01  3.26987593e-09  4.57944405e-01  3.43845968e-09  3.22516715e-09  4.57944405e-01  3.31822324e-09  3.54991195e-09  1.57268231e-07  2.61873510e-08  9.60000000e-01 
 9.70000000e-01  3.26987593e-09  4.57944418e-01  3.43845968e-09  3.22516720e-09  4.57944418e-01  3.31822324e-09  3.54991195e-09  1.57268245e-07  2.61872160e-08  9.70000000e-01 
 9.80000000e-01  3.26987587e-09  4.57944411e-01  3.43845968e-09  3.22516720e-09  4.57944411e-01  3.31822324e-09  3.54991195e-09  1.57268248e-07  2.61872017e-08  9.80000000e-01 
 9.90000000e-01  3.26987587e-09  4.57944408e-01  3.43845968e-09  3.22516720e-09  4.57944408e-01  3.31822330e-09  3.54991201e-09  1.57268223e-07  2.61871094e-08  9.90000000e-01 
 1.00000000e+00  3.26987593e-09  4.57944408e-01  3.43845968e-09  3.22516720e-09  4.57944408e-01  3.31822330e-09  3.54991201e-09  1.57268227e-07  2.61871023e-08  1.00000000e+00 
 1.01000000e+00  3.26987587e-09  4.57944432e-01  3.43845968e-09  3.22516715e-09  4.57944431e-01  3.31822324e-09  3.54991201e-09  1.57268276e-07  2.61871449e-08  1.01000000e+00 
 1.02000000e+00  3.26987587e-09  4.57944416e-01  3.43845968e-09  3.22516720e-09  4.57944416e-01  3.31822324e-09  3.54991195e-09  1.57268250e-07  2.61869744e-08  1.02000000e+00 
 1.03000000e+00  3.26987593e-09  4.57944414e-01  3.43845968e-09  3.22516720e-09  4.57944414e-01  3.31822330e-09  3.54991201e-09  1.57268240e-07  2.61869602e-08  1.03000000e+00 
 1.04000000e+00  3.26987593e-09  4.57944403e-01  3.43845968e-09  3.22516720e-09  4.57944403e-01  3.31822324e-09  3.54991201e-09  1.57268232e-07  2.61868607e-08  1.04000000e+00 
 1.05000000e+00  3.26987587e-09  4.57944417e-01  3.43845968e-09  3.22516720e-09  4.57944416e-01  3.31822324e-09  3.54991195e-09  1.57268240e-07  2.61868323e-08  1.05000000e+00 
 1.06000000e+00  3.26987587e-09  4.57944414e-01  3.43845968e-09  3.22516720e-09  4.57944414e-01  3.31822330e-09  3.54991195e-09  1.57268248e-07  2.61867328e-08  1.06000000e+00 
 1.07000000e+00  3.26987587e-09  4.57944406e-01  3.43845968e-09  3.22516720e-09  4.57944405e-01  3.31822324e-09  3.54991195e-09  1.57268242e-07  2.61867044e-08  1.07000000e+00 
 1.08000000e+00  3.26987587e-09  4.57944410e-01  3.43845968e-09  3.22516720e-09  4.57944410e-01  3.31822324e-09  3.54991201e-09  1.57268250e-07  2.61866404e-08  1.08000000e+00 
 1.09000000e+00  3.26987587e-09  4.57944411e-01  3.43845968e-09  3.22516720e-09  4.57944411e-01  3.31822324e-09  3.54991195e-09  1.57268233e-07  2.61867257e-08  1.09000000e+00 
 1.10000000e+00  3.26987593e-09  4.57944406e-01  3.43845968e-09  3.22516720e-09  4.57944406e-01  3.31822324e-09  3.54991201e-09  1.57268242e-07  2.61865196e-08  1.10000000e+00 
 1.11000000e+00  3.26987587e-09  4.57944386e-01  3.43845968e-09  3.22516720e-09  4.57944386e-01  3.31822324e-09  3.54991200e-09  1.57268198e-07  2.61865836e-08  1.11000000e+00 
 1.12000000e+00  3.26987587e-09  4.57944410e-01  3.43845968e-09  3.22516720e-09  4.57944410e-01  3.31822324e-09  3.54991201e-09  1.57268229e-07  2.61863988e-08  1.12000000e+00 
 1.13000000e+00  3.26987587e-09  4.57944423e-01  3.43845968e-09  3.22516721e-09  4.57944423e-01  3.31822324e-09  3.54991195e-09  1.57268258e-07  2.61863846e-08  1.13000000e+00 
 1.14000000e+00  3.26987587e-09  4.57944401e-01  3.43845968e-09  3.22516720e-09  4.57944401e-01  3.31822324e-09  3.54991195e-09  1.57268232e-07  2.61863704e-08  1.14000000e+00 
 1.15000000e+00  3.26987593e-09  4.57944430e-01  3.43845968e-09  3.22516721e-09  4.57944430e-01  3.31822330e-09  3.54991201e-09  1.57268266e-07  2.61863704e-08  1.15000000e+00 
 1.16000000e+00  3.26987587e-09  4.57944397e-01  3.43845968e-09  3.22516720e-09  4.57944397e-01  3.31822324e-09  3.54991195e-09  1.57268215e-07  2.61861715e-08  1.16000000e+00 
 1.17000000e+00  3.26987587e-09  4.57944402e-01  3.43845968e-09  3.22516720e-09  4.57944402e-01  3.31822324e-09  3.54991195e-09  1.57268238e-07  2.61861288e-08  1.17000000e+00 
 1.18000000e+00  3.26987587e-09  4.57944417e-01  3.43845968e-09  3.22516720e-09  4.57944417e-01  3.31822324e-09  3.54991201e-09  1.57268252e-07  2.61859725e-08  1.18000000e+00 
 1.19000000e+00  3.26987587e-09  4.57944413e-01  3.43845968e-09  3.22516720e-09  4.57944413e-01  3.31822324e-09  3.54991201e-09  1.57268239e-07  2.61859725e-08  1.19000000e+00 
 1.20000000e+00  3.26987587e-09  4.57944421e-01  3.43845968e-09  3.22516720e-09  4.57944421e-01  3.31822324e-09  3.54991195e-09  1.57268249e-07  2.61860151e-08  1.20000000e+00 
 1.21000000e+00  3.26987587e-09  4.57944394e-01  3.43845968e-09  3.22516720e-09  4.57944394e-01  3.31822324e-09  3.54991195e-09  1.57268219e-07  2.61859583e-08  1.21000000e+00 
 1.22000000e+00  3.26987587e-09  4.57944422e-01  3.43845968e-09  3.22516721e-09  4.57944422e-01  3.31822324e-09  3.54991201e-09  1.57268251e-07  2.61858730e-08  1.22000000e+00 
 1.23000000e+00  3.26987587e-09  4.57944400e-01  3.43845968e-09  3.22516720e-09  4.57944399e-01  3.31822324e-09  3.54991200e-09  1.57268212e-07  2.61856741e-08  1.23000000e+00 
 1.24000000e+00  3.26987593e-09  4.57944403e-01  3.43845968e-09  3.22516720e-09  4.57944403e-01  3.31822324e-09  3.54991195e-09  1.57268229e-07  2.61856457e-08  1.24000000e+00 
 1.25000000e+00  3.26987587e-09  4.57944409e-01  3.43845968e-09  3.22516720e-09  4.57944408e-01  3.31822330e-09  3.54991201e-09  1.57268228e-07  2.61856741e-08  1.25000000e+00 
 1.26000000e+00  3.26987593e-09  4.57944414e-01  3.43845968e-09  3.22516720e-09  4.57944414e-01  3.31822324e-09  3.54991201e-09  1.57268249e-07  2.61856741e-08  1.26000000e+00 
 1.27000000e+00  3.26987593e-09  4.57944432e-01  3.43845968e-09  3.22516721e-09  4.57944432e-01  3.31822324e-09  3.54991201e-09  1.57268281e-07  2.61856172e-08  1.27000000e+00 
 1.28000000e+00  3.26987593e-09  4.57944412e-01  3.43845968e-09  3.22516720e-09  4.57944412e-01  3.31822330e-09  3.54991195e-09  1.57268236e-07  2.61854893e-08  1.28000000e+00 
 1.29000000e+00  3.26987587e-09  4.57944402e-01  3.43845968e-09  3.22516720e-09  4.57944401e-01  3.31822330e-09  3.54991195e-09  1.57268227e-07  2.61854609e-08  1.29000000e+00 
 1.30000000e+00  3.26987587e-09  4.57944415e-01  3.43845968e-09  3.22516720e-09  4.57944415e-01  3.31822324e-09  3.54991201e-09  1.57268242e-07  2.61853899e-08  1.30000000e+00 
 1.31000000e+00  3.26987593e-09  4.57944407e-01  3.43845968e-09  3.22516720e-09  4.57944407e-01  3.31822324e-09  3.54991201e-09  1.57268237e-07  2.61853188e-08  1.31000000e+00 
 1.32000000e+00  3.26987593e-09  4.57944415e-01  3.43845968e-09  3.22516720e-09  4.57944415e-01  3.31822324e-09  3.54991195e-09  1.57268249e-07  2.61851625e-08  1.32000000e+00 
 1.33000000e+00  3.26987587e-09  4.57944396e-01  3.43845968e-09  3.22516720e-09  4.57944396e-01  3.31822324e-09  3.54991200e-09  1.57268227e-07  2.61851483e-08  1.33000000e+00 
 1.34000000e+00  3.26987593e-09  4.57944395e-01  3.43845968e-09  3.22516714e-09  4.57944395e-01  3.31822324e-09  3.54991200e-09  1.57268218e-07  2.61850204e-08  1.34000000e+00 
 1.35000000e+00  3.26987592e-09  4.57944384e-01  3.43845968e-09  3.22516714e-09  4.57944384e-01  3.31822324e-09  3.54991200e-09  1.57268201e-07  2.61849777e-08  1.35000000e+00 
 1.36000000e+00  3.26987587e-09  4.57944406e-01  3.43845968e-09  3.22516720e-09  4.57944406e-01  3.31822324e-09  3.54991195e-09  1.57268225e-07  2.61850630e-08  1.36000000e+00 
 1.37000000e+00  3.26987587e-09  4.57944402e-01  3.43845968e-09  3.22516715e-09  4.57944402e-01  3.31822324e-09  3.54991195e-09  1.57268221e-07  2.61848641e-08  1.37000000e+00 
 1.38000000e+00  3.26987587e-09  4.57944405e-01  3.43845968e-09  3.22516720e-09  4.57944405e-01  3.31822324e-09  3.54991195e-09  1.57268228e-07  2.61849067e-08  1.38000000e+00 
 1.39000000e+00  3.26987587e-09  4.57944405e-01  3.43845968e-09  3.22516720e-09  4.57944405e-01  3.31822324e-09  3.54991195e-09  1.57268218e-07  2.61847362e-08  1.39000000e+00 
 1.40000000e+00  3.26987593e-09  4.57944394e-01  3.43845968e-09  3.22516720e-09  4.57944393e-01  3.31822324e-09  3.54991200e-09  1.57268217e-07  2.61846793e-08  1.40000000e+00 
 1.41000000e+00  3.26987593e-09  4.57944425e-01  3.43845968e-09  3.22516721e-09  4.57944424e-01  3.31822324e-09  3.54991201e-09  1.57268260e-07  2.61846083e-08  1.41000000e+00 
 1.42000000e+00  3.26987587e-09  4.57944410e-01  3.43845968e-09  3.22516720e-09  4.57944410e-01  3.31822324e-09  3.54991195e-09  1.57268234e-07  2.61845088e-08  1.42000000e+00 
 1.43000000e+00  3.26987587e-09  4.57944402e-01  3.43845968e-09  3.22516720e-09  4.57944401e-01  3.31822324e-09  3.54991195e-09  1.57268226e-07  2.61844093e-08  1.43000000e+00 
 1.44000000e+00  3.26987587e-09  4.57944414e-01  3.43845968e-09  3.22516720e-09  4.57944414e-01  3.31822324e-09  3.54991195e-09  1.57268243e-07  2.61844235e-08  1.44000000e+00 
 1.45000000e+00  3.26987587e-09  4.57944415e-01  3.43845968e-09  3.22516715e-09  4.57944415e-01  3.31822324e-09  3.54991195e-09  1.57268253e-07  2.61842672e-08  1.45000000e+00 
 1.46000000e+00  3.26987587e-09  4.57944411e-01  3.43845968e-09  3.22516720e-09  4.57944411e-01  3.31822324e-09  3.54991201e-09  1.57268246e-07  2.61841109e-08  1.46000000e+00 
 1.47000000e+00  3.26987587e-09  4.57944420e-01  3.43845968e-09  3.22516720e-09  4.57944420e-01  3.31822324e-09  3.54991201e-09  1.57268261e-07  2.61841819e-08  1.47000000e+00 
 1.48000000e+00  3.26987587e-09  4.57944418e-01  3.43845968e-09  3.22516720e-09  4.57944418e-01  3.31822324e-09  3.54991201e-09  1.57268247e-07  2.61839972e-08  1.48000000e+00 
 1.49000000e+00  3.26987587e-09  4.57944416e-01  3.43845968e-09  3.22516720e-09  4.57944416e-01  3.31822330e-09  3.54991201e-09  1.57268250e-07  2.61840256e-08  1.49000000e+00 
 1.50000000e+00  3.26987587e-09  4.57944403e-01  3.43845968e-09  3.22516720e-09  4.57944403e-01  3.31822324e-09  3.54991195e-09  1.57268219e-07  2.61837840e-08  1.50000000e+00 
 1.51000000e+00  3.26987587e-09  4.57944395e-01  3.43845968e-09  3.22516720e-09  4.57944395e-01  3.31822330e-09  3.54991195e-09  1.57268208e-07  2.61836135e-08  1.51000000e+00 
 1.52000000e+00  3.26987587e-09  4.57944421e-01  3.43845968e-09  3.22516720e-09  4.57944421e-01  3.31822324e-09  3.54991195e-09  1.57268253e-07  2.61834998e-08  1.52000000e+00 
 1.53000000e+00  3.26987593e-09  4.57944422e-01  3.43845968e-09  3.22516721e-09  4.57944422e-01  3.31822324e-09  3.54991201e-09  1.57268257e-07  2.61833719e-08  1.53000000e+00 
 1.54000000e+00  3.26987587e-09  4.57944411e-01  3.43845968e-09  3.22516720e-09  4.57944411e-01  3.31822324e-09  3.54991195e-09  1.57268235e-07  2.61831161e-08  1.54000000e+00 
 1.55000000e+00  3.26987587e-09  4.57944397e-01  3.43845968e-09  3.22516720e-09  4.57944397e-01  3.31822324e-09  3.54991195e-09  1.57268223e-07  2.61830166e-08  1.55000000e+00 
 1.56000000e+00  3.26987593e-09  4.57944411e-01  3.43845968e-09  3.22516715e-09  4.57944411e-01  3.31822324e-09  3.54991195e-09  1.57268238e-07  2.61826898e-08  1.56000000e+00 
 1.57000000e+00  3.26987593e-09  4.57944407e-01  3.43845968e-09  3.22516720e-09  4.57944407e-01  3.31822330e-09  3.54991201e-09  1.57268235e-07  2.61822919e-08  1.57000000e+00 
 1.58000000e+00  3.26987587e-09  4.57944408e-01  3.43845968e-09  3.22516720e-09  4.57944408e-01  3.31822324e-09  3.54991201e-09  1.57268226e-07  2.61820219e-08  1.58000000e+00 
 1.59000000e+00  3.26987593e-09  4.57944433e-01  3.43845968e-09  3.22516721e-09  4.57944433e-01  3.31822324e-09  3.54991195e-09  1.57268266e-07  2.61813824e-08  1.59000000e+00 
 1.60000000e+00  3.26987587e-09  4.57944430e-01  3.43845968e-09  3.22516721e-09  4.57944429e-01  3.31822324e-09  3.54991195e-09  1.57268262e-07  2.61806150e-08  1.60000000e+00 
 1.61000000e+00  3.26987593e-09  4.57944423e-01  3.43845968e-09  3.22516721e-09  4.57944423e-01  3.31822324e-09  3.54991201e-09  1.57268253e-07  2.61796345e-08  1.61000000e+00 
 1.62000000e+00  3.26987587e-09  4.57944393e-01  3.43845968e-09  3.22516720e-09  4.57944393e-01  3.31822330e-09  3.54991195e-09  1.57268208e-07  2.61779860e-08  1.62000000e+00 
 1.63000000e+00  3.26987593e-09  4.57944410e-01  3.43845968e-09  3.22516720e-09  4.57944410e-01  3.31822330e-09  3.54991195e-09  1.57268247e-07  2.61752859e-08  1.63000000e+00 
 1.64000000e+00  3.26987593e-09  4.57944424e-01  3.43845968e-09  3.22516721e-09  4.57944424e-01  3.31822324e-09  3.54991195e-09  1.57268262e-07  2.61709090e-08  1.64000000e+00 
 1.65000000e+00  3.26987593e-09  4.57944410e-01  3.43845968e-09  3.22516720e-09  4.57944410e-01  3.31822324e-09  3.54991201e-09  1.57268243e-07  2.61629793e-08  1.65000000e+00 
 1.66000000e+00  3.26987593e-09  4.57944389e-01  3.43845968e-09  3.22516720e-09  4.57944389e-01  3.31822330e-09  3.54991195e-09  1.57268212e-07  2.61481432e-08  1.66000000e+00 
 1.67000000e+00  3.26987593e-09  4.57944406e-01  3.43845968e-09  3.22516720e-09  4.57944406e-01  3.31822324e-09  3.54991201e-09  1.57268239e-07  2.61200057e-08  1.67000000e+00 
 1.68000000e+00  3.26987593e-09  4.57944410e-01  3.43845968e-09  3.22516720e-09  4.57944410e-01  3.31822324e-09  3.54991195e-09  1.57268247e-07  2.60632618e-08  1.68000000e+00 
 1.69000000e+00  3.26987587e-09  4.57944387e-01  3.43845968e-09  3.22516720e-09  4.57944387e-01  3.31822324e-09  3.54991200e-09  1.57268195e-07  2.57582542e-08  1.69000000e+00 
 1.70000000e+00  3.26987587e-09  4.57944409e-01  3.43845968e-09  3.22516720e-09  4.57944408e-01  3.31822324e-09  3.54991195e-09  1.57268233e-07  2.42801690e-08  1.70000000e+00 
 1.71000000e+00  3.26987593e-09  4.57944420e-01  3.43845968e-09  3.22516720e-09  4.57944420e-01  3.31822324e-09  3.54991201e-09  1.57268264e-07  2.05168789e-08  1.71000000e+00 
 1.72000000e+00  3.26987587e-09  4.57944418e-01  3.43845968e-09  3.22516720e-09  4.57944418e-01  3.31822324e-09  3.54991201e-09  1.57268239e-07  1.56050817e-08  1.72000000e+00 
 1.73000000e+00  3.26987587e-09  4.57944405e-01  3.43845968e-09  3.22516720e-09  4.57944405e-01  3.31822324e-09  3.54991195e-09  1.57268233e-07  1.16019265e-08  1.73000000e+00 
 1.74000000e+00  3.26987593e-09  4.57944427e-01  3.43845968e-09  3.22516721e-09  4.57944427e-01  3.31822324e-09  3.54991201e-09  1.57268252e-07  8.33715319e-09  1.74000000e+00 
 1.75000000e+00  3.26987587e-09  4.57944399e-01  3.43845968e-09  3.22516720e-09  4.57944398e-01  3.31822324e-09  3.54991200e-09  1.57268232e-07  5.66382141e-09  1.75000000e+00 
 1.76000000e+00  3.26987587e-09  4.57944415e-01  3.43845968e-09  3.22516720e-09  4.57944415e-01  3.31822330e-09  3.54991201e-09  1.57268235e-07  3.45627882e-09  1.76000000e+00 
 1.77000000e+00  3.26987587e-09  4.57944397e-01  3.43845968e-09  3.22516720e-09  4.57944397e-01  3.31822324e-09  3.54991200e-09  1.57268216e-07  1.61585945e-09  1.77000000e+00 
 1.78000000e+00  3.26987587e-09  4.57944371e-01  3.43845968e-09  3.22516720e-09  4.57944371e-01  3.31822330e-09  3.54991200e-09  1.57268176e-07  8.15560952e-11  1.78000000e+00 
 1.79000000e+00  3.26987593e-09  4.57944410e-01  3.43845968e-09  3.22516720e-09  4.57944410e-01  3.31822324e-09  3.54991195e-09  1.57268239e-07 -1.16627064e-09  1.79000000e+00 
 1.80000000e+00  3.26987587e-09  4.57944410e-01  3.43845968e-09  3.22516720e-09  4.57944410e-01  3.31822324e-09  3.54991201e-09  1.57268241e-07 -2.12794760e-09  1.80000000e+00 
