 v-sweep         v(b0)           v(b1)           v(b2)           v(b3)           v(b4)           v(b5)           v(b6)           i(vbias)        i(viout)        v(vout)        
 0.00000000e+00  3.16498967e-09  4.58654205e-01  4.58654205e-01  4.58654205e-01  4.58654205e-01  4.58654205e-01  4.58654205e-01  1.59692019e-07  1.95556428e-07  0.00000000e+00 
 1.00000000e-02  3.16498961e-09  4.58654231e-01  4.58654231e-01  4.58654231e-01  4.58654231e-01  4.58654231e-01  4.58654231e-01  1.59692046e-07  1.95555975e-07  1.00000000e-02 
 2.00000000e-02  3.16498968e-09  4.58654226e-01  4.58654226e-01  4.58654226e-01  4.58654226e-01  4.58654226e-01  4.58654226e-01  1.59692037e-07  1.95555441e-07  2.00000000e-02 
 3.00000000e-02  3.16498960e-09  4.58654197e-01  4.58654197e-01  4.58654197e-01  4.58654197e-01  4.58654197e-01  4.58654197e-01  1.59691986e-07  1.95554951e-07  3.00000000e-02 
 4.00000000e-02  3.16498962e-09  4.58654211e-01  4.58654211e-01  4.58654211e-01  4.58654211e-01  4.58654211e-01  4.58654211e-01  1.59692018e-07  1.95554471e-07  4.00000000e-02 
 5.00000000e-02  3.16498967e-09  4.58654210e-01  4.58654210e-01  4.58654210e-01  4.58654210e-01  4.58654210e-01  4.58654210e-01  1.59692015e-07  1.95554096e-07  5.00000000e-02 
 6.00000000e-02  3.16498966e-09  4.58654196e-01  4.58654196e-01  4.58654196e-01  4.58654196e-01  4.58654196e-01  4.58654196e-01  1.59691983e-07  1.95553652e-07  6.00000000e-02 
 7.00000000e-02  3.16498967e-09  4.58654199e-01  4.58654199e-01  4.58654199e-01  4.58654199e-01  4.58654199e-01  4.58654199e-01  1.59691994e-07  1.95553263e-07  7.00000000e-02 
 8.00000000e-02  3.16498961e-09  4.58654242e-01  4.58654242e-01  4.58654242e-01  4.58654242e-01  4.58654242e-01  4.58654242e-01  1.59692066e-07  1.95553076e-07  8.00000000e-02 
 9.00000000e-02  3.16498962e-09  4.58654192e-01  4.58654192e-01  4.58654192e-01  4.58654192e-01  4.58654192e-01  4.58654192e-01  1.59691985e-07  1.95552446e-07  9.00000000e-02 
 1.00000000e-01  3.16498967e-09  4.58654205e-01  4.58654205e-01  4.58654205e-01  4.58654205e-01  4.58654205e-01  4.58654205e-01  1.59692011e-07  1.95552244e-07  1.00000000e-01 
 1.10000000e-01  3.16498966e-09  4.58654199e-01  4.58654199e-01  4.58654199e-01  4.58654199e-01  4.58654199e-01  4.58654199e-01  1.59692010e-07  1.95551899e-07  1.10000000e-01 
 1.20000000e-01  3.16498967e-09  4.58654212e-01  4.58654212e-01  4.58654212e-01  4.58654212e-01  4.58654212e-01  4.58654212e-01  1.59692006e-07  1.95551581e-07  1.20000000e-01 
 1.30000000e-01  3.16498967e-09  4.58654206e-01  4.58654206e-01  4.58654206e-01  4.58654206e-01  4.58654206e-01  4.58654206e-01  1.59692003e-07  1.95551274e-07  1.30000000e-01 
 1.40000000e-01  3.16498967e-09  4.58654199e-01  4.58654199e-01  4.58654199e-01  4.58654199e-01  4.58654199e-01  4.58654199e-01  1.59691990e-07  1.95550878e-07  1.40000000e-01 
 1.50000000e-01  3.16498961e-09  4.58654215e-01  4.58654215e-01  4.58654215e-01  4.58654215e-01  4.58654215e-01  4.58654215e-01  1.59692016e-07  1.95550728e-07  1.50000000e-01 
 1.60000000e-01  3.16498962e-09  4.58654200e-01  4.58654200e-01  4.58654200e-01  4.58654200e-01  4.58654200e-01  4.58654200e-01  1.59691998e-07  1.95550362e-07  1.60000000e-01 
 1.70000000e-01  3.16498967e-09  4.58654192e-01  4.58654192e-01  4.58654192e-01  4.58654192e-01  4.58654192e-01  4.58654192e-01  1.59691983e-07  1.95549987e-07  1.70000000e-01 
 1.80000000e-01  3.16498960e-09  4.58654203e-01  4.58654203e-01  4.58654204e-01  4.58654203e-01  4.58654203e-01  4.58654203e-01  1.59692008e-07  1.95549799e-07  1.80000000e-01 
 1.90000000e-01  3.16498968e-09  4.58654179e-01  4.58654179e-01  4.58654179e-01  4.58654179e-01  4.58654179e-01  4.58654179e-01  1.59691969e-07  1.95549482e-07  1.90000000e-01 
 2.00000000e-01  3.16498966e-09  4.58654224e-01  4.58654224e-01  4.58654224e-01  4.58654224e-01  4.58654224e-01  4.58654224e-01  1.59692038e-07  1.95549410e-07  2.00000000e-01 
 2.10000000e-01  3.16498967e-09  4.58654225e-01  4.58654224e-01  4.58654225e-01  4.58654224e-01  4.58654224e-01  4.58654224e-01  1.59692036e-07  1.95549168e-07  2.10000000e-01 
 2.20000000e-01  3.16498967e-09  4.58654202e-01  4.58654202e-01  4.58654202e-01  4.58654202e-01  4.58654202e-01  4.58654202e-01  1.59692005e-07  1.95548832e-07  2.20000000e-01 
 2.30000000e-01  3.16498961e-09  4.58654201e-01  4.58654201e-01  4.58654201e-01  4.58654201e-01  4.58654201e-01  4.58654200e-01  1.59692002e-07  1.95548569e-07  2.30000000e-01 
 2.40000000e-01  3.16498962e-09  4.58654208e-01  4.58654208e-01  4.58654208e-01  4.58654208e-01  4.58654208e-01  4.58654208e-01  1.59692009e-07  1.95548406e-07  2.40000000e-01 
 2.50000000e-01  3.16498961e-09  4.58654192e-01  4.58654192e-01  4.58654192e-01  4.58654192e-01  4.58654192e-01  4.58654192e-01  1.59691987e-07  1.95548122e-07  2.50000000e-01 
 2.60000000e-01  3.16498967e-09  4.58654193e-01  4.58654193e-01  4.58654193e-01  4.58654193e-01  4.58654193e-01  4.58654193e-01  1.59691978e-07  1.95547877e-07  2.60000000e-01 
 2.70000000e-01  3.16498966e-09  4.58654206e-01  4.58654206e-01  4.58654206e-01  4.58654206e-01  4.58654206e-01  4.58654206e-01  1.59692001e-07  1.95547740e-07  2.70000000e-01 
 2.80000000e-01  3.16498966e-09  4.58654184e-01  4.58654184e-01  4.58654184e-01  4.58654184e-01  4.58654184e-01  4.58654184e-01  1.59691984e-07  1.95547480e-07  2.80000000e-01 
 2.90000000e-01  3.16498961e-09  4.58654203e-01  4.58654203e-01  4.58654203e-01  4.58654203e-01  4.58654203e-01  4.58654203e-01  1.59691988e-07  1.95547333e-07  2.90000000e-01 
 3.00000000e-01  3.16498968e-09  4.58654230e-01  4.58654230e-01  4.58654230e-01  4.58654230e-01  4.58654230e-01  4.58654230e-01  1.59692039e-07  1.95547312e-07  3.00000000e-01 
 3.10000000e-01  3.16498966e-09  4.58654207e-01  4.58654207e-01  4.58654207e-01  4.58654207e-01  4.58654207e-01  4.58654207e-01  1.59692001e-07  1.95546949e-07  3.10000000e-01 
 3.20000000e-01  3.16498961e-09  4.58654201e-01  4.58654201e-01  4.58654201e-01  4.58654201e-01  4.58654201e-01  4.58654201e-01  1.59692011e-07  1.95546683e-07  3.20000000e-01 
 3.30000000e-01  3.16498962e-09  4.58654203e-01  4.58654203e-01  4.58654203e-01  4.58654203e-01  4.58654203e-01  4.58654203e-01  1.59691996e-07  1.95546612e-07  3.30000000e-01 
 3.40000000e-01  3.16498967e-09  4.58654226e-01  4.58654226e-01  4.58654226e-01  4.58654226e-01  4.58654226e-01  4.58654226e-01  1.59692028e-07  1.95546441e-07  3.40000000e-01 
 3.50000000e-01  3.16498966e-09  4.58654214e-01  4.58654214e-01  4.58654214e-01  4.58654214e-01  4.58654214e-01  4.58654214e-01  1.59692028e-07  1.95546185e-07  3.50000000e-01 
 3.60000000e-01  3.16498967e-09  4.58654215e-01  4.58654215e-01  4.58654215e-01  4.58654215e-01  4.58654215e-01  4.58654215e-01  1.59692016e-07  1.95546125e-07  3.60000000e-01 
 3.70000000e-01  3.16498966e-09  4.58654174e-01  4.58654174e-01  4.58654175e-01  4.58654174e-01  4.58654174e-01  4.58654174e-01  1.59691968e-07  1.95545663e-07  3.70000000e-01 
 3.80000000e-01  3.16498967e-09  4.58654207e-01  4.58654207e-01  4.58654207e-01  4.58654207e-01  4.58654207e-01  4.58654207e-01  1.59692006e-07  1.95545642e-07  3.80000000e-01 
 3.90000000e-01  3.16498967e-09  4.58654213e-01  4.58654213e-01  4.58654213e-01  4.58654213e-01  4.58654213e-01  4.58654213e-01  1.59692021e-07  1.95545585e-07  3.90000000e-01 
 4.00000000e-01  3.16498967e-09  4.58654205e-01  4.58654205e-01  4.58654206e-01  4.58654205e-01  4.58654205e-01  4.58654205e-01  1.59691999e-07  1.95545336e-07  4.00000000e-01 
 4.10000000e-01  3.16498967e-09  4.58654204e-01  4.58654204e-01  4.58654204e-01  4.58654204e-01  4.58654204e-01  4.58654204e-01  1.59692001e-07  1.95545081e-07  4.10000000e-01 
 4.20000000e-01  3.16498967e-09  4.58654238e-01  4.58654238e-01  4.58654238e-01  4.58654238e-01  4.58654238e-01  4.58654238e-01  1.59692037e-07  1.95545176e-07  4.20000000e-01 
 4.30000000e-01  3.16498961e-09  4.58654241e-01  4.58654241e-01  4.58654241e-01  4.58654241e-01  4.58654241e-01  4.58654241e-01  1.59692047e-07  1.95544843e-07  4.30000000e-01 
 4.40000000e-01  3.16498962e-09  4.58654223e-01  4.58654223e-01  4.58654223e-01  4.58654223e-01  4.58654223e-01  4.58654223e-01  1.59692024e-07  1.95544793e-07  4.40000000e-01 
 4.50000000e-01  3.16498962e-09  4.58654219e-01  4.58654219e-01  4.58654219e-01  4.58654219e-01  4.58654219e-01  4.58654219e-01  1.59692028e-07  1.95544430e-07  4.50000000e-01 
 4.60000000e-01  3.16498962e-09  4.58654207e-01  4.58654207e-01  4.58654207e-01  4.58654207e-01  4.58654207e-01  4.58654207e-01  1.59692020e-07  1.95544260e-07  4.60000000e-01 
 4.70000000e-01  3.16498967e-09  4.58654215e-01  4.58654215e-01  4.58654215e-01  4.58654215e-01  4.58654215e-01  4.58654215e-01  1.59692010e-07  1.95544231e-07  4.70000000e-01 
 4.80000000e-01  3.16498966e-09  4.58654228e-01  4.58654228e-01  4.58654228e-01  4.58654228e-01  4.58654228e-01  4.58654228e-01  1.59692047e-07  1.95544075e-07  4.80000000e-01 
 4.90000000e-01  3.16498967e-09  4.58654202e-01  4.58654202e-01  4.58654202e-01  4.58654202e-01  4.58654202e-01  4.58654202e-01  1.59691997e-07  1.95543819e-07  4.90000000e-01 
 5.00000000e-01  3.16498967e-09  4.58654198e-01  4.58654198e-01  4.58654198e-01  4.58654198e-01  4.58654198e-01  4.58654198e-01  1.59691985e-07  1.95543620e-07  5.00000000e-01 
 5.10000000e-01  3.16498966e-09  4.58654184e-01  4.58654184e-01  4.58654184e-01  4.58654184e-01  4.58654184e-01  4.58654184e-01  1.59691973e-07  1.95543379e-07  5.10000000e-01 
 5.20000000e-01  3.16498967e-09  4.58654194e-01  4.58654194e-01  4.58654194e-01  4.58654194e-01  4.58654194e-01  4.58654194e-01  1.59691987e-07  1.95543258e-07  5.20000000e-01 
 5.30000000e-01  3.16498967e-09  4.58654199e-01  4.58654198e-01  4.58654199e-01  4.58654198e-01  4.58654198e-01  4.58654198e-01  1.59691986e-07  1.95543109e-07  5.30000000e-01 
 5.40000000e-01  3.16498967e-09  4.58654220e-01  4.58654220e-01  4.58654220e-01  4.58654220e-01  4.58654220e-01  4.58654220e-01  1.59692026e-07  1.95543095e-07  5.40000000e-01 
 5.50000000e-01  3.16498967e-09  4.58654223e-01  4.58654223e-01  4.58654223e-01  4.58654223e-01  4.58654223e-01  4.58654223e-01  1.59692028e-07  1.95542935e-07  5.50000000e-01 
 5.60000000e-01  3.16498967e-09  4.58654204e-01  4.58654203e-01  4.58654204e-01  4.58654203e-01  4.58654203e-01  4.58654203e-01  1.59692004e-07  1.95542743e-07  5.60000000e-01 
 5.70000000e-01  3.16498967e-09  4.58654202e-01  4.58654202e-01  4.58654202e-01  4.58654202e-01  4.58654202e-01  4.58654202e-01  1.59691990e-07  1.95542469e-07  5.70000000e-01 
 5.80000000e-01  3.16498967e-09  4.58654229e-01  4.58654229e-01  4.58654229e-01  4.58654229e-01  4.58654229e-01  4.58654229e-01  1.59692036e-07  1.95542469e-07  5.80000000e-01 
 5.90000000e-01  3.16498967e-09  4.58654216e-01  4.58654216e-01  4.58654216e-01  4.58654216e-01  4.58654216e-01  4.58654216e-01  1.59692015e-07  1.95542292e-07  5.90000000e-01 
 6.00000000e-01  3.16498967e-09  4.58654241e-01  4.58654240e-01  4.58654241e-01  4.58654240e-01  4.58654240e-01  4.58654240e-01  1.59692064e-07  1.95542242e-07  6.00000000e-01 
 6.10000000e-01  3.16498961e-09  4.58654221e-01  4.58654221e-01  4.58654221e-01  4.58654221e-01  4.58654221e-01  4.58654221e-01  1.59692032e-07  1.95542007e-07  6.10000000e-01 
 6.20000000e-01  3.16498962e-09  4.58654237e-01  4.58654237e-01  4.58654237e-01  4.58654237e-01  4.58654237e-01  4.58654237e-01  1.59692040e-07  1.95541844e-07  6.20000000e-01 
 6.30000000e-01  3.16498962e-09  4.58654212e-01  4.58654212e-01  4.58654213e-01  4.58654212e-01  4.58654212e-01  4.58654212e-01  1.59692019e-07  1.95541517e-07  6.30000000e-01 
 6.40000000e-01  3.16498962e-09  4.58654203e-01  4.58654203e-01  4.58654203e-01  4.58654203e-01  4.58654203e-01  4.58654203e-01  1.59692008e-07  1.95541332e-07  6.40000000e-01 
 6.50000000e-01  3.16498967e-09  4.58654196e-01  4.58654196e-01  4.58654196e-01  4.58654196e-01  4.58654196e-01  4.58654196e-01  1.59691994e-07  1.95541197e-07  6.50000000e-01 
 6.60000000e-01  3.16498966e-09  4.58654200e-01  4.58654200e-01  4.58654200e-01  4.58654200e-01  4.58654200e-01  4.58654200e-01  1.59691992e-07  1.95541020e-07  6.60000000e-01 
 6.70000000e-01  3.16498967e-09  4.58654206e-01  4.58654206e-01  4.58654206e-01  4.58654206e-01  4.58654206e-01  4.58654206e-01  1.59692001e-07  1.95540871e-07  6.70000000e-01 
 6.80000000e-01  3.16498967e-09  4.58654192e-01  4.58654191e-01  4.58654192e-01  4.58654191e-01  4.58654191e-01  4.58654191e-01  1.59691983e-07  1.95540665e-07  6.80000000e-01 
 6.90000000e-01  3.16498967e-09  4.58654200e-01  4.58654200e-01  4.58654200e-01  4.58654200e-01  4.58654200e-01  4.58654200e-01  1.59691990e-07  1.95540572e-07  6.90000000e-01 
 7.00000000e-01  3.16498961e-09  4.58654234e-01  4.58654234e-01  4.58654234e-01  4.58654234e-01  4.58654234e-01  4.58654234e-01  1.59692048e-07  1.95540551e-07  7.00000000e-01 
 7.10000000e-01  3.16498968e-09  4.58654212e-01  4.58654212e-01  4.58654212e-01  4.58654212e-01  4.58654212e-01  4.58654212e-01  1.59692010e-07  1.95540380e-07  7.10000000e-01 
 7.20000000e-01  3.16498966e-09  4.58654216e-01  4.58654216e-01  4.58654216e-01  4.58654216e-01  4.58654216e-01  4.58654216e-01  1.59692021e-07  1.95540174e-07  7.20000000e-01 
 7.30000000e-01  3.16498967e-09  4.58654197e-01  4.58654197e-01  4.58654197e-01  4.58654197e-01  4.58654197e-01  4.58654197e-01  1.59691996e-07  1.95539776e-07  7.30000000e-01 
 7.40000000e-01  3.16498967e-09  4.58654188e-01  4.58654188e-01  4.58654188e-01  4.58654188e-01  4.58654188e-01  4.58654188e-01  1.59691975e-07  1.95539670e-07  7.40000000e-01 
 7.50000000e-01  3.16498961e-09  4.58654198e-01  4.58654198e-01  4.58654198e-01  4.58654198e-01  4.58654198e-01  4.58654198e-01  1.59691988e-07  1.95539499e-07  7.50000000e-01 
 7.60000000e-01  3.16498962e-09  4.58654219e-01  4.58654219e-01  4.58654220e-01  4.58654219e-01  4.58654219e-01  4.58654219e-01  1.59692030e-07  1.95539471e-07  7.60000000e-01 
 7.70000000e-01  3.16498967e-09  4.58654195e-01  4.58654195e-01  4.58654195e-01  4.58654195e-01  4.58654195e-01  4.58654195e-01  1.59692002e-07  1.95539151e-07  7.70000000e-01 
 7.80000000e-01  3.16498960e-09  4.58654197e-01  4.58654197e-01  4.58654197e-01  4.58654197e-01  4.58654197e-01  4.58654197e-01  1.59691992e-07  1.95538973e-07  7.80000000e-01 
 7.90000000e-01  3.16498968e-09  4.58654221e-01  4.58654221e-01  4.58654222e-01  4.58654221e-01  4.58654221e-01  4.58654221e-01  1.59692021e-07  1.95538846e-07  7.90000000e-01 
 8.00000000e-01  3.16498966e-09  4.58654197e-01  4.58654197e-01  4.58654197e-01  4.58654197e-01  4.58654197e-01  4.58654197e-01  1.59692004e-07  1.95538611e-07  8.00000000e-01 
 8.10000000e-01  3.16498961e-09  4.58654185e-01  4.58654185e-01  4.58654185e-01  4.58654185e-01  4.58654185e-01  4.58654185e-01  1.59691985e-07  1.95538298e-07  8.10000000e-01 
 8.20000000e-01  3.16498962e-09  4.58654203e-01  4.58654203e-01  4.58654203e-01  4.58654203e-01  4.58654203e-01  4.58654203e-01  1.59691996e-07  1.95538306e-07  8.20000000e-01 
 8.30000000e-01  3.16498962e-09  4.58654210e-01  4.58654210e-01  4.58654210e-01  4.58654210e-01  4.58654210e-01  4.58654210e-01  1.59692010e-07  1.95538057e-07  8.30000000e-01 
 8.40000000e-01  3.16498961e-09  4.58654201e-01  4.58654201e-01  4.58654201e-01  4.58654201e-01  4.58654201e-01  4.58654201e-01  1.59691997e-07  1.95537986e-07  8.40000000e-01 
 8.50000000e-01  3.16498962e-09  4.58654223e-01  4.58654223e-01  4.58654223e-01  4.58654223e-01  4.58654223e-01  4.58654223e-01  1.59692026e-07  1.95537837e-07  8.50000000e-01 
 8.60000000e-01  3.16498961e-09  4.58654193e-01  4.58654193e-01  4.58654194e-01  4.58654193e-01  4.58654193e-01  4.58654193e-01  1.59691994e-07  1.95537581e-07  8.60000000e-01 
 8.70000000e-01  3.16498961e-09  4.58654190e-01  4.58654190e-01  4.58654190e-01  4.58654190e-01  4.58654190e-01  4.58654190e-01  1.59691981e-07  1.95537211e-07  8.70000000e-01 
 8.80000000e-01  3.16498961e-09  4.58654193e-01  4.58654193e-01  4.58654193e-01  4.58654193e-01  4.58654193e-01  4.58654193e-01  1.59691992e-07  1.95537048e-07  8.80000000e-01 
 8.90000000e-01  3.16498962e-09  4.58654211e-01  4.58654211e-01  4.58654211e-01  4.58654211e-01  4.58654211e-01  4.58654211e-01  1.59692012e-07  1.95537112e-07  8.90000000e-01 
 9.00000000e-01  3.16498967e-09  4.58654223e-01  4.58654223e-01  4.58654223e-01  4.58654223e-01  4.58654223e-01  4.58654223e-01  1.59692020e-07  1.95536927e-07  9.00000000e-01 
 9.10000000e-01  3.16498960e-09  4.58654191e-01  4.58654191e-01  4.58654191e-01  4.58654191e-01  4.58654191e-01  4.58654191e-01  1.59691988e-07  1.95536501e-07  9.10000000e-01 
 9.20000000e-01  3.16498962e-09  4.58654217e-01  4.58654217e-01  4.58654217e-01  4.58654217e-01  4.58654217e-01  4.58654217e-01  1.59692026e-07  1.95536614e-07  9.20000000e-01 
 9.30000000e-01  3.16498962e-09  4.58654213e-01  4.58654213e-01  4.58654213e-01  4.58654213e-01  4.58654213e-01  4.58654213e-01  1.59692022e-07  1.95536359e-07  9.30000000e-01 
 9.40000000e-01  3.16498961e-09  4.58654196e-01  4.58654196e-01  4.58654196e-01  4.58654196e-01  4.58654196e-01  4.58654196e-01  1.59691990e-07  1.95535968e-07  9.40000000e-01 
 9.50000000e-01  3.16498967e-09  4.58654189e-01  4.58654189e-01  4.58654189e-01  4.58654189e-01  4.58654189e-01  4.58654189e-01  1.59691970e-07  1.95535769e-07  9.50000000e-01 
 9.60000000e-01  3.16498966e-09  4.58654197e-01  4.58654197e-01  4.58654197e-01  4.58654197e-01  4.58654197e-01  4.58654197e-01  1.59691976e-07  1.95535627e-07  9.60000000e-01 
 9.70000000e-01  3.16498961e-09  4.58654212e-01  4.58654212e-01  4.58654212e-01  4.58654212e-01  4.58654212e-01  4.58654212e-01  1.59692006e-07  1.95535506e-07  9.70000000e-01 
 9.80000000e-01  3.16498962e-09  4.58654221e-01  4.58654221e-01  4.58654222e-01  4.58654221e-01  4.58654221e-01  4.58654221e-01  1.59692039e-07  1.95535385e-07  9.80000000e-01 
 9.90000000e-01  3.16498962e-09  4.58654231e-01  4.58654231e-01  4.58654231e-01  4.58654231e-01  4.58654231e-01  4.58654231e-01  1.59692050e-07  1.95535158e-07  9.90000000e-01 
 1.00000000e+00  3.16498967e-09  4.58654220e-01  4.58654220e-01  4.58654220e-01  4.58654220e-01  4.58654220e-01  4.58654220e-01  1.59692034e-07  1.95534930e-07  1.00000000e+00 
 1.01000000e+00  3.16498960e-09  4.58654209e-01  4.58654209e-01  4.58654209e-01  4.58654209e-01  4.58654209e-01  4.58654209e-01  1.59691996e-07  1.95534724e-07  1.01000000e+00 
 1.02000000e+00  3.16498968e-09  4.58654208e-01  4.58654208e-01  4.58654208e-01  4.58654208e-01  4.58654208e-01  4.58654208e-01  1.59692002e-07  1.95534561e-07  1.02000000e+00 
 1.03000000e+00  3.16498966e-09  4.58654232e-01  4.58654232e-01  4.58654232e-01  4.58654232e-01  4.58654232e-01  4.58654232e-01  1.59692038e-07  1.95534241e-07  1.03000000e+00 
 1.04000000e+00  3.16498961e-09  4.58654208e-01  4.58654208e-01  4.58654208e-01  4.58654208e-01  4.58654208e-01  4.58654208e-01  1.59692001e-07  1.95533957e-07  1.04000000e+00 
 1.05000000e+00  3.16498962e-09  4.58654190e-01  4.58654190e-01  4.58654190e-01  4.58654189e-01  4.58654190e-01  4.58654189e-01  1.59691975e-07  1.95533701e-07  1.05000000e+00 
 1.06000000e+00  3.16498967e-09  4.58654188e-01  4.58654188e-01  4.58654188e-01  4.58654188e-01  4.58654188e-01  4.58654188e-01  1.59691978e-07  1.95533403e-07  1.06000000e+00 
 1.07000000e+00  3.16498966e-09  4.58654221e-01  4.58654221e-01  4.58654221e-01  4.58654221e-01  4.58654221e-01  4.58654221e-01  1.59692036e-07  1.95533346e-07  1.07000000e+00 
 1.08000000e+00  3.16498966e-09  4.58654183e-01  4.58654183e-01  4.58654183e-01  4.58654183e-01  4.58654183e-01  4.58654183e-01  1.59691977e-07  1.95532948e-07  1.08000000e+00 
 1.09000000e+00  3.16498961e-09  4.58654184e-01  4.58654184e-01  4.58654184e-01  4.58654184e-01  4.58654184e-01  4.58654184e-01  1.59691984e-07  1.95532877e-07  1.09000000e+00 
 1.10000000e+00  3.16498968e-09  4.58654198e-01  4.58654198e-01  4.58654198e-01  4.58654198e-01  4.58654198e-01  4.58654198e-01  1.59691991e-07  1.95532756e-07  1.10000000e+00 
 1.11000000e+00  3.16498966e-09  4.58654225e-01  4.58654225e-01  4.58654225e-01  4.58654225e-01  4.58654225e-01  4.58654225e-01  1.59692024e-07  1.95532522e-07  1.11000000e+00 
 1.12000000e+00  3.16498961e-09  4.58654197e-01  4.58654197e-01  4.58654197e-01  4.58654197e-01  4.58654197e-01  4.58654197e-01  1.59692003e-07  1.95532166e-07  1.12000000e+00 
 1.13000000e+00  3.16498968e-09  4.58654220e-01  4.58654219e-01  4.58654220e-01  4.58654219e-01  4.58654219e-01  4.58654219e-01  1.59692012e-07  1.95532024e-07  1.13000000e+00 
 1.14000000e+00  3.16498966e-09  4.58654222e-01  4.58654222e-01  4.58654222e-01  4.58654222e-01  4.58654222e-01  4.58654222e-01  1.59692040e-07  1.95531854e-07  1.14000000e+00 
 1.15000000e+00  3.16498967e-09  4.58654228e-01  4.58654228e-01  4.58654228e-01  4.58654228e-01  4.58654228e-01  4.58654228e-01  1.59692043e-07  1.95531598e-07  1.15000000e+00 
 1.16000000e+00  3.16498967e-09  4.58654214e-01  4.58654214e-01  4.58654214e-01  4.58654214e-01  4.58654214e-01  4.58654214e-01  1.59692016e-07  1.95531328e-07  1.16000000e+00 
 1.17000000e+00  3.16498967e-09  4.58654214e-01  4.58654214e-01  4.58654214e-01  4.58654214e-01  4.58654214e-01  4.58654214e-01  1.59692011e-07  1.95531015e-07  1.17000000e+00 
 1.18000000e+00  3.16498967e-09  4.58654208e-01  4.58654207e-01  4.58654208e-01  4.58654207e-01  4.58654207e-01  4.58654207e-01  1.59692006e-07  1.95530745e-07  1.18000000e+00 
 1.19000000e+00  3.16498967e-09  4.58654237e-01  4.58654237e-01  4.58654237e-01  4.58654237e-01  4.58654237e-01  4.58654237e-01  1.59692034e-07  1.95530617e-07  1.19000000e+00 
 1.20000000e+00  3.16498967e-09  4.58654218e-01  4.58654218e-01  4.58654218e-01  4.58654218e-01  4.58654218e-01  4.58654218e-01  1.59692031e-07  1.95530234e-07  1.20000000e+00 
 1.21000000e+00  3.16498966e-09  4.58654185e-01  4.58654185e-01  4.58654185e-01  4.58654185e-01  4.58654185e-01  4.58654185e-01  1.59691965e-07  1.95529623e-07  1.21000000e+00 
 1.22000000e+00  3.16498961e-09  4.58654196e-01  4.58654196e-01  4.58654196e-01  4.58654196e-01  4.58654196e-01  4.58654196e-01  1.59691995e-07  1.95529481e-07  1.22000000e+00 
 1.23000000e+00  3.16498968e-09  4.58654213e-01  4.58654213e-01  4.58654213e-01  4.58654213e-01  4.58654213e-01  4.58654213e-01  1.59692016e-07  1.95529196e-07  1.23000000e+00 
 1.24000000e+00  3.16498966e-09  4.58654218e-01  4.58654218e-01  4.58654218e-01  4.58654218e-01  4.58654218e-01  4.58654218e-01  1.59692024e-07  1.95528926e-07  1.24000000e+00 
 1.25000000e+00  3.16498967e-09  4.58654206e-01  4.58654206e-01  4.58654206e-01  4.58654206e-01  4.58654206e-01  4.58654206e-01  1.59692020e-07  1.95528685e-07  1.25000000e+00 
 1.26000000e+00  3.16498967e-09  4.58654213e-01  4.58654213e-01  4.58654213e-01  4.58654213e-01  4.58654213e-01  4.58654213e-01  1.59692017e-07  1.95528429e-07  1.26000000e+00 
 1.27000000e+00  3.16498961e-09  4.58654214e-01  4.58654214e-01  4.58654214e-01  4.58654214e-01  4.58654214e-01  4.58654214e-01  1.59692014e-07  1.95528060e-07  1.27000000e+00 
 1.28000000e+00  3.16498962e-09  4.58654212e-01  4.58654212e-01  4.58654212e-01  4.58654212e-01  4.58654212e-01  4.58654212e-01  1.59692012e-07  1.95527647e-07  1.28000000e+00 
 1.29000000e+00  3.16498962e-09  4.58654205e-01  4.58654205e-01  4.58654205e-01  4.58654205e-01  4.58654205e-01  4.58654205e-01  1.59692004e-07  1.95527122e-07  1.29000000e+00 
 1.30000000e+00  3.16498961e-09  4.58654191e-01  4.58654191e-01  4.58654191e-01  4.58654191e-01  4.58654191e-01  4.58654191e-01  1.59691980e-07  1.95526823e-07  1.30000000e+00 
 1.31000000e+00  3.16498967e-09  4.58654189e-01  4.58654189e-01  4.58654189e-01  4.58654189e-01  4.58654189e-01  4.58654189e-01  1.59691986e-07  1.95526354e-07  1.31000000e+00 
 1.32000000e+00  3.16498966e-09  4.58654194e-01  4.58654194e-01  4.58654194e-01  4.58654194e-01  4.58654194e-01  4.58654194e-01  1.59691980e-07  1.95525914e-07  1.32000000e+00 
 1.33000000e+00  3.16498967e-09  4.58654212e-01  4.58654212e-01  4.58654212e-01  4.58654212e-01  4.58654212e-01  4.58654212e-01  1.59692009e-07  1.95525701e-07  1.33000000e+00 
 1.34000000e+00  3.16498967e-09  4.58654229e-01  4.58654229e-01  4.58654229e-01  4.58654229e-01  4.58654229e-01  4.58654229e-01  1.59692054e-07  1.95525104e-07  1.34000000e+00 
 1.35000000e+00  3.16498961e-09  4.58654219e-01  4.58654219e-01  4.58654219e-01  4.58654219e-01  4.58654219e-01  4.58654219e-01  1.59692029e-07  1.95524706e-07  1.35000000e+00 
 1.36000000e+00  3.16498962e-09  4.58654208e-01  4.58654208e-01  4.58654209e-01  4.58654208e-01  4.58654208e-01  4.58654208e-01  1.59692003e-07  1.95524038e-07  1.36000000e+00 
 1.37000000e+00  3.16498967e-09  4.58654191e-01  4.58654191e-01  4.58654191e-01  4.58654191e-01  4.58654191e-01  4.58654191e-01  1.59691973e-07  1.95523270e-07  1.37000000e+00 
 1.38000000e+00  3.16498966e-09  4.58654197e-01  4.58654197e-01  4.58654197e-01  4.58654197e-01  4.58654197e-01  4.58654197e-01  1.59691988e-07  1.95522631e-07  1.38000000e+00 
 1.39000000e+00  3.16498961e-09  4.58654220e-01  4.58654220e-01  4.58654220e-01  4.58654220e-01  4.58654220e-01  4.58654220e-01  1.59692024e-07  1.95522119e-07  1.39000000e+00 
 1.40000000e+00  3.16498962e-09  4.58654218e-01  4.58654218e-01  4.58654218e-01  4.58654218e-01  4.58654218e-01  4.58654218e-01  1.59692023e-07  1.95521409e-07  1.40000000e+00 
 1.41000000e+00  3.16498967e-09  4.58654195e-01  4.58654195e-01  4.58654195e-01  4.58654195e-01  4.58654195e-01  4.58654195e-01  1.59692000e-07  1.95520315e-07  1.41000000e+00 
 1.42000000e+00  3.16498966e-09  4.58654212e-01  4.58654212e-01  4.58654212e-01  4.58654212e-01  4.58654212e-01  4.58654212e-01  1.59692022e-07  1.95519306e-07  1.42000000e+00 
 1.43000000e+00  3.16498961e-09  4.58654182e-01  4.58654182e-01  4.58654182e-01  4.58654182e-01  4.58654182e-01  4.58654182e-01  1.59691976e-07  1.95518012e-07  1.43000000e+00 
 1.44000000e+00  3.16498962e-09  4.58654220e-01  4.58654220e-01  4.58654220e-01  4.58654220e-01  4.58654220e-01  4.58654220e-01  1.59692023e-07  1.95516819e-07  1.44000000e+00 
 1.45000000e+00  3.16498967e-09  4.58654219e-01  4.58654219e-01  4.58654219e-01  4.58654219e-01  4.58654219e-01  4.58654219e-01  1.59692028e-07  1.95515270e-07  1.45000000e+00 
 1.46000000e+00  3.16498966e-09  4.58654181e-01  4.58654181e-01  4.58654181e-01  4.58654181e-01  4.58654181e-01  4.58654181e-01  1.59691969e-07  1.95512982e-07  1.46000000e+00 
 1.47000000e+00  3.16498966e-09  4.58654178e-01  4.58654178e-01  4.58654178e-01  4.58654178e-01  4.58654178e-01  4.58654178e-01  1.59691985e-07  1.95510623e-07  1.47000000e+00 
 1.48000000e+00  3.16498961e-09  4.58654187e-01  4.58654187e-01  4.58654187e-01  4.58654187e-01  4.58654187e-01  4.58654187e-01  1.59691978e-07  1.95507582e-07  1.48000000e+00 
 1.49000000e+00  3.16498968e-09  4.58654216e-01  4.58654216e-01  4.58654216e-01  4.58654216e-01  4.58654216e-01  4.58654216e-01  1.59692015e-07  1.95503546e-07  1.49000000e+00 
 1.50000000e+00  3.16498966e-09  4.58654201e-01  4.58654201e-01  4.58654201e-01  4.58654201e-01  4.58654201e-01  4.58654201e-01  1.59691999e-07  1.95497947e-07  1.50000000e+00 
 1.51000000e+00  3.16498961e-09  4.58654194e-01  4.58654193e-01  4.58654194e-01  4.58654193e-01  4.58654193e-01  4.58654193e-01  1.59691978e-07  1.95490145e-07  1.51000000e+00 
 1.52000000e+00  3.16498962e-09  4.58654192e-01  4.58654191e-01  4.58654192e-01  4.58654191e-01  4.58654191e-01  4.58654191e-01  1.59691987e-07  1.95478719e-07  1.52000000e+00 
 1.53000000e+00  3.16498961e-09  4.58654193e-01  4.58654193e-01  4.58654193e-01  4.58654193e-01  4.58654193e-01  4.58654193e-01  1.59691987e-07  1.95461183e-07  1.53000000e+00 
 1.54000000e+00  3.16498961e-09  4.58654195e-01  4.58654195e-01  4.58654195e-01  4.58654195e-01  4.58654195e-01  4.58654195e-01  1.59691994e-07  1.95432762e-07  1.54000000e+00 
 1.55000000e+00  3.16498962e-09  4.58654225e-01  4.58654225e-01  4.58654225e-01  4.58654225e-01  4.58654225e-01  4.58654225e-01  1.59692034e-07  1.95384530e-07  1.55000000e+00 
 1.56000000e+00  3.16498961e-09  4.58654185e-01  4.58654184e-01  4.58654185e-01  4.58654184e-01  4.58654185e-01  4.58654184e-01  1.59691972e-07  1.95298227e-07  1.56000000e+00 
 1.57000000e+00  3.16498961e-09  4.58654197e-01  4.58654197e-01  4.58654197e-01  4.58654197e-01  4.58654197e-01  4.58654197e-01  1.59692000e-07  1.95140288e-07  1.57000000e+00 
 1.58000000e+00  3.16498961e-09  4.58654198e-01  4.58654198e-01  4.58654198e-01  4.58654198e-01  4.58654198e-01  4.58654198e-01  1.59691979e-07  1.94842428e-07  1.58000000e+00 
 1.59000000e+00  3.16498967e-09  4.58654213e-01  4.58654213e-01  4.58654213e-01  4.58654213e-01  4.58654213e-01  4.58654213e-01  1.59692015e-07  1.94279892e-07  1.59000000e+00 
 1.60000000e+00  3.16498962e-09  4.58654205e-01  4.58654205e-01  4.58654205e-01  4.58654205e-01  4.58654205e-01  4.58654205e-01  1.59692007e-07  1.93223499e-07  1.60000000e+00 
 1.61000000e+00  3.16498962e-09  4.58654213e-01  4.58654213e-01  4.58654213e-01  4.58654213e-01  4.58654213e-01  4.58654213e-01  1.59692031e-07  1.82704625e-07  1.61000000e+00 
 1.62000000e+00  3.16498967e-09  4.58654213e-01  4.58654213e-01  4.58654214e-01  4.58654213e-01  4.58654213e-01  4.58654213e-01  1.59692011e-07  1.56235643e-07  1.62000000e+00 
 1.63000000e+00  3.16498967e-09  4.58654215e-01  4.58654215e-01  4.58654215e-01  4.58654214e-01  4.58654215e-01  4.58654214e-01  1.59692005e-07  1.31569692e-07  1.63000000e+00 
 1.64000000e+00  3.16498967e-09  4.58654202e-01  4.58654202e-01  4.58654202e-01  4.58654202e-01  4.58654202e-01  4.58654202e-01  1.59692004e-07  1.09339609e-07  1.64000000e+00 
 1.65000000e+00  3.16498967e-09  4.58654192e-01  4.58654192e-01  4.58654192e-01  4.58654192e-01  4.58654192e-01  4.58654192e-01  1.59691983e-07  8.98367603e-08  1.65000000e+00 
 1.66000000e+00  3.16498967e-09  4.58654196e-01  4.58654196e-01  4.58654196e-01  4.58654196e-01  4.58654196e-01  4.58654196e-01  1.59691985e-07  7.31030667e-08  1.66000000e+00 
 1.67000000e+00  3.16498967e-09  4.58654217e-01  4.58654216e-01  4.58654217e-01  4.58654216e-01  4.58654216e-01  4.58654216e-01  1.59692021e-07  5.89649858e-08  1.67000000e+00 
 1.68000000e+00  3.16498961e-09  4.58654228e-01  4.58654228e-01  4.58654228e-01  4.58654228e-01  4.58654228e-01  4.58654228e-01  1.59692040e-07  4.71591903e-08  1.68000000e+00 
 1.69000000e+00  3.16498968e-09  4.58654202e-01  4.58654202e-01  4.58654202e-01  4.58654202e-01  4.58654202e-01  4.58654202e-01  1.59691995e-07  3.73815396e-08  1.69000000e+00 
 1.70000000e+00  3.16498960e-09  4.58654171e-01  4.58654171e-01  4.58654171e-01  4.58654171e-01  4.58654171e-01  4.58654171e-01  1.59691951e-07  2.93315594e-08  1.70000000e+00 
 1.71000000e+00  3.16498962e-09  4.58654177e-01  4.58654177e-01  4.58654177e-01  4.58654177e-01  4.58654177e-01  4.58654177e-01  1.59691959e-07  2.27318822e-08  1.71000000e+00 
 1.72000000e+00  3.16498961e-09  4.58654199e-01  4.58654199e-01  4.58654199e-01  4.58654199e-01  4.58654199e-01  4.58654199e-01  1.59691991e-07  1.73358359e-08  1.72000000e+00 
 1.73000000e+00  3.16498967e-09  4.58654222e-01  4.58654222e-01  4.58654222e-01  4.58654222e-01  4.58654222e-01  4.58654222e-01  1.59692028e-07  1.29295046e-08  1.73000000e+00 
 1.74000000e+00  3.16498966e-09  4.58654195e-01  4.58654195e-01  4.58654195e-01  4.58654195e-01  4.58654195e-01  4.58654195e-01  1.59691990e-07  9.32773503e-09  1.74000000e+00 
 1.75000000e+00  3.16498967e-09  4.58654193e-01  4.58654193e-01  4.58654193e-01  4.58654193e-01  4.58654193e-01  4.58654193e-01  1.59691991e-07  6.36923403e-09  1.75000000e+00 
 1.76000000e+00  3.16498961e-09  4.58654209e-01  4.58654209e-01  4.58654209e-01  4.58654209e-01  4.58654209e-01  4.58654209e-01  1.59692007e-07  3.91651156e-09  1.76000000e+00 
 1.77000000e+00  3.16498968e-09  4.58654234e-01  4.58654234e-01  4.58654234e-01  4.58654234e-01  4.58654234e-01  4.58654234e-01  1.59692051e-07  1.86125249e-09  1.77000000e+00 
 1.78000000e+00  3.16498966e-09  4.58654183e-01  4.58654182e-01  4.58654183e-01  4.58654182e-01  4.58654182e-01  4.58654182e-01  1.59691968e-07  1.37944767e-10  1.78000000e+00 
 1.79000000e+00  3.16498967e-09  4.58654206e-01  4.58654206e-01  4.58654206e-01  4.58654206e-01  4.58654206e-01  4.58654206e-01  1.59692005e-07 -1.27322153e-09  1.79000000e+00 
 1.80000000e+00  3.16498967e-09  4.58654212e-01  4.58654212e-01  4.58654212e-01  4.58654212e-01  4.58654212e-01  4.58654212e-01  1.59692020e-07 -2.36890685e-09  1.80000000e+00 
