 v-sweep         v(b0)           v(b1)           v(b2)           v(b3)           v(b4)           v(b5)           v(b6)           i(vbias)        i(viout)        v(vout)        
 0.00000000e+00  4.60006428e-01  4.60006428e-01  3.23081880e-09  4.60006428e-01  4.60006428e-01  3.29014123e-09  3.32461849e-09  1.61625881e-07  4.05891629e-08  0.00000000e+00 
 1.00000000e-02  4.60006424e-01  4.60006424e-01  3.23081878e-09  4.60006424e-01  4.60006424e-01  3.29014121e-09  3.32461846e-09  1.61625889e-07  4.05887217e-08  1.00000000e-02 
 2.00000000e-02  4.60006412e-01  4.60006412e-01  3.23081878e-09  4.60006412e-01  4.60006412e-01  3.29014122e-09  3.32461842e-09  1.61625862e-07  4.05884371e-08  2.00000000e-02 
 3.00000000e-02  4.60006398e-01  4.60006398e-01  3.23081878e-09  4.60006398e-01  4.60006398e-01  3.29014121e-09  3.32461847e-09  1.61625834e-07  4.05880733e-08  3.00000000e-02 
 4.00000000e-02  4.60006417e-01  4.60006417e-01  3.23081878e-09  4.60006417e-01  4.60006417e-01  3.29014127e-09  3.32461841e-09  1.61625870e-07  4.05875640e-08  4.00000000e-02 
 5.00000000e-02  4.60006414e-01  4.60006414e-01  3.23081878e-09  4.60006413e-01  4.60006413e-01  3.29014126e-09  3.32461841e-09  1.61625860e-07  4.05873957e-08  5.00000000e-02 
 6.00000000e-02  4.60006429e-01  4.60006429e-01  3.23081878e-09  4.60006429e-01  4.60006429e-01  3.29014121e-09  3.32461841e-09  1.61625895e-07  4.05870209e-08  6.00000000e-02 
 7.00000000e-02  4.60006405e-01  4.60006405e-01  3.23081878e-09  4.60006405e-01  4.60006405e-01  3.29014128e-09  3.32461847e-09  1.61625859e-07  4.05867771e-08  7.00000000e-02 
 8.00000000e-02  4.60006388e-01  4.60006388e-01  3.23081877e-09  4.60006388e-01  4.60006388e-01  3.29014120e-09  3.32461847e-09  1.61625836e-07  4.05864515e-08  8.00000000e-02 
 9.00000000e-02  4.60006388e-01  4.60006389e-01  3.23081877e-09  4.60006388e-01  4.60006388e-01  3.29014122e-09  3.32461841e-09  1.61625827e-07  4.05860483e-08  9.00000000e-02 
 1.00000000e-01  4.60006409e-01  4.60006409e-01  3.23081878e-09  4.60006408e-01  4.60006408e-01  3.29014127e-09  3.32461847e-09  1.61625852e-07  4.05858422e-08  1.00000000e-01 
 1.10000000e-01  4.60006406e-01  4.60006406e-01  3.23081878e-09  4.60006406e-01  4.60006406e-01  3.29014126e-09  3.32461847e-09  1.61625855e-07  4.05857099e-08  1.10000000e-01 
 1.20000000e-01  4.60006404e-01  4.60006404e-01  3.23081878e-09  4.60006404e-01  4.60006404e-01  3.29014121e-09  3.32461841e-09  1.61625853e-07  4.05854097e-08  1.20000000e-01 
 1.30000000e-01  4.60006389e-01  4.60006389e-01  3.23081877e-09  4.60006389e-01  4.60006389e-01  3.29014122e-09  3.32461847e-09  1.61625830e-07  4.05851805e-08  1.30000000e-01 
 1.40000000e-01  4.60006397e-01  4.60006397e-01  3.23081878e-09  4.60006396e-01  4.60006397e-01  3.29014127e-09  3.32461847e-09  1.61625830e-07  4.05849487e-08  1.40000000e-01 
 1.50000000e-01  4.60006411e-01  4.60006412e-01  3.23081878e-09  4.60006411e-01  4.60006411e-01  3.29014120e-09  3.32461847e-09  1.61625869e-07  4.05847782e-08  1.50000000e-01 
 1.60000000e-01  4.60006422e-01  4.60006422e-01  3.23081878e-09  4.60006421e-01  4.60006422e-01  3.29014122e-09  3.32461841e-09  1.61625877e-07  4.05845491e-08  1.60000000e-01 
 1.70000000e-01  4.60006408e-01  4.60006408e-01  3.23081883e-09  4.60006408e-01  4.60006408e-01  3.29014127e-09  3.32461847e-09  1.61625856e-07  4.05843927e-08  1.70000000e-01 
 1.80000000e-01  4.60006404e-01  4.60006404e-01  3.23081878e-09  4.60006404e-01  4.60006404e-01  3.29014126e-09  3.32461847e-09  1.61625841e-07  4.05841654e-08  1.80000000e-01 
 1.90000000e-01  4.60006395e-01  4.60006395e-01  3.23081878e-09  4.60006394e-01  4.60006395e-01  3.29014121e-09  3.32461841e-09  1.61625831e-07  4.05840908e-08  1.90000000e-01 
 2.00000000e-01  4.60006406e-01  4.60006406e-01  3.23081878e-09  4.60006406e-01  4.60006406e-01  3.29014122e-09  3.32461841e-09  1.61625847e-07  4.05839469e-08  2.00000000e-01 
 2.10000000e-01  4.60006388e-01  4.60006388e-01  3.23081877e-09  4.60006388e-01  4.60006388e-01  3.29014121e-09  3.32461841e-09  1.61625825e-07  4.05837763e-08  2.10000000e-01 
 2.20000000e-01  4.60006420e-01  4.60006420e-01  3.23081878e-09  4.60006419e-01  4.60006420e-01  3.29014121e-09  3.32461841e-09  1.61625876e-07  4.05836591e-08  2.20000000e-01 
 2.30000000e-01  4.60006419e-01  4.60006419e-01  3.23081878e-09  4.60006419e-01  4.60006419e-01  3.29014121e-09  3.32461847e-09  1.61625876e-07  4.05835312e-08  2.30000000e-01 
 2.40000000e-01  4.60006437e-01  4.60006437e-01  3.23081878e-09  4.60006437e-01  4.60006437e-01  3.29014121e-09  3.32461847e-09  1.61625893e-07  4.05833411e-08  2.40000000e-01 
 2.50000000e-01  4.60006402e-01  4.60006402e-01  3.23081878e-09  4.60006402e-01  4.60006402e-01  3.29014127e-09  3.32461847e-09  1.61625839e-07  4.05831937e-08  2.50000000e-01 
 2.60000000e-01  4.60006412e-01  4.60006412e-01  3.23081878e-09  4.60006412e-01  4.60006412e-01  3.29014120e-09  3.32461847e-09  1.61625861e-07  4.05832346e-08  2.60000000e-01 
 2.70000000e-01  4.60006408e-01  4.60006408e-01  3.23081878e-09  4.60006408e-01  4.60006408e-01  3.29014128e-09  3.32461841e-09  1.61625863e-07  4.05829539e-08  2.70000000e-01 
 2.80000000e-01  4.60006406e-01  4.60006407e-01  3.23081878e-09  4.60006406e-01  4.60006406e-01  3.29014126e-09  3.32461847e-09  1.61625857e-07  4.05828455e-08  2.80000000e-01 
 2.90000000e-01  4.60006391e-01  4.60006391e-01  3.23081878e-09  4.60006391e-01  4.60006391e-01  3.29014121e-09  3.32461847e-09  1.61625835e-07  4.05827691e-08  2.90000000e-01 
 3.00000000e-01  4.60006406e-01  4.60006406e-01  3.23081878e-09  4.60006406e-01  4.60006406e-01  3.29014122e-09  3.32461847e-09  1.61625859e-07  4.05825453e-08  3.00000000e-01 
 3.10000000e-01  4.60006418e-01  4.60006418e-01  3.23081878e-09  4.60006418e-01  4.60006418e-01  3.29014127e-09  3.32461841e-09  1.61625874e-07  4.05825986e-08  3.10000000e-01 
 3.20000000e-01  4.60006402e-01  4.60006403e-01  3.23081878e-09  4.60006402e-01  4.60006402e-01  3.29014126e-09  3.32461847e-09  1.61625848e-07  4.05824210e-08  3.20000000e-01 
 3.30000000e-01  4.60006402e-01  4.60006403e-01  3.23081878e-09  4.60006402e-01  4.60006402e-01  3.29014126e-09  3.32461847e-09  1.61625848e-07  4.05822362e-08  3.30000000e-01 
 3.40000000e-01  4.60006406e-01  4.60006406e-01  3.23081878e-09  4.60006405e-01  4.60006406e-01  3.29014121e-09  3.32461847e-09  1.61625833e-07  4.05821758e-08  3.40000000e-01 
 3.50000000e-01  4.60006411e-01  4.60006411e-01  3.23081878e-09  4.60006411e-01  4.60006411e-01  3.29014122e-09  3.32461847e-09  1.61625854e-07  4.05821794e-08  3.50000000e-01 
 3.60000000e-01  4.60006411e-01  4.60006411e-01  3.23081878e-09  4.60006411e-01  4.60006411e-01  3.29014121e-09  3.32461841e-09  1.61625874e-07  4.05820977e-08  3.60000000e-01 
 3.70000000e-01  4.60006413e-01  4.60006413e-01  3.23081878e-09  4.60006413e-01  4.60006413e-01  3.29014121e-09  3.32461847e-09  1.61625854e-07  4.05820302e-08  3.70000000e-01 
 3.80000000e-01  4.60006396e-01  4.60006396e-01  3.23081878e-09  4.60006396e-01  4.60006396e-01  3.29014121e-09  3.32461847e-09  1.61625824e-07  4.05819165e-08  3.80000000e-01 
 3.90000000e-01  4.60006404e-01  4.60006405e-01  3.23081878e-09  4.60006404e-01  4.60006404e-01  3.29014121e-09  3.32461841e-09  1.61625853e-07  4.05818597e-08  3.90000000e-01 
 4.00000000e-01  4.60006409e-01  4.60006409e-01  3.23081878e-09  4.60006409e-01  4.60006409e-01  3.29014121e-09  3.32461847e-09  1.61625849e-07  4.05818419e-08  4.00000000e-01 
 4.10000000e-01  4.60006403e-01  4.60006403e-01  3.23081878e-09  4.60006403e-01  4.60006403e-01  3.29014121e-09  3.32461841e-09  1.61625844e-07  4.05816714e-08  4.10000000e-01 
 4.20000000e-01  4.60006405e-01  4.60006405e-01  3.23081878e-09  4.60006405e-01  4.60006405e-01  3.29014127e-09  3.32461847e-09  1.61625842e-07  4.05815435e-08  4.20000000e-01 
 4.30000000e-01  4.60006395e-01  4.60006395e-01  3.23081878e-09  4.60006395e-01  4.60006395e-01  3.29014120e-09  3.32461847e-09  1.61625845e-07  4.05815541e-08  4.30000000e-01 
 4.40000000e-01  4.60006404e-01  4.60006404e-01  3.23081878e-09  4.60006404e-01  4.60006404e-01  3.29014122e-09  3.32461847e-09  1.61625843e-07  4.05814724e-08  4.40000000e-01 
 4.50000000e-01  4.60006417e-01  4.60006417e-01  3.23081878e-09  4.60006417e-01  4.60006417e-01  3.29014127e-09  3.32461847e-09  1.61625873e-07  4.05814049e-08  4.50000000e-01 
 4.60000000e-01  4.60006385e-01  4.60006385e-01  3.23081877e-09  4.60006385e-01  4.60006385e-01  3.29014120e-09  3.32461847e-09  1.61625822e-07  4.05813338e-08  4.60000000e-01 
 4.70000000e-01  4.60006407e-01  4.60006407e-01  3.23081878e-09  4.60006407e-01  4.60006407e-01  3.29014122e-09  3.32461847e-09  1.61625859e-07  4.05812486e-08  4.70000000e-01 
 4.80000000e-01  4.60006416e-01  4.60006416e-01  3.23081878e-09  4.60006415e-01  4.60006416e-01  3.29014121e-09  3.32461847e-09  1.61625878e-07  4.05811527e-08  4.80000000e-01 
 4.90000000e-01  4.60006424e-01  4.60006424e-01  3.23081878e-09  4.60006424e-01  4.60006424e-01  3.29014121e-09  3.32461847e-09  1.61625886e-07  4.05811953e-08  4.90000000e-01 
 5.00000000e-01  4.60006413e-01  4.60006413e-01  3.23081878e-09  4.60006412e-01  4.60006413e-01  3.29014121e-09  3.32461841e-09  1.61625859e-07  4.05811349e-08  5.00000000e-01 
 5.10000000e-01  4.60006410e-01  4.60006411e-01  3.23081878e-09  4.60006410e-01  4.60006410e-01  3.29014127e-09  3.32461847e-09  1.61625851e-07  4.05810319e-08  5.10000000e-01 
 5.20000000e-01  4.60006400e-01  4.60006400e-01  3.23081878e-09  4.60006400e-01  4.60006400e-01  3.29014120e-09  3.32461841e-09  1.61625843e-07  4.05810638e-08  5.20000000e-01 
 5.30000000e-01  4.60006430e-01  4.60006430e-01  3.23081878e-09  4.60006430e-01  4.60006430e-01  3.29014122e-09  3.32461847e-09  1.61625876e-07  4.05810212e-08  5.30000000e-01 
 5.40000000e-01  4.60006394e-01  4.60006394e-01  3.23081878e-09  4.60006394e-01  4.60006394e-01  3.29014121e-09  3.32461847e-09  1.61625844e-07  4.05808862e-08  5.40000000e-01 
 5.50000000e-01  4.60006409e-01  4.60006409e-01  3.23081878e-09  4.60006409e-01  4.60006409e-01  3.29014127e-09  3.32461847e-09  1.61625854e-07  4.05807548e-08  5.50000000e-01 
 5.60000000e-01  4.60006428e-01  4.60006428e-01  3.23081878e-09  4.60006427e-01  4.60006428e-01  3.29014120e-09  3.32461847e-09  1.61625887e-07  4.05807086e-08  5.60000000e-01 
 5.70000000e-01  4.60006406e-01  4.60006406e-01  3.23081878e-09  4.60006406e-01  4.60006406e-01  3.29014128e-09  3.32461841e-09  1.61625843e-07  4.05806446e-08  5.70000000e-01 
 5.80000000e-01  4.60006419e-01  4.60006419e-01  3.23081878e-09  4.60006419e-01  4.60006419e-01  3.29014126e-09  3.32461847e-09  1.61625882e-07  4.05806233e-08  5.80000000e-01 
 5.90000000e-01  4.60006405e-01  4.60006406e-01  3.23081878e-09  4.60006405e-01  4.60006405e-01  3.29014121e-09  3.32461847e-09  1.61625849e-07  4.05805736e-08  5.90000000e-01 
 6.00000000e-01  4.60006425e-01  4.60006425e-01  3.23081878e-09  4.60006425e-01  4.60006425e-01  3.29014122e-09  3.32461841e-09  1.61625887e-07  4.05806091e-08  6.00000000e-01 
 6.10000000e-01  4.60006414e-01  4.60006414e-01  3.23081878e-09  4.60006414e-01  4.60006414e-01  3.29014121e-09  3.32461841e-09  1.61625876e-07  4.05804954e-08  6.10000000e-01 
 6.20000000e-01  4.60006405e-01  4.60006405e-01  3.23081878e-09  4.60006404e-01  4.60006404e-01  3.29014121e-09  3.32461841e-09  1.61625859e-07  4.05804386e-08  6.20000000e-01 
 6.30000000e-01  4.60006405e-01  4.60006405e-01  3.23081878e-09  4.60006405e-01  4.60006405e-01  3.29014121e-09  3.32461847e-09  1.61625849e-07  4.05803320e-08  6.30000000e-01 
 6.40000000e-01  4.60006404e-01  4.60006404e-01  3.23081878e-09  4.60006404e-01  4.60006404e-01  3.29014127e-09  3.32461847e-09  1.61625846e-07  4.05802680e-08  6.40000000e-01 
 6.50000000e-01  4.60006401e-01  4.60006402e-01  3.23081878e-09  4.60006401e-01  4.60006401e-01  3.29014126e-09  3.32461847e-09  1.61625837e-07  4.05802467e-08  6.50000000e-01 
 6.60000000e-01  4.60006407e-01  4.60006407e-01  3.23081878e-09  4.60006407e-01  4.60006407e-01  3.29014126e-09  3.32461847e-09  1.61625862e-07  4.05802467e-08  6.60000000e-01 
 6.70000000e-01  4.60006421e-01  4.60006421e-01  3.23081878e-09  4.60006421e-01  4.60006421e-01  3.29014126e-09  3.32461847e-09  1.61625878e-07  4.05801970e-08  6.70000000e-01 
 6.80000000e-01  4.60006395e-01  4.60006395e-01  3.23081878e-09  4.60006394e-01  4.60006394e-01  3.29014121e-09  3.32461847e-09  1.61625835e-07  4.05800691e-08  6.80000000e-01 
 6.90000000e-01  4.60006409e-01  4.60006409e-01  3.23081878e-09  4.60006409e-01  4.60006409e-01  3.29014122e-09  3.32461847e-09  1.61625854e-07  4.05800975e-08  6.90000000e-01 
 7.00000000e-01  4.60006417e-01  4.60006417e-01  3.23081878e-09  4.60006417e-01  4.60006417e-01  3.29014127e-09  3.32461847e-09  1.61625869e-07  4.05799696e-08  7.00000000e-01 
 7.10000000e-01  4.60006433e-01  4.60006433e-01  3.23081878e-09  4.60006433e-01  4.60006433e-01  3.29014120e-09  3.32461847e-09  1.61625906e-07  4.05800051e-08  7.10000000e-01 
 7.20000000e-01  4.60006399e-01  4.60006399e-01  3.23081878e-09  4.60006398e-01  4.60006399e-01  3.29014122e-09  3.32461847e-09  1.61625838e-07  4.05798275e-08  7.20000000e-01 
 7.30000000e-01  4.60006413e-01  4.60006413e-01  3.23081878e-09  4.60006413e-01  4.60006413e-01  3.29014127e-09  3.32461847e-09  1.61625882e-07  4.05797920e-08  7.30000000e-01 
 7.40000000e-01  4.60006413e-01  4.60006413e-01  3.23081878e-09  4.60006412e-01  4.60006413e-01  3.29014120e-09  3.32461847e-09  1.61625858e-07  4.05797138e-08  7.40000000e-01 
 7.50000000e-01  4.60006410e-01  4.60006410e-01  3.23081878e-09  4.60006410e-01  4.60006410e-01  3.29014122e-09  3.32461847e-09  1.61625850e-07  4.05796996e-08  7.50000000e-01 
 7.60000000e-01  4.60006411e-01  4.60006411e-01  3.23081878e-09  4.60006411e-01  4.60006411e-01  3.29014127e-09  3.32461841e-09  1.61625857e-07  4.05796570e-08  7.60000000e-01 
 7.70000000e-01  4.60006438e-01  4.60006438e-01  3.23081878e-09  4.60006438e-01  4.60006438e-01  3.29014120e-09  3.32461847e-09  1.61625893e-07  4.05795575e-08  7.70000000e-01 
 7.80000000e-01  4.60006423e-01  4.60006424e-01  3.23081878e-09  4.60006423e-01  4.60006423e-01  3.29014122e-09  3.32461841e-09  1.61625881e-07  4.05794651e-08  7.80000000e-01 
 7.90000000e-01  4.60006406e-01  4.60006406e-01  3.23081878e-09  4.60006406e-01  4.60006406e-01  3.29014121e-09  3.32461841e-09  1.61625855e-07  4.05794722e-08  7.90000000e-01 
 8.00000000e-01  4.60006427e-01  4.60006428e-01  3.23081878e-09  4.60006427e-01  4.60006427e-01  3.29014127e-09  3.32461841e-09  1.61625890e-07  4.05793728e-08  8.00000000e-01 
 8.10000000e-01  4.60006399e-01  4.60006399e-01  3.23081878e-09  4.60006398e-01  4.60006399e-01  3.29014120e-09  3.32461847e-09  1.61625835e-07  4.05793941e-08  8.10000000e-01 
 8.20000000e-01  4.60006411e-01  4.60006411e-01  3.23081878e-09  4.60006411e-01  4.60006411e-01  3.29014122e-09  3.32461847e-09  1.61625862e-07  4.05792946e-08  8.20000000e-01 
 8.30000000e-01  4.60006404e-01  4.60006404e-01  3.23081878e-09  4.60006404e-01  4.60006404e-01  3.29014121e-09  3.32461841e-09  1.61625850e-07  4.05791738e-08  8.30000000e-01 
 8.40000000e-01  4.60006396e-01  4.60006396e-01  3.23081878e-09  4.60006396e-01  4.60006396e-01  3.29014127e-09  3.32461847e-09  1.61625836e-07  4.05793017e-08  8.40000000e-01 
 8.50000000e-01  4.60006410e-01  4.60006410e-01  3.23081878e-09  4.60006410e-01  4.60006410e-01  3.29014126e-09  3.32461847e-09  1.61625865e-07  4.05792306e-08  8.50000000e-01 
 8.60000000e-01  4.60006424e-01  4.60006424e-01  3.23081878e-09  4.60006424e-01  4.60006424e-01  3.29014121e-09  3.32461847e-09  1.61625877e-07  4.05791596e-08  8.60000000e-01 
 8.70000000e-01  4.60006422e-01  4.60006422e-01  3.23081878e-09  4.60006422e-01  4.60006422e-01  3.29014122e-09  3.32461841e-09  1.61625874e-07  4.05789962e-08  8.70000000e-01 
 8.80000000e-01  4.60006430e-01  4.60006430e-01  3.23081878e-09  4.60006430e-01  4.60006430e-01  3.29014127e-09  3.32461841e-09  1.61625894e-07  4.05790246e-08  8.80000000e-01 
 8.90000000e-01  4.60006423e-01  4.60006423e-01  3.23081878e-09  4.60006423e-01  4.60006423e-01  3.29014126e-09  3.32461847e-09  1.61625882e-07  4.05789038e-08  8.90000000e-01 
 9.00000000e-01  4.60006405e-01  4.60006405e-01  3.23081878e-09  4.60006405e-01  4.60006405e-01  3.29014126e-09  3.32461847e-09  1.61625854e-07  4.05788683e-08  9.00000000e-01 
 9.10000000e-01  4.60006393e-01  4.60006393e-01  3.23081878e-09  4.60006393e-01  4.60006393e-01  3.29014126e-09  3.32461847e-09  1.61625826e-07  4.05787404e-08  9.10000000e-01 
 9.20000000e-01  4.60006394e-01  4.60006394e-01  3.23081878e-09  4.60006394e-01  4.60006394e-01  3.29014126e-09  3.32461847e-09  1.61625833e-07  4.05786693e-08  9.20000000e-01 
 9.30000000e-01  4.60006404e-01  4.60006404e-01  3.23081878e-09  4.60006404e-01  4.60006404e-01  3.29014121e-09  3.32461841e-09  1.61625852e-07  4.05787333e-08  9.30000000e-01 
 9.40000000e-01  4.60006402e-01  4.60006402e-01  3.23081878e-09  4.60006402e-01  4.60006402e-01  3.29014128e-09  3.32461841e-09  1.61625844e-07  4.05785414e-08  9.40000000e-01 
 9.50000000e-01  4.60006405e-01  4.60006405e-01  3.23081878e-09  4.60006405e-01  4.60006405e-01  3.29014120e-09  3.32461841e-09  1.61625842e-07  4.05785627e-08  9.50000000e-01 
 9.60000000e-01  4.60006418e-01  4.60006418e-01  3.23081878e-09  4.60006417e-01  4.60006418e-01  3.29014122e-09  3.32461841e-09  1.61625872e-07  4.05785059e-08  9.60000000e-01 
 9.70000000e-01  4.60006372e-01  4.60006373e-01  3.23081877e-09  4.60006372e-01  4.60006372e-01  3.29014121e-09  3.32461841e-09  1.61625799e-07  4.05783780e-08  9.70000000e-01 
 9.80000000e-01  4.60006412e-01  4.60006413e-01  3.23081878e-09  4.60006412e-01  4.60006412e-01  3.29014121e-09  3.32461847e-09  1.61625856e-07  4.05783922e-08  9.80000000e-01 
 9.90000000e-01  4.60006413e-01  4.60006413e-01  3.23081878e-09  4.60006413e-01  4.60006413e-01  3.29014121e-09  3.32461841e-09  1.61625863e-07  4.05782572e-08  9.90000000e-01 
 1.00000000e+00  4.60006415e-01  4.60006415e-01  3.23081878e-09  4.60006415e-01  4.60006415e-01  3.29014127e-09  3.32461847e-09  1.61625870e-07  4.05782572e-08  1.00000000e+00 
 1.01000000e+00  4.60006402e-01  4.60006402e-01  3.23081878e-09  4.60006402e-01  4.60006402e-01  3.29014120e-09  3.32461841e-09  1.61625854e-07  4.05782217e-08  1.01000000e+00 
 1.02000000e+00  4.60006400e-01  4.60006400e-01  3.23081878e-09  4.60006400e-01  4.60006400e-01  3.29014128e-09  3.32461847e-09  1.61625838e-07  4.05781577e-08  1.02000000e+00 
 1.03000000e+00  4.60006419e-01  4.60006419e-01  3.23081878e-09  4.60006419e-01  4.60006419e-01  3.29014120e-09  3.32461841e-09  1.61625871e-07  4.05780654e-08  1.03000000e+00 
 1.04000000e+00  4.60006407e-01  4.60006407e-01  3.23081878e-09  4.60006407e-01  4.60006407e-01  3.29014122e-09  3.32461847e-09  1.61625863e-07  4.05780511e-08  1.04000000e+00 
 1.05000000e+00  4.60006403e-01  4.60006403e-01  3.23081878e-09  4.60006402e-01  4.60006402e-01  3.29014121e-09  3.32461847e-09  1.61625845e-07  4.05780014e-08  1.05000000e+00 
 1.06000000e+00  4.60006407e-01  4.60006407e-01  3.23081878e-09  4.60006407e-01  4.60006407e-01  3.29014127e-09  3.32461841e-09  1.61625868e-07  4.05779872e-08  1.06000000e+00 
 1.07000000e+00  4.60006385e-01  4.60006385e-01  3.23081877e-09  4.60006384e-01  4.60006385e-01  3.29014126e-09  3.32461847e-09  1.61625822e-07  4.05778735e-08  1.07000000e+00 
 1.08000000e+00  4.60006420e-01  4.60006420e-01  3.23081878e-09  4.60006420e-01  4.60006420e-01  3.29014121e-09  3.32461847e-09  1.61625875e-07  4.05778309e-08  1.08000000e+00 
 1.09000000e+00  4.60006411e-01  4.60006411e-01  3.23081878e-09  4.60006411e-01  4.60006411e-01  3.29014122e-09  3.32461847e-09  1.61625869e-07  4.05777243e-08  1.09000000e+00 
 1.10000000e+00  4.60006416e-01  4.60006416e-01  3.23081878e-09  4.60006415e-01  4.60006415e-01  3.29014121e-09  3.32461847e-09  1.61625874e-07  4.05776461e-08  1.10000000e+00 
 1.11000000e+00  4.60006394e-01  4.60006394e-01  3.23081878e-09  4.60006393e-01  4.60006394e-01  3.29014127e-09  3.32461847e-09  1.61625843e-07  4.05774685e-08  1.11000000e+00 
 1.12000000e+00  4.60006400e-01  4.60006400e-01  3.23081878e-09  4.60006400e-01  4.60006400e-01  3.29014126e-09  3.32461841e-09  1.61625838e-07  4.05774330e-08  1.12000000e+00 
 1.13000000e+00  4.60006423e-01  4.60006423e-01  3.23081878e-09  4.60006423e-01  4.60006423e-01  3.29014121e-09  3.32461841e-09  1.61625879e-07  4.05773619e-08  1.13000000e+00 
 1.14000000e+00  4.60006403e-01  4.60006403e-01  3.23081878e-09  4.60006403e-01  4.60006403e-01  3.29014122e-09  3.32461847e-09  1.61625845e-07  4.05773832e-08  1.14000000e+00 
 1.15000000e+00  4.60006405e-01  4.60006406e-01  3.23081878e-09  4.60006405e-01  4.60006405e-01  3.29014127e-09  3.32461841e-09  1.61625846e-07  4.05772838e-08  1.15000000e+00 
 1.16000000e+00  4.60006402e-01  4.60006402e-01  3.23081878e-09  4.60006401e-01  4.60006402e-01  3.29014126e-09  3.32461841e-09  1.61625848e-07  4.05771914e-08  1.16000000e+00 
 1.17000000e+00  4.60006397e-01  4.60006397e-01  3.23081878e-09  4.60006397e-01  4.60006397e-01  3.29014121e-09  3.32461847e-09  1.61625840e-07  4.05772056e-08  1.17000000e+00 
 1.18000000e+00  4.60006428e-01  4.60006428e-01  3.23081878e-09  4.60006428e-01  4.60006428e-01  3.29014128e-09  3.32461847e-09  1.61625892e-07  4.05771203e-08  1.18000000e+00 
 1.19000000e+00  4.60006428e-01  4.60006428e-01  3.23081878e-09  4.60006428e-01  4.60006428e-01  3.29014126e-09  3.32461847e-09  1.61625890e-07  4.05770493e-08  1.19000000e+00 
 1.20000000e+00  4.60006393e-01  4.60006393e-01  3.23081878e-09  4.60006392e-01  4.60006393e-01  3.29014126e-09  3.32461847e-09  1.61625832e-07  4.05770066e-08  1.20000000e+00 
 1.21000000e+00  4.60006424e-01  4.60006424e-01  3.23081878e-09  4.60006424e-01  4.60006424e-01  3.29014126e-09  3.32461841e-09  1.61625885e-07  4.05769072e-08  1.21000000e+00 
 1.22000000e+00  4.60006420e-01  4.60006420e-01  3.23081872e-09  4.60006420e-01  4.60006420e-01  3.29014126e-09  3.32461841e-09  1.61625878e-07  4.05768361e-08  1.22000000e+00 
 1.23000000e+00  4.60006398e-01  4.60006398e-01  3.23081878e-09  4.60006398e-01  4.60006398e-01  3.29014121e-09  3.32461847e-09  1.61625842e-07  4.05767935e-08  1.23000000e+00 
 1.24000000e+00  4.60006378e-01  4.60006378e-01  3.23081877e-09  4.60006378e-01  4.60006378e-01  3.29014122e-09  3.32461847e-09  1.61625824e-07  4.05768219e-08  1.24000000e+00 
 1.25000000e+00  4.60006401e-01  4.60006401e-01  3.23081878e-09  4.60006401e-01  4.60006401e-01  3.29014127e-09  3.32461847e-09  1.61625842e-07  4.05766087e-08  1.25000000e+00 
 1.26000000e+00  4.60006423e-01  4.60006423e-01  3.23081878e-09  4.60006423e-01  4.60006423e-01  3.29014126e-09  3.32461847e-09  1.61625884e-07  4.05764951e-08  1.26000000e+00 
 1.27000000e+00  4.60006426e-01  4.60006426e-01  3.23081878e-09  4.60006426e-01  4.60006426e-01  3.29014121e-09  3.32461847e-09  1.61625888e-07  4.05764951e-08  1.27000000e+00 
 1.28000000e+00  4.60006402e-01  4.60006402e-01  3.23081878e-09  4.60006402e-01  4.60006402e-01  3.29014128e-09  3.32461841e-09  1.61625865e-07  4.05764951e-08  1.28000000e+00 
 1.29000000e+00  4.60006419e-01  4.60006419e-01  3.23081878e-09  4.60006419e-01  4.60006419e-01  3.29014126e-09  3.32461841e-09  1.61625890e-07  4.05764382e-08  1.29000000e+00 
 1.30000000e+00  4.60006408e-01  4.60006408e-01  3.23081878e-09  4.60006408e-01  4.60006408e-01  3.29014126e-09  3.32461847e-09  1.61625866e-07  4.05762535e-08  1.30000000e+00 
 1.31000000e+00  4.60006404e-01  4.60006404e-01  3.23081878e-09  4.60006404e-01  4.60006404e-01  3.29014121e-09  3.32461847e-09  1.61625853e-07  4.05761966e-08  1.31000000e+00 
 1.32000000e+00  4.60006402e-01  4.60006402e-01  3.23081878e-09  4.60006402e-01  4.60006402e-01  3.29014122e-09  3.32461847e-09  1.61625843e-07  4.05761114e-08  1.32000000e+00 
 1.33000000e+00  4.60006397e-01  4.60006397e-01  3.23081878e-09  4.60006397e-01  4.60006397e-01  3.29014127e-09  3.32461847e-09  1.61625841e-07  4.05761398e-08  1.33000000e+00 
 1.34000000e+00  4.60006404e-01  4.60006404e-01  3.23081878e-09  4.60006404e-01  4.60006404e-01  3.29014126e-09  3.32461841e-09  1.61625840e-07  4.05760829e-08  1.34000000e+00 
 1.35000000e+00  4.60006420e-01  4.60006420e-01  3.23081878e-09  4.60006420e-01  4.60006420e-01  3.29014121e-09  3.32461847e-09  1.61625872e-07  4.05758698e-08  1.35000000e+00 
 1.36000000e+00  4.60006409e-01  4.60006409e-01  3.23081878e-09  4.60006409e-01  4.60006409e-01  3.29014122e-09  3.32461847e-09  1.61625859e-07  4.05759835e-08  1.36000000e+00 
 1.37000000e+00  4.60006390e-01  4.60006390e-01  3.23081877e-09  4.60006390e-01  4.60006390e-01  3.29014127e-09  3.32461847e-09  1.61625837e-07  4.05756850e-08  1.37000000e+00 
 1.38000000e+00  4.60006394e-01  4.60006394e-01  3.23081872e-09  4.60006394e-01  4.60006394e-01  3.29014126e-09  3.32461847e-09  1.61625844e-07  4.05756708e-08  1.38000000e+00 
 1.39000000e+00  4.60006431e-01  4.60006431e-01  3.23081878e-09  4.60006431e-01  4.60006431e-01  3.29014126e-09  3.32461841e-09  1.61625892e-07  4.05756424e-08  1.39000000e+00 
 1.40000000e+00  4.60006408e-01  4.60006408e-01  3.23081878e-09  4.60006408e-01  4.60006408e-01  3.29014121e-09  3.32461847e-09  1.61625864e-07  4.05755003e-08  1.40000000e+00 
 1.41000000e+00  4.60006393e-01  4.60006393e-01  3.23081878e-09  4.60006393e-01  4.60006393e-01  3.29014122e-09  3.32461847e-09  1.61625832e-07  4.05753440e-08  1.41000000e+00 
 1.42000000e+00  4.60006418e-01  4.60006418e-01  3.23081878e-09  4.60006418e-01  4.60006418e-01  3.29014121e-09  3.32461847e-09  1.61625870e-07  4.05754292e-08  1.42000000e+00 
 1.43000000e+00  4.60006419e-01  4.60006419e-01  3.23081878e-09  4.60006419e-01  4.60006419e-01  3.29014127e-09  3.32461847e-09  1.61625883e-07  4.05752871e-08  1.43000000e+00 
 1.44000000e+00  4.60006406e-01  4.60006406e-01  3.23081878e-09  4.60006406e-01  4.60006406e-01  3.29014126e-09  3.32461847e-09  1.61625867e-07  4.05751592e-08  1.44000000e+00 
 1.45000000e+00  4.60006402e-01  4.60006402e-01  3.23081878e-09  4.60006402e-01  4.60006402e-01  3.29014121e-09  3.32461841e-09  1.61625851e-07  4.05750598e-08  1.45000000e+00 
 1.46000000e+00  4.60006393e-01  4.60006393e-01  3.23081878e-09  4.60006392e-01  4.60006393e-01  3.29014122e-09  3.32461841e-09  1.61625832e-07  4.05748608e-08  1.46000000e+00 
 1.47000000e+00  4.60006418e-01  4.60006418e-01  3.23081878e-09  4.60006418e-01  4.60006418e-01  3.29014121e-09  3.32461841e-09  1.61625863e-07  4.05748040e-08  1.47000000e+00 
 1.48000000e+00  4.60006413e-01  4.60006413e-01  3.23081878e-09  4.60006413e-01  4.60006413e-01  3.29014121e-09  3.32461847e-09  1.61625861e-07  4.05747187e-08  1.48000000e+00 
 1.49000000e+00  4.60006399e-01  4.60006399e-01  3.23081878e-09  4.60006399e-01  4.60006399e-01  3.29014121e-09  3.32461847e-09  1.61625846e-07  4.05745340e-08  1.49000000e+00 
 1.50000000e+00  4.60006399e-01  4.60006399e-01  3.23081878e-09  4.60006399e-01  4.60006399e-01  3.29014127e-09  3.32461847e-09  1.61625846e-07  4.05742782e-08  1.50000000e+00 
 1.51000000e+00  4.60006385e-01  4.60006385e-01  3.23081877e-09  4.60006384e-01  4.60006384e-01  3.29014126e-09  3.32461847e-09  1.61625824e-07  4.05740224e-08  1.51000000e+00 
 1.52000000e+00  4.60006405e-01  4.60006405e-01  3.23081878e-09  4.60006405e-01  4.60006405e-01  3.29014126e-09  3.32461847e-09  1.61625849e-07  4.05738945e-08  1.52000000e+00 
 1.53000000e+00  4.60006424e-01  4.60006424e-01  3.23081878e-09  4.60006424e-01  4.60006424e-01  3.29014126e-09  3.32461847e-09  1.61625871e-07  4.05736813e-08  1.53000000e+00 
 1.54000000e+00  4.60006411e-01  4.60006411e-01  3.23081878e-09  4.60006411e-01  4.60006411e-01  3.29014121e-09  3.32461847e-09  1.61625867e-07  4.05733971e-08  1.54000000e+00 
 1.55000000e+00  4.60006423e-01  4.60006423e-01  3.23081878e-09  4.60006423e-01  4.60006423e-01  3.29014122e-09  3.32461847e-09  1.61625888e-07  4.05729708e-08  1.55000000e+00 
 1.56000000e+00  4.60006400e-01  4.60006400e-01  3.23081878e-09  4.60006400e-01  4.60006400e-01  3.29014121e-09  3.32461847e-09  1.61625855e-07  4.05724023e-08  1.56000000e+00 
 1.57000000e+00  4.60006418e-01  4.60006419e-01  3.23081878e-09  4.60006418e-01  4.60006418e-01  3.29014127e-09  3.32461841e-09  1.61625876e-07  4.05717770e-08  1.57000000e+00 
 1.58000000e+00  4.60006405e-01  4.60006405e-01  3.23081878e-09  4.60006405e-01  4.60006405e-01  3.29014120e-09  3.32461847e-09  1.61625862e-07  4.05711091e-08  1.58000000e+00 
 1.59000000e+00  4.60006400e-01  4.60006400e-01  3.23081878e-09  4.60006400e-01  4.60006400e-01  3.29014122e-09  3.32461841e-09  1.61625844e-07  4.05696738e-08  1.59000000e+00 
 1.60000000e+00  4.60006392e-01  4.60006392e-01  3.23081878e-09  4.60006392e-01  4.60006392e-01  3.29014121e-09  3.32461847e-09  1.61625836e-07  4.05677696e-08  1.60000000e+00 
 1.61000000e+00  4.60006422e-01  4.60006422e-01  3.23081878e-09  4.60006422e-01  4.60006422e-01  3.29014121e-09  3.32461841e-09  1.61625872e-07  4.05648279e-08  1.61000000e+00 
 1.62000000e+00  4.60006407e-01  4.60006407e-01  3.23081878e-09  4.60006407e-01  4.60006407e-01  3.29014127e-09  3.32461847e-09  1.61625861e-07  4.05595841e-08  1.62000000e+00 
 1.63000000e+00  4.60006401e-01  4.60006401e-01  3.23081878e-09  4.60006401e-01  4.60006401e-01  3.29014126e-09  3.32461847e-09  1.61625843e-07  4.05503755e-08  1.63000000e+00 
 1.64000000e+00  4.60006410e-01  4.60006410e-01  3.23081878e-09  4.60006410e-01  4.60006410e-01  3.29014126e-09  3.32461847e-09  1.61625858e-07  4.05338483e-08  1.64000000e+00 
 1.65000000e+00  4.60006403e-01  4.60006403e-01  3.23081878e-09  4.60006403e-01  4.60006403e-01  3.29014126e-09  3.32461847e-09  1.61625842e-07  4.05023428e-08  1.65000000e+00 
 1.66000000e+00  4.60006407e-01  4.60006407e-01  3.23081878e-09  4.60006407e-01  4.60006407e-01  3.29014126e-09  3.32461841e-09  1.61625847e-07  4.04397298e-08  1.66000000e+00 
 1.67000000e+00  4.60006412e-01  4.60006412e-01  3.23081878e-09  4.60006412e-01  4.60006412e-01  3.29014126e-09  3.32461847e-09  1.61625847e-07  4.02225737e-08  1.67000000e+00 
 1.68000000e+00  4.60006401e-01  4.60006401e-01  3.23081878e-09  4.60006401e-01  4.60006401e-01  3.29014127e-09  3.32461847e-09  1.61625844e-07  3.89052275e-08  1.68000000e+00 
 1.69000000e+00  4.60006404e-01  4.60006404e-01  3.23081878e-09  4.60006404e-01  4.60006404e-01  3.29014127e-09  3.32461841e-09  1.61625852e-07  3.50742511e-08  1.69000000e+00 
 1.70000000e+00  4.60006421e-01  4.60006421e-01  3.23081878e-09  4.60006421e-01  4.60006421e-01  3.29014126e-09  3.32461847e-09  1.61625867e-07  2.74953749e-08  1.70000000e+00 
 1.71000000e+00  4.60006392e-01  4.60006392e-01  3.23081878e-09  4.60006392e-01  4.60006392e-01  3.29014121e-09  3.32461847e-09  1.61625840e-07  2.12847198e-08  1.71000000e+00 
 1.72000000e+00  4.60006417e-01  4.60006417e-01  3.23081878e-09  4.60006417e-01  4.60006417e-01  3.29014126e-09  3.32461841e-09  1.61625875e-07  1.62105920e-08  1.72000000e+00 
 1.73000000e+00  4.60006416e-01  4.60006416e-01  3.23081878e-09  4.60006416e-01  4.60006416e-01  3.29014126e-09  3.32461847e-09  1.61625874e-07  1.20717090e-08  1.73000000e+00 
 1.74000000e+00  4.60006407e-01  4.60006407e-01  3.23081878e-09  4.60006407e-01  4.60006407e-01  3.29014126e-09  3.32461847e-09  1.61625855e-07  8.69307826e-09  1.74000000e+00 
 1.75000000e+00  4.60006413e-01  4.60006414e-01  3.23081878e-09  4.60006413e-01  4.60006413e-01  3.29014126e-09  3.32461847e-09  1.61625861e-07  5.92304161e-09  1.75000000e+00 
 1.76000000e+00  4.60006411e-01  4.60006411e-01  3.23081878e-09  4.60006411e-01  4.60006411e-01  3.29014121e-09  3.32461847e-09  1.61625859e-07  3.63181130e-09  1.76000000e+00 
 1.77000000e+00  4.60006418e-01  4.60006418e-01  3.23081878e-09  4.60006417e-01  4.60006417e-01  3.29014122e-09  3.32461847e-09  1.61625857e-07  1.71746706e-09  1.77000000e+00 
 1.78000000e+00  4.60006419e-01  4.60006419e-01  3.23081883e-09  4.60006418e-01  4.60006419e-01  3.29014127e-09  3.32461841e-09  1.61625861e-07  1.17921672e-10  1.78000000e+00 
 1.79000000e+00  4.60006410e-01  4.60006410e-01  3.23081878e-09  4.60006410e-01  4.60006410e-01  3.29014120e-09  3.32461847e-09  1.61625865e-07 -1.18667742e-09  1.79000000e+00 
 1.80000000e+00  4.60006404e-01  4.60006404e-01  3.23081878e-09  4.60006404e-01  4.60006404e-01  3.29014122e-09  3.32461847e-09  1.61625860e-07 -2.19482388e-09  1.80000000e+00 
