 v-sweep         v(b0)           v(b1)           v(b2)           v(b3)           v(b4)           v(b5)           v(b6)           i(vbias)        i(viout)        v(vout)        
 0.00000000e+00  3.50616073e-09  3.41908699e-09  4.58587665e-01  4.58587665e-01  3.10222782e-09  4.58587665e-01  4.58587665e-01  1.59490579e-07  1.64404986e-07  0.00000000e+00 
 1.00000000e-02  3.50616073e-09  3.41908693e-09  4.58587683e-01  4.58587684e-01  3.10222782e-09  4.58587683e-01  4.58587684e-01  1.59490617e-07  1.64404634e-07  1.00000000e-02 
 2.00000000e-02  3.50616073e-09  3.41908693e-09  4.58587657e-01  4.58587657e-01  3.10222782e-09  4.58587657e-01  4.58587657e-01  1.59490571e-07  1.64404090e-07  2.00000000e-02 
 3.00000000e-02  3.50616067e-09  3.41908693e-09  4.58587654e-01  4.58587654e-01  3.10222782e-09  4.58587654e-01  4.58587654e-01  1.59490560e-07  1.64403541e-07  3.00000000e-02 
 4.00000000e-02  3.50616067e-09  3.41908699e-09  4.58587663e-01  4.58587663e-01  3.10222782e-09  4.58587663e-01  4.58587663e-01  1.59490578e-07  1.64403184e-07  4.00000000e-02 
 5.00000000e-02  3.50616073e-09  3.41908698e-09  4.58587649e-01  4.58587649e-01  3.10222782e-09  4.58587649e-01  4.58587649e-01  1.59490559e-07  1.64402850e-07  5.00000000e-02 
 6.00000000e-02  3.50616073e-09  3.41908699e-09  4.58587666e-01  4.58587666e-01  3.10222782e-09  4.58587666e-01  4.58587666e-01  1.59490585e-07  1.64402504e-07  6.00000000e-02 
 7.00000000e-02  3.50616073e-09  3.41908693e-09  4.58587676e-01  4.58587676e-01  3.10222776e-09  4.58587676e-01  4.58587676e-01  1.59490599e-07  1.64402184e-07  7.00000000e-02 
 8.00000000e-02  3.50616067e-09  3.41908699e-09  4.58587661e-01  4.58587661e-01  3.10222783e-09  4.58587661e-01  4.58587661e-01  1.59490582e-07  1.64401743e-07  8.00000000e-02 
 9.00000000e-02  3.50616067e-09  3.41908699e-09  4.58587664e-01  4.58587664e-01  3.10222781e-09  4.58587664e-01  4.58587664e-01  1.59490590e-07  1.64401457e-07  9.00000000e-02 
 1.00000000e-01  3.50616067e-09  3.41908693e-09  4.58587668e-01  4.58587668e-01  3.10222782e-09  4.58587668e-01  4.58587668e-01  1.59490594e-07  1.64401183e-07  1.00000000e-01 
 1.10000000e-01  3.50616067e-09  3.41908699e-09  4.58587654e-01  4.58587655e-01  3.10222782e-09  4.58587654e-01  4.58587655e-01  1.59490556e-07  1.64400768e-07  1.10000000e-01 
 1.20000000e-01  3.50616067e-09  3.41908699e-09  4.58587661e-01  4.58587662e-01  3.10222782e-09  4.58587661e-01  4.58587662e-01  1.59490569e-07  1.64400442e-07  1.20000000e-01 
 1.30000000e-01  3.50616068e-09  3.41908699e-09  4.58587674e-01  4.58587675e-01  3.10222782e-09  4.58587674e-01  4.58587675e-01  1.59490608e-07  1.64400275e-07  1.30000000e-01 
 1.40000000e-01  3.50616068e-09  3.41908693e-09  4.58587674e-01  4.58587674e-01  3.10222782e-09  4.58587674e-01  4.58587674e-01  1.59490609e-07  1.64400006e-07  1.40000000e-01 
 1.50000000e-01  3.50616073e-09  3.41908693e-09  4.58587679e-01  4.58587679e-01  3.10222782e-09  4.58587679e-01  4.58587679e-01  1.59490590e-07  1.64399705e-07  1.50000000e-01 
 1.60000000e-01  3.50616068e-09  3.41908699e-09  4.58587674e-01  4.58587674e-01  3.10222782e-09  4.58587674e-01  4.58587674e-01  1.59490602e-07  1.64399561e-07  1.60000000e-01 
 1.70000000e-01  3.50616073e-09  3.41908693e-09  4.58587664e-01  4.58587664e-01  3.10222782e-09  4.58587664e-01  4.58587664e-01  1.59490596e-07  1.64399196e-07  1.70000000e-01 
 1.80000000e-01  3.50616067e-09  3.41908699e-09  4.58587670e-01  4.58587670e-01  3.10222782e-09  4.58587670e-01  4.58587670e-01  1.59490578e-07  1.64398921e-07  1.80000000e-01 
 1.90000000e-01  3.50616067e-09  3.41908699e-09  4.58587665e-01  4.58587666e-01  3.10222782e-09  4.58587665e-01  4.58587666e-01  1.59490579e-07  1.64398834e-07  1.90000000e-01 
 2.00000000e-01  3.50616073e-09  3.41908693e-09  4.58587670e-01  4.58587670e-01  3.10222782e-09  4.58587670e-01  4.58587670e-01  1.59490601e-07  1.64398685e-07  2.00000000e-01 
 2.10000000e-01  3.50616067e-09  3.41908693e-09  4.58587659e-01  4.58587659e-01  3.10222782e-09  4.58587659e-01  4.58587659e-01  1.59490567e-07  1.64398386e-07  2.10000000e-01 
 2.20000000e-01  3.50616073e-09  3.41908693e-09  4.58587670e-01  4.58587671e-01  3.10222782e-09  4.58587670e-01  4.58587671e-01  1.59490579e-07  1.64398180e-07  2.20000000e-01 
 2.30000000e-01  3.50616073e-09  3.41908699e-09  4.58587687e-01  4.58587687e-01  3.10222782e-09  4.58587687e-01  4.58587687e-01  1.59490612e-07  1.64398076e-07  2.30000000e-01 
 2.40000000e-01  3.50616068e-09  3.41908698e-09  4.58587687e-01  4.58587687e-01  3.10222782e-09  4.58587687e-01  4.58587687e-01  1.59490619e-07  1.64397946e-07  2.40000000e-01 
 2.50000000e-01  3.50616073e-09  3.41908699e-09  4.58587663e-01  4.58587663e-01  3.10222782e-09  4.58587663e-01  4.58587663e-01  1.59490580e-07  1.64397532e-07  2.50000000e-01 
 2.60000000e-01  3.50616068e-09  3.41908698e-09  4.58587679e-01  4.58587679e-01  3.10222782e-09  4.58587679e-01  4.58587679e-01  1.59490598e-07  1.64397539e-07  2.60000000e-01 
 2.70000000e-01  3.50616073e-09  3.41908693e-09  4.58587642e-01  4.58587642e-01  3.10222782e-09  4.58587642e-01  4.58587642e-01  1.59490537e-07  1.64397095e-07  2.70000000e-01 
 2.80000000e-01  3.50616073e-09  3.41908693e-09  4.58587685e-01  4.58587685e-01  3.10222782e-09  4.58587685e-01  4.58587685e-01  1.59490615e-07  1.64397138e-07  2.80000000e-01 
 2.90000000e-01  3.50616073e-09  3.41908693e-09  4.58587651e-01  4.58587651e-01  3.10222782e-09  4.58587651e-01  4.58587651e-01  1.59490565e-07  1.64396898e-07  2.90000000e-01 
 3.00000000e-01  3.50616073e-09  3.41908699e-09  4.58587654e-01  4.58587654e-01  3.10222782e-09  4.58587654e-01  4.58587654e-01  1.59490557e-07  1.64396678e-07  3.00000000e-01 
 3.10000000e-01  3.50616073e-09  3.41908699e-09  4.58587664e-01  4.58587664e-01  3.10222776e-09  4.58587664e-01  4.58587664e-01  1.59490573e-07  1.64396589e-07  3.10000000e-01 
 3.20000000e-01  3.50616073e-09  3.41908693e-09  4.58587667e-01  4.58587667e-01  3.10222783e-09  4.58587667e-01  4.58587667e-01  1.59490588e-07  1.64396454e-07  3.20000000e-01 
 3.30000000e-01  3.50616073e-09  3.41908693e-09  4.58587664e-01  4.58587665e-01  3.10222781e-09  4.58587664e-01  4.58587665e-01  1.59490569e-07  1.64396265e-07  3.30000000e-01 
 3.40000000e-01  3.50616067e-09  3.41908699e-09  4.58587656e-01  4.58587656e-01  3.10222782e-09  4.58587656e-01  4.58587656e-01  1.59490575e-07  1.64396088e-07  3.40000000e-01 
 3.50000000e-01  3.50616068e-09  3.41908693e-09  4.58587677e-01  4.58587677e-01  3.10222782e-09  4.58587677e-01  4.58587677e-01  1.59490590e-07  1.64395978e-07  3.50000000e-01 
 3.60000000e-01  3.50616073e-09  3.41908693e-09  4.58587657e-01  4.58587657e-01  3.10222782e-09  4.58587657e-01  4.58587657e-01  1.59490564e-07  1.64395733e-07  3.60000000e-01 
 3.70000000e-01  3.50616067e-09  3.41908699e-09  4.58587670e-01  4.58587670e-01  3.10222782e-09  4.58587670e-01  4.58587670e-01  1.59490582e-07  1.64395662e-07  3.70000000e-01 
 3.80000000e-01  3.50616073e-09  3.41908693e-09  4.58587677e-01  4.58587677e-01  3.10222782e-09  4.58587677e-01  4.58587677e-01  1.59490592e-07  1.64395505e-07  3.80000000e-01 
 3.90000000e-01  3.50616068e-09  3.41908699e-09  4.58587691e-01  4.58587691e-01  3.10222782e-09  4.58587691e-01  4.58587691e-01  1.59490604e-07  1.64395519e-07  3.90000000e-01 
 4.00000000e-01  3.50616073e-09  3.41908692e-09  4.58587663e-01  4.58587663e-01  3.10222782e-09  4.58587663e-01  4.58587663e-01  1.59490581e-07  1.64395281e-07  4.00000000e-01 
 4.10000000e-01  3.50616067e-09  3.41908693e-09  4.58587650e-01  4.58587650e-01  3.10222782e-09  4.58587650e-01  4.58587650e-01  1.59490559e-07  1.64395068e-07  4.10000000e-01 
 4.20000000e-01  3.50616067e-09  3.41908699e-09  4.58587670e-01  4.58587670e-01  3.10222776e-09  4.58587670e-01  4.58587670e-01  1.59490596e-07  1.64394915e-07  4.20000000e-01 
 4.30000000e-01  3.50616067e-09  3.41908693e-09  4.58587659e-01  4.58587659e-01  3.10222783e-09  4.58587659e-01  4.58587659e-01  1.59490576e-07  1.64394869e-07  4.30000000e-01 
 4.40000000e-01  3.50616067e-09  3.41908693e-09  4.58587654e-01  4.58587654e-01  3.10222781e-09  4.58587654e-01  4.58587654e-01  1.59490548e-07  1.64394670e-07  4.40000000e-01 
 4.50000000e-01  3.50616067e-09  3.41908693e-09  4.58587667e-01  4.58587668e-01  3.10222782e-09  4.58587667e-01  4.58587668e-01  1.59490593e-07  1.64394585e-07  4.50000000e-01 
 4.60000000e-01  3.50616068e-09  3.41908699e-09  4.58587689e-01  4.58587689e-01  3.10222782e-09  4.58587689e-01  4.58587689e-01  1.59490609e-07  1.64394489e-07  4.60000000e-01 
 4.70000000e-01  3.50616073e-09  3.41908697e-09  4.58587666e-01  4.58587667e-01  3.10222782e-09  4.58587666e-01  4.58587667e-01  1.59490596e-07  1.64394354e-07  4.70000000e-01 
 4.80000000e-01  3.50616067e-09  3.41908694e-09  4.58587669e-01  4.58587669e-01  3.10222782e-09  4.58587669e-01  4.58587669e-01  1.59490580e-07  1.64394045e-07  4.80000000e-01 
 4.90000000e-01  3.50616073e-09  3.41908693e-09  4.58587645e-01  4.58587645e-01  3.10222782e-09  4.58587645e-01  4.58587645e-01  1.59490547e-07  1.64393896e-07  4.90000000e-01 
 5.00000000e-01  3.50616068e-09  3.41908693e-09  4.58587681e-01  4.58587681e-01  3.10222782e-09  4.58587681e-01  4.58587681e-01  1.59490615e-07  1.64393999e-07  5.00000000e-01 
 5.10000000e-01  3.50616068e-09  3.41908693e-09  4.58587688e-01  4.58587688e-01  3.10222782e-09  4.58587688e-01  4.58587688e-01  1.59490608e-07  1.64393843e-07  5.10000000e-01 
 5.20000000e-01  3.50616073e-09  3.41908693e-09  4.58587670e-01  4.58587670e-01  3.10222782e-09  4.58587670e-01  4.58587670e-01  1.59490589e-07  1.64393708e-07  5.20000000e-01 
 5.30000000e-01  3.50616073e-09  3.41908693e-09  4.58587656e-01  4.58587656e-01  3.10222782e-09  4.58587656e-01  4.58587656e-01  1.59490573e-07  1.64393480e-07  5.30000000e-01 
 5.40000000e-01  3.50616073e-09  3.41908693e-09  4.58587676e-01  4.58587676e-01  3.10222782e-09  4.58587676e-01  4.58587676e-01  1.59490592e-07  1.64393530e-07  5.40000000e-01 
 5.50000000e-01  3.50616067e-09  3.41908693e-09  4.58587660e-01  4.58587660e-01  3.10222782e-09  4.58587660e-01  4.58587660e-01  1.59490566e-07  1.64393235e-07  5.50000000e-01 
 5.60000000e-01  3.50616073e-09  3.41908699e-09  4.58587667e-01  4.58587668e-01  3.10222776e-09  4.58587667e-01  4.58587668e-01  1.59490580e-07  1.64393253e-07  5.60000000e-01 
 5.70000000e-01  3.50616067e-09  3.41908693e-09  4.58587655e-01  4.58587655e-01  3.10222783e-09  4.58587655e-01  4.58587655e-01  1.59490565e-07  1.64393025e-07  5.70000000e-01 
 5.80000000e-01  3.50616073e-09  3.41908693e-09  4.58587680e-01  4.58587680e-01  3.10222781e-09  4.58587680e-01  4.58587680e-01  1.59490605e-07  1.64392965e-07  5.80000000e-01 
 5.90000000e-01  3.50616073e-09  3.41908699e-09  4.58587667e-01  4.58587668e-01  3.10222782e-09  4.58587667e-01  4.58587668e-01  1.59490587e-07  1.64392794e-07  5.90000000e-01 
 6.00000000e-01  3.50616073e-09  3.41908699e-09  4.58587664e-01  4.58587664e-01  3.10222782e-09  4.58587664e-01  4.58587664e-01  1.59490576e-07  1.64392659e-07  6.00000000e-01 
 6.10000000e-01  3.50616068e-09  3.41908693e-09  4.58587684e-01  4.58587684e-01  3.10222782e-09  4.58587684e-01  4.58587684e-01  1.59490621e-07  1.64392688e-07  6.10000000e-01 
 6.20000000e-01  3.50616067e-09  3.41908693e-09  4.58587647e-01  4.58587647e-01  3.10222782e-09  4.58587647e-01  4.58587647e-01  1.59490552e-07  1.64392418e-07  6.20000000e-01 
 6.30000000e-01  3.50616073e-09  3.41908693e-09  4.58587665e-01  4.58587665e-01  3.10222782e-09  4.58587665e-01  4.58587665e-01  1.59490590e-07  1.64392326e-07  6.30000000e-01 
 6.40000000e-01  3.50616073e-09  3.41908693e-09  4.58587681e-01  4.58587681e-01  3.10222782e-09  4.58587681e-01  4.58587681e-01  1.59490611e-07  1.64392354e-07  6.40000000e-01 
 6.50000000e-01  3.50616073e-09  3.41908699e-09  4.58587657e-01  4.58587657e-01  3.10222782e-09  4.58587657e-01  4.58587657e-01  1.59490572e-07  1.64392041e-07  6.50000000e-01 
 6.60000000e-01  3.50616073e-09  3.41908699e-09  4.58587674e-01  4.58587675e-01  3.10222782e-09  4.58587674e-01  4.58587675e-01  1.59490594e-07  1.64392034e-07  6.60000000e-01 
 6.70000000e-01  3.50616067e-09  3.41908693e-09  4.58587667e-01  4.58587667e-01  3.10222782e-09  4.58587667e-01  4.58587667e-01  1.59490585e-07  1.64391786e-07  6.70000000e-01 
 6.80000000e-01  3.50616073e-09  3.41908699e-09  4.58587678e-01  4.58587678e-01  3.10222782e-09  4.58587678e-01  4.58587678e-01  1.59490597e-07  1.64391857e-07  6.80000000e-01 
 6.90000000e-01  3.50616073e-09  3.41908697e-09  4.58587660e-01  4.58587661e-01  3.10222782e-09  4.58587660e-01  4.58587661e-01  1.59490559e-07  1.64391508e-07  6.90000000e-01 
 7.00000000e-01  3.50616067e-09  3.41908694e-09  4.58587666e-01  4.58587666e-01  3.10222782e-09  4.58587666e-01  4.58587666e-01  1.59490578e-07  1.64391423e-07  7.00000000e-01 
 7.10000000e-01  3.50616073e-09  3.41908693e-09  4.58587665e-01  4.58587665e-01  3.10222776e-09  4.58587665e-01  4.58587665e-01  1.59490583e-07  1.64391309e-07  7.10000000e-01 
 7.20000000e-01  3.50616073e-09  3.41908699e-09  4.58587658e-01  4.58587658e-01  3.10222783e-09  4.58587658e-01  4.58587658e-01  1.59490583e-07  1.64391196e-07  7.20000000e-01 
 7.30000000e-01  3.50616073e-09  3.41908699e-09  4.58587683e-01  4.58587683e-01  3.10222781e-09  4.58587683e-01  4.58587683e-01  1.59490599e-07  1.64391246e-07  7.30000000e-01 
 7.40000000e-01  3.50616073e-09  3.41908698e-09  4.58587672e-01  4.58587672e-01  3.10222782e-09  4.58587672e-01  4.58587672e-01  1.59490588e-07  1.64391032e-07  7.40000000e-01 
 7.50000000e-01  3.50616073e-09  3.41908699e-09  4.58587674e-01  4.58587674e-01  3.10222782e-09  4.58587674e-01  4.58587674e-01  1.59490606e-07  1.64390947e-07  7.50000000e-01 
 7.60000000e-01  3.50616073e-09  3.41908698e-09  4.58587668e-01  4.58587668e-01  3.10222782e-09  4.58587668e-01  4.58587668e-01  1.59490598e-07  1.64390642e-07  7.60000000e-01 
 7.70000000e-01  3.50616067e-09  3.41908694e-09  4.58587668e-01  4.58587668e-01  3.10222776e-09  4.58587668e-01  4.58587668e-01  1.59490588e-07  1.64390691e-07  7.70000000e-01 
 7.80000000e-01  3.50616067e-09  3.41908693e-09  4.58587658e-01  4.58587659e-01  3.10222783e-09  4.58587658e-01  4.58587659e-01  1.59490570e-07  1.64390428e-07  7.80000000e-01 
 7.90000000e-01  3.50616073e-09  3.41908699e-09  4.58587689e-01  4.58587689e-01  3.10222781e-09  4.58587689e-01  4.58587689e-01  1.59490622e-07  1.64390343e-07  7.90000000e-01 
 8.00000000e-01  3.50616068e-09  3.41908698e-09  4.58587678e-01  4.58587678e-01  3.10222782e-09  4.58587678e-01  4.58587678e-01  1.59490587e-07  1.64390201e-07  8.00000000e-01 
 8.10000000e-01  3.50616068e-09  3.41908694e-09  4.58587673e-01  4.58587673e-01  3.10222776e-09  4.58587673e-01  4.58587673e-01  1.59490604e-07  1.64389952e-07  8.10000000e-01 
 8.20000000e-01  3.50616073e-09  3.41908699e-09  4.58587667e-01  4.58587668e-01  3.10222783e-09  4.58587667e-01  4.58587668e-01  1.59490584e-07  1.64389924e-07  8.20000000e-01 
 8.30000000e-01  3.50616073e-09  3.41908693e-09  4.58587656e-01  4.58587656e-01  3.10222781e-09  4.58587656e-01  4.58587656e-01  1.59490567e-07  1.64389782e-07  8.30000000e-01 
 8.40000000e-01  3.50616073e-09  3.41908693e-09  4.58587650e-01  4.58587650e-01  3.10222776e-09  4.58587650e-01  4.58587650e-01  1.59490551e-07  1.64389668e-07  8.40000000e-01 
 8.50000000e-01  3.50616073e-09  3.41908699e-09  4.58587659e-01  4.58587659e-01  3.10222783e-09  4.58587659e-01  4.58587659e-01  1.59490560e-07  1.64389597e-07  8.50000000e-01 
 8.60000000e-01  3.50616067e-09  3.41908699e-09  4.58587659e-01  4.58587659e-01  3.10222781e-09  4.58587659e-01  4.58587659e-01  1.59490562e-07  1.64389419e-07  8.60000000e-01 
 8.70000000e-01  3.50616073e-09  3.41908693e-09  4.58587661e-01  4.58587661e-01  3.10222776e-09  4.58587661e-01  4.58587661e-01  1.59490575e-07  1.64389292e-07  8.70000000e-01 
 8.80000000e-01  3.50616067e-09  3.41908699e-09  4.58587668e-01  4.58587668e-01  3.10222777e-09  4.58587668e-01  4.58587668e-01  1.59490586e-07  1.64389164e-07  8.80000000e-01 
 8.90000000e-01  3.50616073e-09  3.41908699e-09  4.58587672e-01  4.58587673e-01  3.10222782e-09  4.58587672e-01  4.58587673e-01  1.59490596e-07  1.64388993e-07  8.90000000e-01 
 9.00000000e-01  3.50616068e-09  3.41908699e-09  4.58587684e-01  4.58587685e-01  3.10222781e-09  4.58587684e-01  4.58587685e-01  1.59490613e-07  1.64388915e-07  9.00000000e-01 
 9.10000000e-01  3.50616073e-09  3.41908698e-09  4.58587674e-01  4.58587674e-01  3.10222782e-09  4.58587674e-01  4.58587674e-01  1.59490587e-07  1.64388787e-07  9.10000000e-01 
 9.20000000e-01  3.50616073e-09  3.41908699e-09  4.58587658e-01  4.58587658e-01  3.10222782e-09  4.58587658e-01  4.58587658e-01  1.59490582e-07  1.64388588e-07  9.20000000e-01 
 9.30000000e-01  3.50616073e-09  3.41908697e-09  4.58587663e-01  4.58587663e-01  3.10222776e-09  4.58587663e-01  4.58587663e-01  1.59490565e-07  1.64388410e-07  9.30000000e-01 
 9.40000000e-01  3.50616073e-09  3.41908693e-09  4.58587645e-01  4.58587645e-01  3.10222783e-09  4.58587645e-01  4.58587645e-01  1.59490551e-07  1.64388169e-07  9.40000000e-01 
 9.50000000e-01  3.50616073e-09  3.41908699e-09  4.58587657e-01  4.58587657e-01  3.10222781e-09  4.58587657e-01  4.58587657e-01  1.59490570e-07  1.64388084e-07  9.50000000e-01 
 9.60000000e-01  3.50616067e-09  3.41908699e-09  4.58587664e-01  4.58587665e-01  3.10222782e-09  4.58587664e-01  4.58587665e-01  1.59490589e-07  1.64388005e-07  9.60000000e-01 
 9.70000000e-01  3.50616073e-09  3.41908693e-09  4.58587667e-01  4.58587667e-01  3.10222782e-09  4.58587667e-01  4.58587667e-01  1.59490588e-07  1.64387821e-07  9.70000000e-01 
 9.80000000e-01  3.50616073e-09  3.41908699e-09  4.58587670e-01  4.58587670e-01  3.10222776e-09  4.58587670e-01  4.58587670e-01  1.59490589e-07  1.64387721e-07  9.80000000e-01 
 9.90000000e-01  3.50616073e-09  3.41908698e-09  4.58587650e-01  4.58587650e-01  3.10222783e-09  4.58587649e-01  4.58587650e-01  1.59490574e-07  1.64387437e-07  9.90000000e-01 
 1.00000000e+00  3.50616073e-09  3.41908698e-09  4.58587650e-01  4.58587650e-01  3.10222781e-09  4.58587650e-01  4.58587650e-01  1.59490554e-07  1.64387338e-07  1.00000000e+00 
 1.01000000e+00  3.50616068e-09  3.41908699e-09  4.58587674e-01  4.58587674e-01  3.10222782e-09  4.58587674e-01  4.58587674e-01  1.59490593e-07  1.64387281e-07  1.01000000e+00 
 1.02000000e+00  3.50616073e-09  3.41908693e-09  4.58587662e-01  4.58587662e-01  3.10222782e-09  4.58587662e-01  4.58587662e-01  1.59490572e-07  1.64386996e-07  1.02000000e+00 
 1.03000000e+00  3.50616068e-09  3.41908699e-09  4.58587673e-01  4.58587673e-01  3.10222782e-09  4.58587673e-01  4.58587673e-01  1.59490593e-07  1.64386876e-07  1.03000000e+00 
 1.04000000e+00  3.50616067e-09  3.41908699e-09  4.58587665e-01  4.58587665e-01  3.10222776e-09  4.58587665e-01  4.58587665e-01  1.59490574e-07  1.64386691e-07  1.04000000e+00 
 1.05000000e+00  3.50616073e-09  3.41908693e-09  4.58587653e-01  4.58587654e-01  3.10222783e-09  4.58587653e-01  4.58587654e-01  1.59490563e-07  1.64386513e-07  1.05000000e+00 
 1.06000000e+00  3.50616067e-09  3.41908699e-09  4.58587655e-01  4.58587655e-01  3.10222775e-09  4.58587655e-01  4.58587655e-01  1.59490555e-07  1.64386456e-07  1.06000000e+00 
 1.07000000e+00  3.50616068e-09  3.41908693e-09  4.58587676e-01  4.58587676e-01  3.10222777e-09  4.58587676e-01  4.58587676e-01  1.59490593e-07  1.64386343e-07  1.07000000e+00 
 1.08000000e+00  3.50616073e-09  3.41908693e-09  4.58587671e-01  4.58587671e-01  3.10222782e-09  4.58587671e-01  4.58587671e-01  1.59490589e-07  1.64386122e-07  1.08000000e+00 
 1.09000000e+00  3.50616067e-09  3.41908699e-09  4.58587661e-01  4.58587661e-01  3.10222781e-09  4.58587661e-01  4.58587661e-01  1.59490579e-07  1.64385995e-07  1.09000000e+00 
 1.10000000e+00  3.50616067e-09  3.41908698e-09  4.58587634e-01  4.58587634e-01  3.10222782e-09  4.58587634e-01  4.58587634e-01  1.59490518e-07  1.64385781e-07  1.10000000e+00 
 1.11000000e+00  3.50616068e-09  3.41908699e-09  4.58587692e-01  4.58587692e-01  3.10222782e-09  4.58587692e-01  4.58587692e-01  1.59490632e-07  1.64385753e-07  1.11000000e+00 
 1.12000000e+00  3.50616067e-09  3.41908692e-09  4.58587671e-01  4.58587671e-01  3.10222782e-09  4.58587671e-01  4.58587671e-01  1.59490589e-07  1.64385540e-07  1.12000000e+00 
 1.13000000e+00  3.50616073e-09  3.41908693e-09  4.58587646e-01  4.58587647e-01  3.10222782e-09  4.58587646e-01  4.58587647e-01  1.59490544e-07  1.64385170e-07  1.13000000e+00 
 1.14000000e+00  3.50616073e-09  3.41908699e-09  4.58587671e-01  4.58587671e-01  3.10222782e-09  4.58587671e-01  4.58587671e-01  1.59490599e-07  1.64385106e-07  1.14000000e+00 
 1.15000000e+00  3.50616073e-09  3.41908699e-09  4.58587655e-01  4.58587655e-01  3.10222782e-09  4.58587655e-01  4.58587655e-01  1.59490572e-07  1.64384922e-07  1.15000000e+00 
 1.16000000e+00  3.50616067e-09  3.41908693e-09  4.58587642e-01  4.58587643e-01  3.10222782e-09  4.58587642e-01  4.58587643e-01  1.59490545e-07  1.64384659e-07  1.16000000e+00 
 1.17000000e+00  3.50616067e-09  3.41908693e-09  4.58587649e-01  4.58587649e-01  3.10222776e-09  4.58587649e-01  4.58587649e-01  1.59490555e-07  1.64384531e-07  1.17000000e+00 
 1.18000000e+00  3.50616067e-09  3.41908693e-09  4.58587668e-01  4.58587669e-01  3.10222783e-09  4.58587668e-01  4.58587669e-01  1.59490581e-07  1.64384289e-07  1.18000000e+00 
 1.19000000e+00  3.50616073e-09  3.41908693e-09  4.58587667e-01  4.58587667e-01  3.10222781e-09  4.58587667e-01  4.58587667e-01  1.59490568e-07  1.64384176e-07  1.19000000e+00 
 1.20000000e+00  3.50616073e-09  3.41908699e-09  4.58587658e-01  4.58587658e-01  3.10222776e-09  4.58587658e-01  4.58587658e-01  1.59490577e-07  1.64383934e-07  1.20000000e+00 
 1.21000000e+00  3.50616073e-09  3.41908699e-09  4.58587653e-01  4.58587653e-01  3.10222783e-09  4.58587653e-01  4.58587653e-01  1.59490558e-07  1.64383607e-07  1.21000000e+00 
 1.22000000e+00  3.50616068e-09  3.41908693e-09  4.58587676e-01  4.58587676e-01  3.10222781e-09  4.58587676e-01  4.58587676e-01  1.59490594e-07  1.64383579e-07  1.22000000e+00 
 1.23000000e+00  3.50616073e-09  3.41908699e-09  4.58587667e-01  4.58587667e-01  3.10222776e-09  4.58587667e-01  4.58587667e-01  1.59490586e-07  1.64383337e-07  1.23000000e+00 
 1.24000000e+00  3.50616073e-09  3.41908699e-09  4.58587664e-01  4.58587664e-01  3.10222783e-09  4.58587664e-01  4.58587664e-01  1.59490565e-07  1.64383081e-07  1.24000000e+00 
 1.25000000e+00  3.50616067e-09  3.41908699e-09  4.58587654e-01  4.58587654e-01  3.10222775e-09  4.58587654e-01  4.58587654e-01  1.59490558e-07  1.64382783e-07  1.25000000e+00 
 1.26000000e+00  3.50616067e-09  3.41908699e-09  4.58587661e-01  4.58587661e-01  3.10222783e-09  4.58587661e-01  4.58587661e-01  1.59490583e-07  1.64382769e-07  1.26000000e+00 
 1.27000000e+00  3.50616073e-09  3.41908699e-09  4.58587666e-01  4.58587667e-01  3.10222781e-09  4.58587666e-01  4.58587667e-01  1.59490588e-07  1.64382442e-07  1.27000000e+00 
 1.28000000e+00  3.50616073e-09  3.41908693e-09  4.58587656e-01  4.58587656e-01  3.10222782e-09  4.58587656e-01  4.58587656e-01  1.59490576e-07  1.64382129e-07  1.28000000e+00 
 1.29000000e+00  3.50616067e-09  3.41908693e-09  4.58587658e-01  4.58587658e-01  3.10222776e-09  4.58587658e-01  4.58587658e-01  1.59490568e-07  1.64381945e-07  1.29000000e+00 
 1.30000000e+00  3.50616068e-09  3.41908699e-09  4.58587676e-01  4.58587676e-01  3.10222777e-09  4.58587676e-01  4.58587676e-01  1.59490592e-07  1.64381774e-07  1.30000000e+00 
 1.31000000e+00  3.50616067e-09  3.41908693e-09  4.58587668e-01  4.58587668e-01  3.10222777e-09  4.58587668e-01  4.58587668e-01  1.59490579e-07  1.64381333e-07  1.31000000e+00 
 1.32000000e+00  3.50616073e-09  3.41908699e-09  4.58587666e-01  4.58587666e-01  3.10222782e-09  4.58587666e-01  4.58587666e-01  1.59490591e-07  1.64381035e-07  1.32000000e+00 
 1.33000000e+00  3.50616073e-09  3.41908699e-09  4.58587662e-01  4.58587663e-01  3.10222781e-09  4.58587662e-01  4.58587663e-01  1.59490566e-07  1.64380779e-07  1.33000000e+00 
 1.34000000e+00  3.50616073e-09  3.41908699e-09  4.58587670e-01  4.58587670e-01  3.10222782e-09  4.58587670e-01  4.58587670e-01  1.59490583e-07  1.64380410e-07  1.34000000e+00 
 1.35000000e+00  3.50616073e-09  3.41908693e-09  4.58587666e-01  4.58587666e-01  3.10222776e-09  4.58587666e-01  4.58587666e-01  1.59490583e-07  1.64380054e-07  1.35000000e+00 
 1.36000000e+00  3.50616073e-09  3.41908693e-09  4.58587655e-01  4.58587655e-01  3.10222777e-09  4.58587655e-01  4.58587655e-01  1.59490573e-07  1.64379742e-07  1.36000000e+00 
 1.37000000e+00  3.50616073e-09  3.41908693e-09  4.58587668e-01  4.58587668e-01  3.10222782e-09  4.58587668e-01  4.58587668e-01  1.59490589e-07  1.64379273e-07  1.37000000e+00 
 1.38000000e+00  3.50616073e-09  3.41908698e-09  4.58587645e-01  4.58587645e-01  3.10222781e-09  4.58587645e-01  4.58587645e-01  1.59490552e-07  1.64378775e-07  1.38000000e+00 
 1.39000000e+00  3.50616073e-09  3.41908693e-09  4.58587660e-01  4.58587660e-01  3.10222782e-09  4.58587660e-01  4.58587660e-01  1.59490577e-07  1.64378392e-07  1.39000000e+00 
 1.40000000e+00  3.50616067e-09  3.41908693e-09  4.58587662e-01  4.58587662e-01  3.10222782e-09  4.58587662e-01  4.58587662e-01  1.59490574e-07  1.64377923e-07  1.40000000e+00 
 1.41000000e+00  3.50616073e-09  3.41908699e-09  4.58587655e-01  4.58587655e-01  3.10222782e-09  4.58587655e-01  4.58587655e-01  1.59490560e-07  1.64377241e-07  1.41000000e+00 
 1.42000000e+00  3.50616073e-09  3.41908693e-09  4.58587662e-01  4.58587662e-01  3.10222782e-09  4.58587662e-01  4.58587662e-01  1.59490558e-07  1.64376587e-07  1.42000000e+00 
 1.43000000e+00  3.50616073e-09  3.41908698e-09  4.58587648e-01  4.58587649e-01  3.10222776e-09  4.58587648e-01  4.58587649e-01  1.59490547e-07  1.64375834e-07  1.43000000e+00 
 1.44000000e+00  3.50616067e-09  3.41908693e-09  4.58587660e-01  4.58587660e-01  3.10222783e-09  4.58587660e-01  4.58587660e-01  1.59490570e-07  1.64375038e-07  1.44000000e+00 
 1.45000000e+00  3.50616067e-09  3.41908699e-09  4.58587654e-01  4.58587655e-01  3.10222781e-09  4.58587654e-01  4.58587655e-01  1.59490549e-07  1.64374114e-07  1.45000000e+00 
 1.46000000e+00  3.50616073e-09  3.41908699e-09  4.58587678e-01  4.58587678e-01  3.10222782e-09  4.58587678e-01  4.58587678e-01  1.59490590e-07  1.64372850e-07  1.46000000e+00 
 1.47000000e+00  3.50616067e-09  3.41908697e-09  4.58587649e-01  4.58587649e-01  3.10222776e-09  4.58587649e-01  4.58587649e-01  1.59490554e-07  1.64371357e-07  1.47000000e+00 
 1.48000000e+00  3.50616073e-09  3.41908694e-09  4.58587665e-01  4.58587666e-01  3.10222783e-09  4.58587665e-01  4.58587666e-01  1.59490595e-07  1.64369524e-07  1.48000000e+00 
 1.49000000e+00  3.50616073e-09  3.41908693e-09  4.58587673e-01  4.58587673e-01  3.10222781e-09  4.58587673e-01  4.58587673e-01  1.59490594e-07  1.64367066e-07  1.49000000e+00 
 1.50000000e+00  3.50616073e-09  3.41908699e-09  4.58587682e-01  4.58587682e-01  3.10222782e-09  4.58587682e-01  4.58587682e-01  1.59490609e-07  1.64363840e-07  1.50000000e+00 
 1.51000000e+00  3.50616073e-09  3.41908697e-09  4.58587661e-01  4.58587661e-01  3.10222776e-09  4.58587661e-01  4.58587661e-01  1.59490563e-07  1.64359136e-07  1.51000000e+00 
 1.52000000e+00  3.50616073e-09  3.41908693e-09  4.58587649e-01  4.58587649e-01  3.10222777e-09  4.58587648e-01  4.58587649e-01  1.59490551e-07  1.64352755e-07  1.52000000e+00 
 1.53000000e+00  3.50616073e-09  3.41908693e-09  4.58587652e-01  4.58587652e-01  3.10222782e-09  4.58587652e-01  4.58587652e-01  1.59490574e-07  1.64342993e-07  1.53000000e+00 
 1.54000000e+00  3.50616068e-09  3.41908693e-09  4.58587673e-01  4.58587674e-01  3.10222781e-09  4.58587673e-01  4.58587674e-01  1.59490597e-07  1.64327602e-07  1.54000000e+00 
 1.55000000e+00  3.50616067e-09  3.41908698e-09  4.58587648e-01  4.58587648e-01  3.10222782e-09  4.58587648e-01  4.58587648e-01  1.59490555e-07  1.64301596e-07  1.55000000e+00 
 1.56000000e+00  3.50616068e-09  3.41908699e-09  4.58587689e-01  4.58587689e-01  3.10222782e-09  4.58587689e-01  4.58587689e-01  1.59490625e-07  1.64255852e-07  1.56000000e+00 
 1.57000000e+00  3.50616073e-09  3.41908697e-09  4.58587667e-01  4.58587667e-01  3.10222776e-09  4.58587667e-01  4.58587667e-01  1.59490593e-07  1.64170345e-07  1.57000000e+00 
 1.58000000e+00  3.50616067e-09  3.41908699e-09  4.58587659e-01  4.58587659e-01  3.10222777e-09  4.58587659e-01  4.58587659e-01  1.59490569e-07  1.64004518e-07  1.58000000e+00 
 1.59000000e+00  3.50616073e-09  3.41908697e-09  4.58587649e-01  4.58587649e-01  3.10222777e-09  4.58587649e-01  4.58587649e-01  1.59490549e-07  1.63669924e-07  1.59000000e+00 
 1.60000000e+00  3.50616073e-09  3.41908699e-09  4.58587656e-01  4.58587656e-01  3.10222782e-09  4.58587656e-01  4.58587656e-01  1.59490571e-07  1.63000564e-07  1.60000000e+00 
 1.61000000e+00  3.50616073e-09  3.41908699e-09  4.58587668e-01  4.58587668e-01  3.10222782e-09  4.58587668e-01  4.58587668e-01  1.59490579e-07  1.61699063e-07  1.61000000e+00 
 1.62000000e+00  3.50616067e-09  3.41908693e-09  4.58587662e-01  4.58587662e-01  3.10222782e-09  4.58587662e-01  4.58587662e-01  1.59490573e-07  1.44390825e-07  1.62000000e+00 
 1.63000000e+00  3.50616073e-09  3.41908693e-09  4.58587675e-01  4.58587675e-01  3.10222782e-09  4.58587675e-01  4.58587675e-01  1.59490605e-07  1.21344101e-07  1.63000000e+00 
 1.64000000e+00  3.50616067e-09  3.41908692e-09  4.58587663e-01  4.58587664e-01  3.10222782e-09  4.58587663e-01  4.58587664e-01  1.59490572e-07  1.00659491e-07  1.64000000e+00 
 1.65000000e+00  3.50616073e-09  3.41908693e-09  4.58587652e-01  4.58587652e-01  3.10222782e-09  4.58587652e-01  4.58587652e-01  1.59490563e-07  8.25740329e-08  1.65000000e+00 
 1.66000000e+00  3.50616073e-09  3.41908699e-09  4.58587673e-01  4.58587673e-01  3.10222776e-09  4.58587673e-01  4.58587673e-01  1.59490592e-07  6.70973179e-08  1.66000000e+00 
 1.67000000e+00  3.50616067e-09  3.41908699e-09  4.58587670e-01  4.58587670e-01  3.10222783e-09  4.58587670e-01  4.58587670e-01  1.59490587e-07  5.40470353e-08  1.67000000e+00 
 1.68000000e+00  3.50616067e-09  3.41908699e-09  4.58587653e-01  4.58587653e-01  3.10222775e-09  4.58587653e-01  4.58587653e-01  1.59490568e-07  4.31652012e-08  1.68000000e+00 
 1.69000000e+00  3.50616067e-09  3.41908698e-09  4.58587651e-01  4.58587652e-01  3.10222783e-09  4.58587651e-01  4.58587652e-01  1.59490558e-07  3.41644153e-08  1.69000000e+00 
 1.70000000e+00  3.50616073e-09  3.41908693e-09  4.58587662e-01  4.58587662e-01  3.10222781e-09  4.58587662e-01  4.58587662e-01  1.59490578e-07  2.67622937e-08  1.70000000e+00 
 1.71000000e+00  3.50616067e-09  3.41908693e-09  4.58587670e-01  4.58587670e-01  3.10222782e-09  4.58587670e-01  4.58587670e-01  1.59490584e-07  2.07004689e-08  1.71000000e+00 
 1.72000000e+00  3.50616073e-09  3.41908699e-09  4.58587657e-01  4.58587657e-01  3.10222782e-09  4.58587657e-01  4.58587657e-01  1.59490572e-07  1.57506008e-08  1.72000000e+00 
 1.73000000e+00  3.50616073e-09  3.41908693e-09  4.58587675e-01  4.58587675e-01  3.10222782e-09  4.58587675e-01  4.58587675e-01  1.59490589e-07  1.17159402e-08  1.73000000e+00 
 1.74000000e+00  3.50616067e-09  3.41908699e-09  4.58587666e-01  4.58587667e-01  3.10222782e-09  4.58587666e-01  4.58587667e-01  1.59490576e-07  8.42510417e-09  1.74000000e+00 
 1.75000000e+00  3.50616067e-09  3.41908699e-09  4.58587658e-01  4.58587658e-01  3.10222782e-09  4.58587658e-01  4.58587658e-01  1.59490570e-07  5.73004399e-09  1.75000000e+00 
 1.76000000e+00  3.50616073e-09  3.41908699e-09  4.58587682e-01  4.58587683e-01  3.10222776e-09  4.58587682e-01  4.58587683e-01  1.59490601e-07  3.50377150e-09  1.76000000e+00 
 1.77000000e+00  3.50616067e-09  3.41908692e-09  4.58587667e-01  4.58587667e-01  3.10222783e-09  4.58587667e-01  4.58587667e-01  1.59490590e-07  1.64713754e-09  1.77000000e+00 
 1.78000000e+00  3.50616073e-09  3.41908694e-09  4.58587660e-01  4.58587660e-01  3.10222781e-09  4.58587660e-01  4.58587660e-01  1.59490573e-07  9.85949100e-11  1.78000000e+00 
 1.79000000e+00  3.50616067e-09  3.41908699e-09  4.58587661e-01  4.58587661e-01  3.10222782e-09  4.58587661e-01  4.58587661e-01  1.59490567e-07 -1.16153842e-09  1.79000000e+00 
 1.80000000e+00  3.50616073e-09  3.41908693e-09  4.58587668e-01  4.58587668e-01  3.10222776e-09  4.58587668e-01  4.58587668e-01  1.59490576e-07 -2.13296403e-09  1.80000000e+00 
