 v-sweep         v(b0)           v(b1)           v(b2)           v(b3)           v(b4)           v(b5)           v(b6)           i(vbias)        i(viout)        v(vout)        
 0.00000000e+00  3.09996964e-09  3.19745878e-09  4.57003553e-01  3.39607602e-09  3.40129841e-09  3.21884392e-09  3.42729489e-09  1.55098906e-07  5.98538326e-09  0.00000000e+00 
 1.00000000e-02  3.09996967e-09  3.19745875e-09  4.57003541e-01  3.39607599e-09  3.40129850e-09  3.21884389e-09  3.42729486e-09  1.55098894e-07  5.98498551e-09  1.00000000e-02 
 2.00000000e-02  3.09996967e-09  3.19745881e-09  4.57003565e-01  3.39607600e-09  3.40129849e-09  3.21884390e-09  3.42729492e-09  1.55098932e-07  5.98458660e-09  2.00000000e-02 
 3.00000000e-02  3.09996967e-09  3.19745881e-09  4.57003562e-01  3.39607594e-09  3.40129850e-09  3.21884394e-09  3.42729486e-09  1.55098928e-07  5.98432925e-09  3.00000000e-02 
 4.00000000e-02  3.09996967e-09  3.19745881e-09  4.57003540e-01  3.39607594e-09  3.40129844e-09  3.21884394e-09  3.42729486e-09  1.55098888e-07  5.98386851e-09  4.00000000e-02 
 5.00000000e-02  3.09996967e-09  3.19745881e-09  4.57003564e-01  3.39607600e-09  3.40129851e-09  3.21884394e-09  3.42729486e-09  1.55098933e-07  5.98346928e-09  5.00000000e-02 
 6.00000000e-02  3.09996967e-09  3.19745881e-09  4.57003566e-01  3.39607600e-09  3.40129844e-09  3.21884389e-09  3.42729492e-09  1.55098923e-07  5.98330496e-09  6.00000000e-02 
 7.00000000e-02  3.09996967e-09  3.19745881e-09  4.57003561e-01  3.39607600e-09  3.40129845e-09  3.21884390e-09  3.42729486e-09  1.55098934e-07  5.98299055e-09  7.00000000e-02 
 8.00000000e-02  3.09996967e-09  3.19745881e-09  4.57003575e-01  3.39607594e-09  3.40129845e-09  3.21884394e-09  3.42729486e-09  1.55098950e-07  5.98271299e-09  8.00000000e-02 
 9.00000000e-02  3.09996967e-09  3.19745881e-09  4.57003551e-01  3.39607600e-09  3.40129845e-09  3.21884394e-09  3.42729486e-09  1.55098911e-07  5.98235594e-09  9.00000000e-02 
 1.00000000e-01  3.09996967e-09  3.19745875e-09  4.57003560e-01  3.39607600e-09  3.40129845e-09  3.21884394e-09  3.42729486e-09  1.55098919e-07  5.98218541e-09  1.00000000e-01 
 1.10000000e-01  3.09996967e-09  3.19745875e-09  4.57003563e-01  3.39607600e-09  3.40129845e-09  3.21884394e-09  3.42729486e-09  1.55098943e-07  5.98194738e-09  1.10000000e-01 
 1.20000000e-01  3.09996967e-09  3.19745881e-09  4.57003563e-01  3.39607594e-09  3.40129845e-09  3.21884394e-09  3.42729486e-09  1.55098933e-07  5.98172356e-09  1.20000000e-01 
 1.30000000e-01  3.09996967e-09  3.19745881e-09  4.57003564e-01  3.39607600e-09  3.40129845e-09  3.21884394e-09  3.42729486e-09  1.55098935e-07  5.98141359e-09  1.30000000e-01 
 1.40000000e-01  3.09996967e-09  3.19745881e-09  4.57003554e-01  3.39607600e-09  3.40129845e-09  3.21884394e-09  3.42729486e-09  1.55098900e-07  5.98114802e-09  1.40000000e-01 
 1.50000000e-01  3.09996967e-09  3.19745881e-09  4.57003551e-01  3.39607600e-09  3.40129845e-09  3.21884394e-09  3.42729492e-09  1.55098915e-07  5.98101302e-09  1.50000000e-01 
 1.60000000e-01  3.09996967e-09  3.19745875e-09  4.57003561e-01  3.39607600e-09  3.40129845e-09  3.21884394e-09  3.42729486e-09  1.55098927e-07  5.98083183e-09  1.60000000e-01 
 1.70000000e-01  3.09996967e-09  3.19745881e-09  4.57003567e-01  3.39607600e-09  3.40129845e-09  3.21884394e-09  3.42729486e-09  1.55098947e-07  5.98057603e-09  1.70000000e-01 
 1.80000000e-01  3.09996972e-09  3.19745881e-09  4.57003560e-01  3.39607594e-09  3.40129845e-09  3.21884394e-09  3.42729486e-09  1.55098918e-07  5.98048899e-09  1.80000000e-01 
 1.90000000e-01  3.09996967e-09  3.19745875e-09  4.57003557e-01  3.39607600e-09  3.40129845e-09  3.21884389e-09  3.42729486e-09  1.55098917e-07  5.98025629e-09  1.90000000e-01 
 2.00000000e-01  3.09996967e-09  3.19745881e-09  4.57003575e-01  3.39607594e-09  3.40129845e-09  3.21884390e-09  3.42729492e-09  1.55098954e-07  5.98019056e-09  2.00000000e-01 
 2.10000000e-01  3.09996967e-09  3.19745875e-09  4.57003552e-01  3.39607594e-09  3.40129850e-09  3.21884394e-09  3.42729486e-09  1.55098913e-07  5.98000405e-09  2.10000000e-01 
 2.20000000e-01  3.09996967e-09  3.19745881e-09  4.57003560e-01  3.39607600e-09  3.40129844e-09  3.21884394e-09  3.42729486e-09  1.55098914e-07  5.97986549e-09  2.20000000e-01 
 2.30000000e-01  3.09996967e-09  3.19745881e-09  4.57003566e-01  3.39607594e-09  3.40129845e-09  3.21884389e-09  3.42729486e-09  1.55098943e-07  5.97970740e-09  2.30000000e-01 
 2.40000000e-01  3.09996967e-09  3.19745881e-09  4.57003552e-01  3.39607600e-09  3.40129845e-09  3.21884390e-09  3.42729486e-09  1.55098898e-07  5.97961858e-09  2.40000000e-01 
 2.50000000e-01  3.09996967e-09  3.19745881e-09  4.57003574e-01  3.39607600e-09  3.40129845e-09  3.21884388e-09  3.42729486e-09  1.55098953e-07  5.97953687e-09  2.50000000e-01 
 2.60000000e-01  3.09996967e-09  3.19745881e-09  4.57003580e-01  3.39607600e-09  3.40129845e-09  3.21884390e-09  3.42729486e-09  1.55098952e-07  5.97923844e-09  2.60000000e-01 
 2.70000000e-01  3.09996967e-09  3.19745881e-09  4.57003549e-01  3.39607600e-09  3.40129850e-09  3.21884388e-09  3.42729486e-09  1.55098901e-07  5.97919048e-09  2.70000000e-01 
 2.80000000e-01  3.09996967e-09  3.19745881e-09  4.57003572e-01  3.39607594e-09  3.40129844e-09  3.21884390e-09  3.42729486e-09  1.55098950e-07  5.97912120e-09  2.80000000e-01 
 2.90000000e-01  3.09996967e-09  3.19745881e-09  4.57003560e-01  3.39607594e-09  3.40129845e-09  3.21884394e-09  3.42729486e-09  1.55098934e-07  5.97899685e-09  2.90000000e-01 
 3.00000000e-01  3.09996967e-09  3.19745875e-09  4.57003570e-01  3.39607600e-09  3.40129845e-09  3.21884394e-09  3.42729486e-09  1.55098947e-07  5.97889027e-09  3.00000000e-01 
 3.10000000e-01  3.09996967e-09  3.19745881e-09  4.57003553e-01  3.39607600e-09  3.40129850e-09  3.21884389e-09  3.42729486e-09  1.55098910e-07  5.97882632e-09  3.10000000e-01 
 3.20000000e-01  3.09996972e-09  3.19745881e-09  4.57003571e-01  3.39607600e-09  3.40129849e-09  3.21884390e-09  3.42729486e-09  1.55098950e-07  5.97864869e-09  3.20000000e-01 
 3.30000000e-01  3.09996967e-09  3.19745875e-09  4.57003565e-01  3.39607600e-09  3.40129844e-09  3.21884394e-09  3.42729486e-09  1.55098932e-07  5.97873395e-09  3.30000000e-01 
 3.40000000e-01  3.09996967e-09  3.19745875e-09  4.57003564e-01  3.39607600e-09  3.40129845e-09  3.21884394e-09  3.42729486e-09  1.55098949e-07  5.97846039e-09  3.40000000e-01 
 3.50000000e-01  3.09996967e-09  3.19745875e-09  4.57003541e-01  3.39607594e-09  3.40129845e-09  3.21884394e-09  3.42729486e-09  1.55098891e-07  5.97846039e-09  3.50000000e-01 
 3.60000000e-01  3.09996967e-09  3.19745881e-09  4.57003567e-01  3.39607594e-09  3.40129845e-09  3.21884394e-09  3.42729492e-09  1.55098940e-07  5.97842842e-09  3.60000000e-01 
 3.70000000e-01  3.09996967e-09  3.19745881e-09  4.57003561e-01  3.39607600e-09  3.40129845e-09  3.21884394e-09  3.42729486e-09  1.55098935e-07  5.97826499e-09  3.70000000e-01 
 3.80000000e-01  3.09996967e-09  3.19745881e-09  4.57003555e-01  3.39607600e-09  3.40129850e-09  3.21884394e-09  3.42729486e-09  1.55098922e-07  5.97815486e-09  3.80000000e-01 
 3.90000000e-01  3.09996967e-09  3.19745881e-09  4.57003563e-01  3.39607600e-09  3.40129849e-09  3.21884394e-09  3.42729486e-09  1.55098933e-07  5.97806249e-09  3.90000000e-01 
 4.00000000e-01  3.09996967e-09  3.19745881e-09  4.57003566e-01  3.39607600e-09  3.40129844e-09  3.21884394e-09  3.42729486e-09  1.55098939e-07  5.97802341e-09  4.00000000e-01 
 4.10000000e-01  3.09996967e-09  3.19745881e-09  4.57003567e-01  3.39607600e-09  3.40129845e-09  3.21884394e-09  3.42729492e-09  1.55098942e-07  5.97799499e-09  4.10000000e-01 
 4.20000000e-01  3.09996967e-09  3.19745881e-09  4.57003560e-01  3.39607600e-09  3.40129845e-09  3.21884389e-09  3.42729486e-09  1.55098926e-07  5.97783512e-09  4.20000000e-01 
 4.30000000e-01  3.09996967e-09  3.19745881e-09  4.57003549e-01  3.39607600e-09  3.40129845e-09  3.21884396e-09  3.42729486e-09  1.55098914e-07  5.97780669e-09  4.30000000e-01 
 4.40000000e-01  3.09996967e-09  3.19745875e-09  4.57003563e-01  3.39607600e-09  3.40129845e-09  3.21884394e-09  3.42729492e-09  1.55098928e-07  5.97791328e-09  4.40000000e-01 
 4.50000000e-01  3.09996967e-09  3.19745875e-09  4.57003556e-01  3.39607600e-09  3.40129850e-09  3.21884394e-09  3.42729486e-09  1.55098920e-07  5.97758643e-09  4.50000000e-01 
 4.60000000e-01  3.09996967e-09  3.19745881e-09  4.57003546e-01  3.39607600e-09  3.40129849e-09  3.21884394e-09  3.42729492e-09  1.55098907e-07  5.97763261e-09  4.60000000e-01 
 4.70000000e-01  3.09996967e-09  3.19745875e-09  4.57003561e-01  3.39607600e-09  3.40129850e-09  3.21884394e-09  3.42729486e-09  1.55098923e-07  5.97754735e-09  4.70000000e-01 
 4.80000000e-01  3.09996967e-09  3.19745875e-09  4.57003547e-01  3.39607600e-09  3.40129844e-09  3.21884389e-09  3.42729486e-09  1.55098898e-07  5.97736971e-09  4.80000000e-01 
 4.90000000e-01  3.09996967e-09  3.19745881e-09  4.57003541e-01  3.39607600e-09  3.40129845e-09  3.21884390e-09  3.42729492e-09  1.55098892e-07  5.97744787e-09  4.90000000e-01 
 5.00000000e-01  3.09996967e-09  3.19745875e-09  4.57003552e-01  3.39607594e-09  3.40129845e-09  3.21884394e-09  3.42729486e-09  1.55098913e-07  5.97738392e-09  5.00000000e-01 
 5.10000000e-01  3.09996967e-09  3.19745875e-09  4.57003584e-01  3.39607600e-09  3.40129851e-09  3.21884389e-09  3.42729486e-09  1.55098965e-07  5.97730221e-09  5.10000000e-01 
 5.20000000e-01  3.09996967e-09  3.19745881e-09  4.57003568e-01  3.39607600e-09  3.40129844e-09  3.21884396e-09  3.42729486e-09  1.55098950e-07  5.97729866e-09  5.20000000e-01 
 5.30000000e-01  3.09996967e-09  3.19745881e-09  4.57003570e-01  3.39607600e-09  3.40129845e-09  3.21884394e-09  3.42729492e-09  1.55098943e-07  5.97720984e-09  5.30000000e-01 
 5.40000000e-01  3.09996972e-09  3.19745881e-09  4.57003574e-01  3.39607600e-09  3.40129845e-09  3.21884394e-09  3.42729486e-09  1.55098953e-07  5.97699668e-09  5.40000000e-01 
 5.50000000e-01  3.09996967e-09  3.19745875e-09  4.57003539e-01  3.39607600e-09  3.40129850e-09  3.21884394e-09  3.42729492e-09  1.55098889e-07  5.97696115e-09  5.50000000e-01 
 5.60000000e-01  3.09996967e-09  3.19745875e-09  4.57003566e-01  3.39607594e-09  3.40129844e-09  3.21884394e-09  3.42729486e-09  1.55098940e-07  5.97691496e-09  5.60000000e-01 
 5.70000000e-01  3.09996967e-09  3.19745875e-09  4.57003551e-01  3.39607594e-09  3.40129845e-09  3.21884394e-09  3.42729486e-09  1.55098912e-07  5.97688654e-09  5.70000000e-01 
 5.80000000e-01  3.09996967e-09  3.19745881e-09  4.57003552e-01  3.39607600e-09  3.40129845e-09  3.21884394e-09  3.42729486e-09  1.55098916e-07  5.97690075e-09  5.80000000e-01 
 5.90000000e-01  3.09996967e-09  3.19745875e-09  4.57003585e-01  3.39607600e-09  3.40129851e-09  3.21884395e-09  3.42729492e-09  1.55098980e-07  5.97682259e-09  5.90000000e-01 
 6.00000000e-01  3.09996967e-09  3.19745881e-09  4.57003577e-01  3.39607594e-09  3.40129844e-09  3.21884389e-09  3.42729492e-09  1.55098954e-07  5.97675154e-09  6.00000000e-01 
 6.10000000e-01  3.09996967e-09  3.19745881e-09  4.57003558e-01  3.39607594e-09  3.40129845e-09  3.21884396e-09  3.42729486e-09  1.55098925e-07  5.97678707e-09  6.10000000e-01 
 6.20000000e-01  3.09996967e-09  3.19745875e-09  4.57003565e-01  3.39607600e-09  3.40129845e-09  3.21884394e-09  3.42729486e-09  1.55098928e-07  5.97668759e-09  6.20000000e-01 
 6.30000000e-01  3.09996967e-09  3.19745881e-09  4.57003562e-01  3.39607600e-09  3.40129850e-09  3.21884394e-09  3.42729486e-09  1.55098921e-07  5.97660943e-09  6.30000000e-01 
 6.40000000e-01  3.09996967e-09  3.19745881e-09  4.57003575e-01  3.39607600e-09  3.40129849e-09  3.21884394e-09  3.42729486e-09  1.55098959e-07  5.97662364e-09  6.40000000e-01 
 6.50000000e-01  3.09996967e-09  3.19745875e-09  4.57003568e-01  3.39607600e-09  3.40129850e-09  3.21884389e-09  3.42729486e-09  1.55098927e-07  5.97655259e-09  6.50000000e-01 
 6.60000000e-01  3.09996967e-09  3.19745881e-09  4.57003577e-01  3.39607600e-09  3.40129844e-09  3.21884390e-09  3.42729486e-09  1.55098952e-07  5.97651706e-09  6.60000000e-01 
 6.70000000e-01  3.09996967e-09  3.19745881e-09  4.57003568e-01  3.39607594e-09  3.40129845e-09  3.21884394e-09  3.42729486e-09  1.55098931e-07  5.97643179e-09  6.70000000e-01 
 6.80000000e-01  3.09996967e-09  3.19745875e-09  4.57003557e-01  3.39607594e-09  3.40129845e-09  3.21884394e-09  3.42729486e-09  1.55098943e-07  5.97644600e-09  6.80000000e-01 
 6.90000000e-01  3.09996967e-09  3.19745875e-09  4.57003573e-01  3.39607600e-09  3.40129851e-09  3.21884389e-09  3.42729486e-09  1.55098936e-07  5.97631811e-09  6.90000000e-01 
 7.00000000e-01  3.09996967e-09  3.19745881e-09  4.57003544e-01  3.39607600e-09  3.40129849e-09  3.21884396e-09  3.42729492e-09  1.55098895e-07  5.97628258e-09  7.00000000e-01 
 7.10000000e-01  3.09996967e-09  3.19745875e-09  4.57003573e-01  3.39607600e-09  3.40129844e-09  3.21884394e-09  3.42729486e-09  1.55098943e-07  5.97616889e-09  7.10000000e-01 
 7.20000000e-01  3.09996967e-09  3.19745875e-09  4.57003551e-01  3.39607600e-09  3.40129845e-09  3.21884394e-09  3.42729486e-09  1.55098920e-07  5.97625416e-09  7.20000000e-01 
 7.30000000e-01  3.09996972e-09  3.19745875e-09  4.57003572e-01  3.39607600e-09  3.40129845e-09  3.21884394e-09  3.42729486e-09  1.55098946e-07  5.97619021e-09  7.30000000e-01 
 7.40000000e-01  3.09996967e-09  3.19745881e-09  4.57003559e-01  3.39607600e-09  3.40129845e-09  3.21884394e-09  3.42729486e-09  1.55098924e-07  5.97601968e-09  7.40000000e-01 
 7.50000000e-01  3.09996967e-09  3.19745881e-09  4.57003548e-01  3.39607600e-09  3.40129850e-09  3.21884389e-09  3.42729486e-09  1.55098916e-07  5.97602678e-09  7.50000000e-01 
 7.60000000e-01  3.09996967e-09  3.19745881e-09  4.57003557e-01  3.39607600e-09  3.40129849e-09  3.21884396e-09  3.42729486e-09  1.55098925e-07  5.97592020e-09  7.60000000e-01 
 7.70000000e-01  3.09996972e-09  3.19745881e-09  4.57003557e-01  3.39607600e-09  3.40129844e-09  3.21884394e-09  3.42729486e-09  1.55098917e-07  5.97585625e-09  7.70000000e-01 
 7.80000000e-01  3.09996967e-09  3.19745881e-09  4.57003557e-01  3.39607600e-09  3.40129845e-09  3.21884389e-09  3.42729486e-09  1.55098920e-07  5.97582783e-09  7.80000000e-01 
 7.90000000e-01  3.09996967e-09  3.19745881e-09  4.57003567e-01  3.39607600e-09  3.40129845e-09  3.21884390e-09  3.42729486e-09  1.55098941e-07  5.97571415e-09  7.90000000e-01 
 8.00000000e-01  3.09996967e-09  3.19745881e-09  4.57003548e-01  3.39607600e-09  3.40129845e-09  3.21884388e-09  3.42729492e-09  1.55098909e-07  5.97558625e-09  8.00000000e-01 
 8.10000000e-01  3.09996967e-09  3.19745881e-09  4.57003544e-01  3.39607600e-09  3.40129845e-09  3.21884390e-09  3.42729486e-09  1.55098905e-07  5.97564309e-09  8.10000000e-01 
 8.20000000e-01  3.09996967e-09  3.19745875e-09  4.57003572e-01  3.39607600e-09  3.40129845e-09  3.21884394e-09  3.42729486e-09  1.55098942e-07  5.97554362e-09  8.20000000e-01 
 8.30000000e-01  3.09996967e-09  3.19745875e-09  4.57003567e-01  3.39607594e-09  3.40129845e-09  3.21884394e-09  3.42729486e-09  1.55098939e-07  5.97544414e-09  8.30000000e-01 
 8.40000000e-01  3.09996967e-09  3.19745881e-09  4.57003555e-01  3.39607594e-09  3.40129845e-09  3.21884394e-09  3.42729486e-09  1.55098925e-07  5.97543703e-09  8.40000000e-01 
 8.50000000e-01  3.09996967e-09  3.19745881e-09  4.57003540e-01  3.39607600e-09  3.40129845e-09  3.21884394e-09  3.42729486e-09  1.55098895e-07  5.97533045e-09  8.50000000e-01 
 8.60000000e-01  3.09996967e-09  3.19745881e-09  4.57003555e-01  3.39607600e-09  3.40129845e-09  3.21884394e-09  3.42729486e-09  1.55098919e-07  5.97549388e-09  8.60000000e-01 
 8.70000000e-01  3.09996967e-09  3.19745881e-09  4.57003555e-01  3.39607600e-09  3.40129850e-09  3.21884394e-09  3.42729486e-09  1.55098917e-07  5.97523808e-09  8.70000000e-01 
 8.80000000e-01  3.09996967e-09  3.19745881e-09  4.57003558e-01  3.39607600e-09  3.40129849e-09  3.21884394e-09  3.42729486e-09  1.55098927e-07  5.97523098e-09  8.80000000e-01 
 8.90000000e-01  3.09996967e-09  3.19745881e-09  4.57003575e-01  3.39607600e-09  3.40129844e-09  3.21884394e-09  3.42729486e-09  1.55098956e-07  5.97532335e-09  8.90000000e-01 
 9.00000000e-01  3.09996967e-09  3.19745881e-09  4.57003566e-01  3.39607600e-09  3.40129845e-09  3.21884389e-09  3.42729492e-09  1.55098941e-07  5.97508887e-09  9.00000000e-01 
 9.10000000e-01  3.09996972e-09  3.19745881e-09  4.57003560e-01  3.39607600e-09  3.40129850e-09  3.21884390e-09  3.42729486e-09  1.55098934e-07  5.97502492e-09  9.10000000e-01 
 9.20000000e-01  3.09996967e-09  3.19745875e-09  4.57003550e-01  3.39607600e-09  3.40129843e-09  3.21884394e-09  3.42729486e-09  1.55098915e-07  5.97491834e-09  9.20000000e-01 
 9.30000000e-01  3.09996967e-09  3.19745875e-09  4.57003557e-01  3.39607600e-09  3.40129845e-09  3.21884394e-09  3.42729486e-09  1.55098931e-07  5.97499650e-09  9.30000000e-01 
 9.40000000e-01  3.09996967e-09  3.19745881e-09  4.57003576e-01  3.39607600e-09  3.40129851e-09  3.21884389e-09  3.42729486e-09  1.55098957e-07  5.97488992e-09  9.40000000e-01 
 9.50000000e-01  3.09996967e-09  3.19745881e-09  4.57003564e-01  3.39607600e-09  3.40129844e-09  3.21884390e-09  3.42729486e-09  1.55098928e-07  5.97470518e-09  9.50000000e-01 
 9.60000000e-01  3.09996967e-09  3.19745875e-09  4.57003580e-01  3.39607600e-09  3.40129845e-09  3.21884394e-09  3.42729486e-09  1.55098967e-07  5.97480465e-09  9.60000000e-01 
 9.70000000e-01  3.09996967e-09  3.19745881e-09  4.57003553e-01  3.39607594e-09  3.40129845e-09  3.21884394e-09  3.42729486e-09  1.55098914e-07  5.97470518e-09  9.70000000e-01 
 9.80000000e-01  3.09996967e-09  3.19745881e-09  4.57003562e-01  3.39607594e-09  3.40129845e-09  3.21884394e-09  3.42729486e-09  1.55098931e-07  5.97471939e-09  9.80000000e-01 
 9.90000000e-01  3.09996967e-09  3.19745875e-09  4.57003548e-01  3.39607600e-09  3.40129850e-09  3.21884394e-09  3.42729486e-09  1.55098925e-07  5.97457017e-09  9.90000000e-01 
 1.00000000e+00  3.09996967e-09  3.19745875e-09  4.57003561e-01  3.39607600e-09  3.40129849e-09  3.21884394e-09  3.42729486e-09  1.55098923e-07  5.97462702e-09  1.00000000e+00 
 1.01000000e+00  3.09996967e-09  3.19745881e-09  4.57003545e-01  3.39607600e-09  3.40129850e-09  3.21884394e-09  3.42729486e-09  1.55098913e-07  5.97448491e-09  1.01000000e+00 
 1.02000000e+00  3.09996967e-09  3.19745881e-09  4.57003561e-01  3.39607600e-09  3.40129850e-09  3.21884389e-09  3.42729486e-09  1.55098928e-07  5.97448491e-09  1.02000000e+00 
 1.03000000e+00  3.09996967e-09  3.19745881e-09  4.57003557e-01  3.39607594e-09  3.40129844e-09  3.21884396e-09  3.42729486e-09  1.55098938e-07  5.97426464e-09  1.03000000e+00 
 1.04000000e+00  3.09996967e-09  3.19745881e-09  4.57003558e-01  3.39607600e-09  3.40129845e-09  3.21884394e-09  3.42729486e-09  1.55098928e-07  5.97434990e-09  1.04000000e+00 
 1.05000000e+00  3.09996967e-09  3.19745875e-09  4.57003573e-01  3.39607600e-09  3.40129851e-09  3.21884394e-09  3.42729486e-09  1.55098959e-07  5.97435701e-09  1.05000000e+00 
 1.06000000e+00  3.09996967e-09  3.19745881e-09  4.57003567e-01  3.39607600e-09  3.40129844e-09  3.21884394e-09  3.42729486e-09  1.55098940e-07  5.97421490e-09  1.06000000e+00 
 1.07000000e+00  3.09996967e-09  3.19745881e-09  4.57003568e-01  3.39607594e-09  3.40129845e-09  3.21884389e-09  3.42729486e-09  1.55098943e-07  5.97422911e-09  1.07000000e+00 
 1.08000000e+00  3.09996967e-09  3.19745881e-09  4.57003565e-01  3.39607600e-09  3.40129845e-09  3.21884396e-09  3.42729486e-09  1.55098931e-07  5.97401595e-09  1.08000000e+00 
 1.09000000e+00  3.09996967e-09  3.19745881e-09  4.57003572e-01  3.39607600e-09  3.40129845e-09  3.21884394e-09  3.42729486e-09  1.55098944e-07  5.97397332e-09  1.09000000e+00 
 1.10000000e+00  3.09996967e-09  3.19745881e-09  4.57003558e-01  3.39607600e-09  3.40129845e-09  3.21884394e-09  3.42729486e-09  1.55098913e-07  5.97396621e-09  1.10000000e+00 
 1.11000000e+00  3.09996967e-09  3.19745881e-09  4.57003552e-01  3.39607600e-09  3.40129845e-09  3.21884389e-09  3.42729486e-09  1.55098917e-07  5.97383831e-09  1.11000000e+00 
 1.12000000e+00  3.09996967e-09  3.19745881e-09  4.57003549e-01  3.39607600e-09  3.40129845e-09  3.21884390e-09  3.42729486e-09  1.55098911e-07  5.97391647e-09  1.12000000e+00 
 1.13000000e+00  3.09996967e-09  3.19745881e-09  4.57003566e-01  3.39607600e-09  3.40129845e-09  3.21884394e-09  3.42729486e-09  1.55098948e-07  5.97379568e-09  1.13000000e+00 
 1.14000000e+00  3.09996967e-09  3.19745881e-09  4.57003567e-01  3.39607600e-09  3.40129845e-09  3.21884389e-09  3.42729486e-09  1.55098935e-07  5.97390937e-09  1.14000000e+00 
 1.15000000e+00  3.09996967e-09  3.19745875e-09  4.57003569e-01  3.39607600e-09  3.40129845e-09  3.21884390e-09  3.42729486e-09  1.55098952e-07  5.97376726e-09  1.15000000e+00 
 1.16000000e+00  3.09996967e-09  3.19745875e-09  4.57003549e-01  3.39607600e-09  3.40129845e-09  3.21884394e-09  3.42729486e-09  1.55098919e-07  5.97363226e-09  1.16000000e+00 
 1.17000000e+00  3.09996967e-09  3.19745881e-09  4.57003576e-01  3.39607600e-09  3.40129845e-09  3.21884394e-09  3.42729486e-09  1.55098948e-07  5.97361804e-09  1.17000000e+00 
 1.18000000e+00  3.09996967e-09  3.19745881e-09  4.57003553e-01  3.39607600e-09  3.40129845e-09  3.21884394e-09  3.42729486e-09  1.55098919e-07  5.97351857e-09  1.18000000e+00 
 1.19000000e+00  3.09996967e-09  3.19745881e-09  4.57003570e-01  3.39607600e-09  3.40129845e-09  3.21884394e-09  3.42729486e-09  1.55098941e-07  5.97336225e-09  1.19000000e+00 
 1.20000000e+00  3.09996967e-09  3.19745881e-09  4.57003548e-01  3.39607600e-09  3.40129845e-09  3.21884389e-09  3.42729486e-09  1.55098894e-07  5.97339067e-09  1.20000000e+00 
 1.21000000e+00  3.09996967e-09  3.19745875e-09  4.57003556e-01  3.39607600e-09  3.40129850e-09  3.21884396e-09  3.42729486e-09  1.55098916e-07  5.97336225e-09  1.21000000e+00 
 1.22000000e+00  3.09996967e-09  3.19745881e-09  4.57003546e-01  3.39607600e-09  3.40129843e-09  3.21884388e-09  3.42729486e-09  1.55098929e-07  5.97334804e-09  1.22000000e+00 
 1.23000000e+00  3.09996967e-09  3.19745881e-09  4.57003569e-01  3.39607600e-09  3.40129845e-09  3.21884390e-09  3.42729492e-09  1.55098950e-07  5.97331962e-09  1.23000000e+00 
 1.24000000e+00  3.09996967e-09  3.19745875e-09  4.57003559e-01  3.39607600e-09  3.40129845e-09  3.21884388e-09  3.42729486e-09  1.55098922e-07  5.97314909e-09  1.24000000e+00 
 1.25000000e+00  3.09996967e-09  3.19745881e-09  4.57003551e-01  3.39607600e-09  3.40129845e-09  3.21884396e-09  3.42729486e-09  1.55098899e-07  5.97317751e-09  1.25000000e+00 
 1.26000000e+00  3.09996967e-09  3.19745881e-09  4.57003559e-01  3.39607594e-09  3.40129850e-09  3.21884394e-09  3.42729486e-09  1.55098930e-07  5.97296435e-09  1.26000000e+00 
 1.27000000e+00  3.09996967e-09  3.19745881e-09  4.57003551e-01  3.39607600e-09  3.40129843e-09  3.21884394e-09  3.42729486e-09  1.55098914e-07  5.97295013e-09  1.27000000e+00 
 1.28000000e+00  3.09996967e-09  3.19745881e-09  4.57003559e-01  3.39607600e-09  3.40129845e-09  3.21884394e-09  3.42729492e-09  1.55098932e-07  5.97293592e-09  1.28000000e+00 
 1.29000000e+00  3.09996967e-09  3.19745881e-09  4.57003551e-01  3.39607600e-09  3.40129845e-09  3.21884389e-09  3.42729486e-09  1.55098919e-07  5.97273697e-09  1.29000000e+00 
 1.30000000e+00  3.09996967e-09  3.19745875e-09  4.57003561e-01  3.39607600e-09  3.40129850e-09  3.21884396e-09  3.42729486e-09  1.55098932e-07  5.97286487e-09  1.30000000e+00 
 1.31000000e+00  3.09996967e-09  3.19745881e-09  4.57003554e-01  3.39607600e-09  3.40129849e-09  3.21884394e-09  3.42729486e-09  1.55098931e-07  5.97275118e-09  1.31000000e+00 
 1.32000000e+00  3.09996967e-09  3.19745875e-09  4.57003552e-01  3.39607600e-09  3.40129844e-09  3.21884394e-09  3.42729486e-09  1.55098912e-07  5.97269434e-09  1.32000000e+00 
 1.33000000e+00  3.09996972e-09  3.19745881e-09  4.57003572e-01  3.39607600e-09  3.40129845e-09  3.21884389e-09  3.42729486e-09  1.55098943e-07  5.97258065e-09  1.33000000e+00 
 1.34000000e+00  3.09996967e-09  3.19745881e-09  4.57003561e-01  3.39607600e-09  3.40129845e-09  3.21884396e-09  3.42729486e-09  1.55098916e-07  5.97249539e-09  1.34000000e+00 
 1.35000000e+00  3.09996967e-09  3.19745881e-09  4.57003555e-01  3.39607594e-09  3.40129845e-09  3.21884394e-09  3.42729486e-09  1.55098924e-07  5.97232486e-09  1.35000000e+00 
 1.36000000e+00  3.09996967e-09  3.19745881e-09  4.57003562e-01  3.39607594e-09  3.40129845e-09  3.21884389e-09  3.42729492e-09  1.55098940e-07  5.97236749e-09  1.36000000e+00 
 1.37000000e+00  3.09996967e-09  3.19745881e-09  4.57003562e-01  3.39607600e-09  3.40129845e-09  3.21884390e-09  3.42729486e-09  1.55098919e-07  5.97231065e-09  1.37000000e+00 
 1.38000000e+00  3.09996972e-09  3.19745881e-09  4.57003560e-01  3.39607600e-09  3.40129845e-09  3.21884394e-09  3.42729486e-09  1.55098937e-07  5.97215433e-09  1.38000000e+00 
 1.39000000e+00  3.09996967e-09  3.19745875e-09  4.57003554e-01  3.39607594e-09  3.40129845e-09  3.21884394e-09  3.42729486e-09  1.55098920e-07  5.97223959e-09  1.39000000e+00 
 1.40000000e+00  3.09996967e-09  3.19745875e-09  4.57003558e-01  3.39607600e-09  3.40129845e-09  3.21884394e-09  3.42729486e-09  1.55098927e-07  5.97194116e-09  1.40000000e+00 
 1.41000000e+00  3.09996967e-09  3.19745881e-09  4.57003558e-01  3.39607600e-09  3.40129850e-09  3.21884389e-09  3.42729486e-09  1.55098923e-07  5.97209748e-09  1.41000000e+00 
 1.42000000e+00  3.09996967e-09  3.19745875e-09  4.57003564e-01  3.39607600e-09  3.40129844e-09  3.21884390e-09  3.42729486e-09  1.55098942e-07  5.97191274e-09  1.42000000e+00 
 1.43000000e+00  3.09996967e-09  3.19745881e-09  4.57003554e-01  3.39607600e-09  3.40129845e-09  3.21884394e-09  3.42729486e-09  1.55098912e-07  5.97187011e-09  1.43000000e+00 
 1.44000000e+00  3.09996967e-09  3.19745875e-09  4.57003561e-01  3.39607594e-09  3.40129845e-09  3.21884389e-09  3.42729486e-09  1.55098914e-07  5.97181327e-09  1.44000000e+00 
 1.45000000e+00  3.09996967e-09  3.19745881e-09  4.57003564e-01  3.39607600e-09  3.40129845e-09  3.21884396e-09  3.42729486e-09  1.55098930e-07  5.97184169e-09  1.45000000e+00 
 1.46000000e+00  3.09996967e-09  3.19745881e-09  4.57003579e-01  3.39607600e-09  3.40129845e-09  3.21884394e-09  3.42729486e-09  1.55098954e-07  5.97164274e-09  1.46000000e+00 
 1.47000000e+00  3.09996967e-09  3.19745881e-09  4.57003551e-01  3.39607594e-09  3.40129845e-09  3.21884394e-09  3.42729486e-09  1.55098912e-07  5.97160010e-09  1.47000000e+00 
 1.48000000e+00  3.09996967e-09  3.19745875e-09  4.57003569e-01  3.39607600e-09  3.40129845e-09  3.21884389e-09  3.42729486e-09  1.55098940e-07  5.97142957e-09  1.48000000e+00 
 1.49000000e+00  3.09996967e-09  3.19745881e-09  4.57003553e-01  3.39607600e-09  3.40129845e-09  3.21884396e-09  3.42729486e-09  1.55098905e-07  5.97134431e-09  1.49000000e+00 
 1.50000000e+00  3.09996967e-09  3.19745875e-09  4.57003561e-01  3.39607600e-09  3.40129845e-09  3.21884388e-09  3.42729486e-09  1.55098922e-07  5.97137273e-09  1.50000000e+00 
 1.51000000e+00  3.09996967e-09  3.19745881e-09  4.57003556e-01  3.39607600e-09  3.40129850e-09  3.21884390e-09  3.42729492e-09  1.55098922e-07  5.97124483e-09  1.51000000e+00 
 1.52000000e+00  3.09996967e-09  3.19745881e-09  4.57003567e-01  3.39607600e-09  3.40129849e-09  3.21884394e-09  3.42729492e-09  1.55098931e-07  5.97104588e-09  1.52000000e+00 
 1.53000000e+00  3.09996967e-09  3.19745881e-09  4.57003547e-01  3.39607600e-09  3.40129844e-09  3.21884389e-09  3.42729486e-09  1.55098923e-07  5.97088956e-09  1.53000000e+00 
 1.54000000e+00  3.09996967e-09  3.19745881e-09  4.57003572e-01  3.39607600e-09  3.40129845e-09  3.21884396e-09  3.42729486e-09  1.55098941e-07  5.97081851e-09  1.54000000e+00 
 1.55000000e+00  3.09996967e-09  3.19745881e-09  4.57003544e-01  3.39607600e-09  3.40129850e-09  3.21884394e-09  3.42729492e-09  1.55098896e-07  5.97069061e-09  1.55000000e+00 
 1.56000000e+00  3.09996967e-09  3.19745881e-09  4.57003570e-01  3.39607600e-09  3.40129844e-09  3.21884389e-09  3.42729486e-09  1.55098932e-07  5.97047745e-09  1.56000000e+00 
 1.57000000e+00  3.09996967e-09  3.19745875e-09  4.57003585e-01  3.39607600e-09  3.40129846e-09  3.21884396e-09  3.42729486e-09  1.55098951e-07  5.97047745e-09  1.57000000e+00 
 1.58000000e+00  3.09996967e-09  3.19745875e-09  4.57003570e-01  3.39607594e-09  3.40129845e-09  3.21884394e-09  3.42729486e-09  1.55098933e-07  5.97016481e-09  1.58000000e+00 
 1.59000000e+00  3.09996967e-09  3.19745881e-09  4.57003580e-01  3.39607594e-09  3.40129851e-09  3.21884394e-09  3.42729486e-09  1.55098968e-07  5.97002270e-09  1.59000000e+00 
 1.60000000e+00  3.09996967e-09  3.19745875e-09  4.57003584e-01  3.39607600e-09  3.40129844e-09  3.21884395e-09  3.42729486e-09  1.55098966e-07  5.96983796e-09  1.60000000e+00 
 1.61000000e+00  3.09996972e-09  3.19745875e-09  4.57003565e-01  3.39607600e-09  3.40129845e-09  3.21884394e-09  3.42729486e-09  1.55098929e-07  5.96952532e-09  1.61000000e+00 
 1.62000000e+00  3.09996967e-09  3.19745881e-09  4.57003574e-01  3.39607600e-09  3.40129845e-09  3.21884394e-09  3.42729486e-09  1.55098943e-07  5.96922689e-09  1.62000000e+00 
 1.63000000e+00  3.09996967e-09  3.19745881e-09  4.57003563e-01  3.39607600e-09  3.40129845e-09  3.21884394e-09  3.42729486e-09  1.55098924e-07  5.96867267e-09  1.63000000e+00 
 1.64000000e+00  3.09996967e-09  3.19745881e-09  4.57003559e-01  3.39607600e-09  3.40129845e-09  3.21884394e-09  3.42729486e-09  1.55098933e-07  5.96833161e-09  1.64000000e+00 
 1.65000000e+00  3.09996967e-09  3.19745875e-09  4.57003544e-01  3.39607600e-09  3.40129850e-09  3.21884394e-09  3.42729486e-09  1.55098910e-07  5.96749317e-09  1.65000000e+00 
 1.66000000e+00  3.09996967e-09  3.19745881e-09  4.57003569e-01  3.39607600e-09  3.40129849e-09  3.21884389e-09  3.42729492e-09  1.55098936e-07  5.96648420e-09  1.66000000e+00 
 1.67000000e+00  3.09996967e-09  3.19745881e-09  4.57003569e-01  3.39607600e-09  3.40129850e-09  3.21884396e-09  3.42729486e-09  1.55098937e-07  5.96483574e-09  1.67000000e+00 
 1.68000000e+00  3.09996967e-09  3.19745881e-09  4.57003548e-01  3.39607600e-09  3.40129850e-09  3.21884394e-09  3.42729486e-09  1.55098917e-07  5.96213567e-09  1.68000000e+00 
 1.69000000e+00  3.09996967e-09  3.19745881e-09  4.57003563e-01  3.39607600e-09  3.40129850e-09  3.21884389e-09  3.42729486e-09  1.55098914e-07  5.95787242e-09  1.69000000e+00 
 1.70000000e+00  3.09996967e-09  3.19745881e-09  4.57003555e-01  3.39607600e-09  3.40129850e-09  3.21884390e-09  3.42729486e-09  1.55098930e-07  5.95055383e-09  1.70000000e+00 
 1.71000000e+00  3.09996967e-09  3.19745875e-09  4.57003551e-01  3.39607600e-09  3.40129850e-09  3.21884394e-09  3.42729486e-09  1.55098906e-07  5.93776406e-09  1.71000000e+00 
 1.72000000e+00  3.09996967e-09  3.19745881e-09  4.57003566e-01  3.39607594e-09  3.40129850e-09  3.21884394e-09  3.42729486e-09  1.55098930e-07  5.91596461e-09  1.72000000e+00 
 1.73000000e+00  3.09996967e-09  3.19745881e-09  4.57003563e-01  3.39607600e-09  3.40129845e-09  3.21884394e-09  3.42729486e-09  1.55098930e-07  5.88116222e-09  1.73000000e+00 
 1.74000000e+00  3.09996967e-09  3.19745881e-09  4.57003562e-01  3.39607600e-09  3.40129850e-09  3.21884389e-09  3.42729486e-09  1.55098926e-07  5.80354254e-09  1.74000000e+00 
 1.75000000e+00  3.09996967e-09  3.19745881e-09  4.57003559e-01  3.39607600e-09  3.40129845e-09  3.21884389e-09  3.42729486e-09  1.55098921e-07  4.82890528e-09  1.75000000e+00 
 1.76000000e+00  3.09996967e-09  3.19745881e-09  4.57003559e-01  3.39607594e-09  3.40129850e-09  3.21884389e-09  3.42729486e-09  1.55098930e-07  3.44107320e-09  1.76000000e+00 
 1.77000000e+00  3.09996967e-09  3.19745881e-09  4.57003563e-01  3.39607594e-09  3.40129850e-09  3.21884394e-09  3.42729486e-09  1.55098938e-07  1.71262116e-09  1.77000000e+00 
 1.78000000e+00  3.09996967e-09  3.19745881e-09  4.57003577e-01  3.39607600e-09  3.40129850e-09  3.21884389e-09  3.42729486e-09  1.55098961e-07  1.34235734e-10  1.78000000e+00 
 1.79000000e+00  3.09996967e-09  3.19745875e-09  4.57003566e-01  3.39607600e-09  3.40129850e-09  3.21884389e-09  3.42729486e-09  1.55098929e-07 -1.15170451e-09  1.79000000e+00 
 1.80000000e+00  3.09996967e-09  3.19745875e-09  4.57003553e-01  3.39607600e-09  3.40129844e-09  3.21884395e-09  3.42729486e-09  1.55098925e-07 -2.14470219e-09  1.80000000e+00 
