 v-sweep         v(b0)           v(b1)           v(b2)           v(b3)           v(b4)           v(b5)           v(b6)           i(vbias)        i(viout)        v(vout)        
 0.00000000e+00  4.55477530e-01  3.44291336e-09  4.55477530e-01  4.55477530e-01  4.55477530e-01  4.55477530e-01  3.60537443e-09  1.53207631e-07  8.75786256e-08  0.00000000e+00 
 1.00000000e-02  4.55477535e-01  3.44291334e-09  4.55477535e-01  4.55477535e-01  4.55477535e-01  4.55477535e-01  3.60537446e-09  1.53207631e-07  8.75780637e-08  1.00000000e-02 
 2.00000000e-02  4.55477553e-01  3.44291340e-09  4.55477553e-01  4.55477553e-01  4.55477553e-01  4.55477553e-01  3.60537446e-09  1.53207668e-07  8.75777604e-08  2.00000000e-02 
 3.00000000e-02  4.55477522e-01  3.44291334e-09  4.55477522e-01  4.55477522e-01  4.55477522e-01  4.55477522e-01  3.60537446e-09  1.53207604e-07  8.75773576e-08  3.00000000e-02 
 4.00000000e-02  4.55477521e-01  3.44291334e-09  4.55477521e-01  4.55477521e-01  4.55477522e-01  4.55477522e-01  3.60537441e-09  1.53207610e-07  8.75770771e-08  4.00000000e-02 
 5.00000000e-02  4.55477492e-01  3.44291340e-09  4.55477492e-01  4.55477492e-01  4.55477492e-01  4.55477492e-01  3.60537446e-09  1.53207574e-07  8.75766086e-08  5.00000000e-02 
 6.00000000e-02  4.55477509e-01  3.44291340e-09  4.55477509e-01  4.55477509e-01  4.55477510e-01  4.55477510e-01  3.60537440e-09  1.53207587e-07  8.75762480e-08  6.00000000e-02 
 7.00000000e-02  4.55477518e-01  3.44291340e-09  4.55477518e-01  4.55477518e-01  4.55477518e-01  4.55477518e-01  3.60537441e-09  1.53207612e-07  8.75759096e-08  7.00000000e-02 
 8.00000000e-02  4.55477535e-01  3.44291334e-09  4.55477535e-01  4.55477535e-01  4.55477535e-01  4.55477535e-01  3.60537446e-09  1.53207648e-07  8.75757626e-08  8.00000000e-02 
 9.00000000e-02  4.55477518e-01  3.44291340e-09  4.55477518e-01  4.55477518e-01  4.55477518e-01  4.55477518e-01  3.60537441e-09  1.53207599e-07  8.75753727e-08  9.00000000e-02 
 1.00000000e-01  4.55477507e-01  3.44291340e-09  4.55477508e-01  4.55477508e-01  4.55477508e-01  4.55477508e-01  3.60537446e-09  1.53207603e-07  8.75750557e-08  1.00000000e-01 
 1.10000000e-01  4.55477521e-01  3.44291334e-09  4.55477521e-01  4.55477521e-01  4.55477521e-01  4.55477521e-01  3.60537441e-09  1.53207616e-07  8.75749073e-08  1.10000000e-01 
 1.20000000e-01  4.55477549e-01  3.44291340e-09  4.55477549e-01  4.55477549e-01  4.55477549e-01  4.55477549e-01  3.60537441e-09  1.53207653e-07  8.75746835e-08  1.20000000e-01 
 1.30000000e-01  4.55477537e-01  3.44291335e-09  4.55477537e-01  4.55477537e-01  4.55477537e-01  4.55477537e-01  3.60537446e-09  1.53207645e-07  8.75744766e-08  1.30000000e-01 
 1.40000000e-01  4.55477518e-01  3.44291334e-09  4.55477518e-01  4.55477518e-01  4.55477518e-01  4.55477518e-01  3.60537441e-09  1.53207607e-07  8.75741684e-08  1.40000000e-01 
 1.50000000e-01  4.55477494e-01  3.44291340e-09  4.55477494e-01  4.55477494e-01  4.55477494e-01  4.55477494e-01  3.60537440e-09  1.53207565e-07  8.75739747e-08  1.50000000e-01 
 1.60000000e-01  4.55477515e-01  3.44291340e-09  4.55477515e-01  4.55477515e-01  4.55477515e-01  4.55477515e-01  3.60537441e-09  1.53207594e-07  8.75738486e-08  1.60000000e-01 
 1.70000000e-01  4.55477517e-01  3.44291340e-09  4.55477517e-01  4.55477517e-01  4.55477518e-01  4.55477518e-01  3.60537441e-09  1.53207616e-07  8.75736141e-08  1.70000000e-01 
 1.80000000e-01  4.55477520e-01  3.44291334e-09  4.55477520e-01  4.55477520e-01  4.55477520e-01  4.55477520e-01  3.60537441e-09  1.53207612e-07  8.75734276e-08  1.80000000e-01 
 1.90000000e-01  4.55477501e-01  3.44291334e-09  4.55477501e-01  4.55477501e-01  4.55477501e-01  4.55477501e-01  3.60537440e-09  1.53207581e-07  8.75732944e-08  1.90000000e-01 
 2.00000000e-01  4.55477508e-01  3.44291340e-09  4.55477508e-01  4.55477508e-01  4.55477508e-01  4.55477508e-01  3.60537440e-09  1.53207592e-07  8.75731825e-08  2.00000000e-01 
 2.10000000e-01  4.55477519e-01  3.44291334e-09  4.55477519e-01  4.55477519e-01  4.55477519e-01  4.55477519e-01  3.60537446e-09  1.53207612e-07  8.75728290e-08  2.10000000e-01 
 2.20000000e-01  4.55477535e-01  3.44291340e-09  4.55477535e-01  4.55477535e-01  4.55477535e-01  4.55477535e-01  3.60537446e-09  1.53207640e-07  8.75728077e-08  2.20000000e-01 
 2.30000000e-01  4.55477522e-01  3.44291340e-09  4.55477522e-01  4.55477522e-01  4.55477522e-01  4.55477522e-01  3.60537446e-09  1.53207617e-07  8.75727029e-08  2.30000000e-01 
 2.40000000e-01  4.55477503e-01  3.44291334e-09  4.55477504e-01  4.55477504e-01  4.55477504e-01  4.55477504e-01  3.60537440e-09  1.53207595e-07  8.75724222e-08  2.40000000e-01 
 2.50000000e-01  4.55477496e-01  3.44291340e-09  4.55477496e-01  4.55477496e-01  4.55477496e-01  4.55477496e-01  3.60537446e-09  1.53207580e-07  8.75722019e-08  2.50000000e-01 
 2.60000000e-01  4.55477512e-01  3.44291334e-09  4.55477512e-01  4.55477512e-01  4.55477512e-01  4.55477512e-01  3.60537446e-09  1.53207597e-07  8.75721202e-08  2.60000000e-01 
 2.70000000e-01  4.55477542e-01  3.44291340e-09  4.55477542e-01  4.55477542e-01  4.55477542e-01  4.55477542e-01  3.60537446e-09  1.53207640e-07  8.75721771e-08  2.70000000e-01 
 2.80000000e-01  4.55477510e-01  3.44291340e-09  4.55477510e-01  4.55477510e-01  4.55477510e-01  4.55477510e-01  3.60537440e-09  1.53207609e-07  8.75718502e-08  2.80000000e-01 
 2.90000000e-01  4.55477501e-01  3.44291340e-09  4.55477501e-01  4.55477501e-01  4.55477501e-01  4.55477501e-01  3.60537446e-09  1.53207581e-07  8.75717348e-08  2.90000000e-01 
 3.00000000e-01  4.55477499e-01  3.44291334e-09  4.55477499e-01  4.55477499e-01  4.55477499e-01  4.55477499e-01  3.60537446e-09  1.53207591e-07  8.75717205e-08  3.00000000e-01 
 3.10000000e-01  4.55477515e-01  3.44291340e-09  4.55477515e-01  4.55477515e-01  4.55477515e-01  4.55477515e-01  3.60537446e-09  1.53207602e-07  8.75717276e-08  3.10000000e-01 
 3.20000000e-01  4.55477515e-01  3.44291334e-09  4.55477515e-01  4.55477516e-01  4.55477516e-01  4.55477516e-01  3.60537446e-09  1.53207606e-07  8.75715109e-08  3.20000000e-01 
 3.30000000e-01  4.55477517e-01  3.44291334e-09  4.55477517e-01  4.55477517e-01  4.55477517e-01  4.55477517e-01  3.60537441e-09  1.53207606e-07  8.75714221e-08  3.30000000e-01 
 3.40000000e-01  4.55477501e-01  3.44291334e-09  4.55477502e-01  4.55477502e-01  4.55477502e-01  4.55477502e-01  3.60537446e-09  1.53207580e-07  8.75710988e-08  3.40000000e-01 
 3.50000000e-01  4.55477512e-01  3.44291334e-09  4.55477513e-01  4.55477513e-01  4.55477513e-01  4.55477513e-01  3.60537446e-09  1.53207587e-07  8.75712018e-08  3.50000000e-01 
 3.60000000e-01  4.55477510e-01  3.44291334e-09  4.55477510e-01  4.55477510e-01  4.55477510e-01  4.55477510e-01  3.60537446e-09  1.53207580e-07  8.75710633e-08  3.60000000e-01 
 3.70000000e-01  4.55477505e-01  3.44291340e-09  4.55477505e-01  4.55477505e-01  4.55477505e-01  4.55477505e-01  3.60537446e-09  1.53207581e-07  8.75709780e-08  3.70000000e-01 
 3.80000000e-01  4.55477508e-01  3.44291340e-09  4.55477508e-01  4.55477508e-01  4.55477508e-01  4.55477508e-01  3.60537446e-09  1.53207592e-07  8.75708039e-08  3.80000000e-01 
 3.90000000e-01  4.55477515e-01  3.44291334e-09  4.55477515e-01  4.55477515e-01  4.55477515e-01  4.55477515e-01  3.60537446e-09  1.53207598e-07  8.75707435e-08  3.90000000e-01 
 4.00000000e-01  4.55477497e-01  3.44291334e-09  4.55477497e-01  4.55477497e-01  4.55477497e-01  4.55477497e-01  3.60537446e-09  1.53207577e-07  8.75707862e-08  4.00000000e-01 
 4.10000000e-01  4.55477504e-01  3.44291334e-09  4.55477504e-01  4.55477504e-01  4.55477504e-01  4.55477504e-01  3.60537446e-09  1.53207581e-07  8.75705553e-08  4.10000000e-01 
 4.20000000e-01  4.55477510e-01  3.44291334e-09  4.55477510e-01  4.55477510e-01  4.55477510e-01  4.55477510e-01  3.60537446e-09  1.53207585e-07  8.75704949e-08  4.20000000e-01 
 4.30000000e-01  4.55477529e-01  3.44291334e-09  4.55477530e-01  4.55477530e-01  4.55477530e-01  4.55477530e-01  3.60537441e-09  1.53207610e-07  8.75704984e-08  4.30000000e-01 
 4.40000000e-01  4.55477498e-01  3.44291340e-09  4.55477498e-01  4.55477498e-01  4.55477498e-01  4.55477498e-01  3.60537446e-09  1.53207582e-07  8.75702710e-08  4.40000000e-01 
 4.50000000e-01  4.55477517e-01  3.44291334e-09  4.55477517e-01  4.55477517e-01  4.55477517e-01  4.55477517e-01  3.60537446e-09  1.53207600e-07  8.75701858e-08  4.50000000e-01 
 4.60000000e-01  4.55477532e-01  3.44291340e-09  4.55477532e-01  4.55477532e-01  4.55477532e-01  4.55477532e-01  3.60537446e-09  1.53207626e-07  8.75703101e-08  4.60000000e-01 
 4.70000000e-01  4.55477530e-01  3.44291340e-09  4.55477530e-01  4.55477530e-01  4.55477530e-01  4.55477530e-01  3.60537446e-09  1.53207621e-07  8.75701396e-08  4.70000000e-01 
 4.80000000e-01  4.55477552e-01  3.44291335e-09  4.55477552e-01  4.55477552e-01  4.55477552e-01  4.55477552e-01  3.60537446e-09  1.53207656e-07  8.75702142e-08  4.80000000e-01 
 4.90000000e-01  4.55477540e-01  3.44291340e-09  4.55477540e-01  4.55477540e-01  4.55477540e-01  4.55477540e-01  3.60537441e-09  1.53207653e-07  8.75700508e-08  4.90000000e-01 
 5.00000000e-01  4.55477511e-01  3.44291334e-09  4.55477511e-01  4.55477511e-01  4.55477511e-01  4.55477511e-01  3.60537446e-09  1.53207594e-07  8.75698518e-08  5.00000000e-01 
 5.10000000e-01  4.55477512e-01  3.44291334e-09  4.55477512e-01  4.55477512e-01  4.55477512e-01  4.55477512e-01  3.60537440e-09  1.53207591e-07  8.75698518e-08  5.10000000e-01 
 5.20000000e-01  4.55477541e-01  3.44291335e-09  4.55477541e-01  4.55477542e-01  4.55477542e-01  4.55477542e-01  3.60537446e-09  1.53207635e-07  8.75697488e-08  5.20000000e-01 
 5.30000000e-01  4.55477518e-01  3.44291334e-09  4.55477518e-01  4.55477518e-01  4.55477518e-01  4.55477518e-01  3.60537446e-09  1.53207606e-07  8.75697097e-08  5.30000000e-01 
 5.40000000e-01  4.55477497e-01  3.44291340e-09  4.55477497e-01  4.55477497e-01  4.55477497e-01  4.55477497e-01  3.60537446e-09  1.53207589e-07  8.75696102e-08  5.40000000e-01 
 5.50000000e-01  4.55477476e-01  3.44291340e-09  4.55477476e-01  4.55477476e-01  4.55477476e-01  4.55477476e-01  3.60537446e-09  1.53207549e-07  8.75694433e-08  5.50000000e-01 
 5.60000000e-01  4.55477522e-01  3.44291340e-09  4.55477522e-01  4.55477522e-01  4.55477522e-01  4.55477522e-01  3.60537441e-09  1.53207599e-07  8.75696564e-08  5.60000000e-01 
 5.70000000e-01  4.55477548e-01  3.44291340e-09  4.55477548e-01  4.55477548e-01  4.55477548e-01  4.55477548e-01  3.60537446e-09  1.53207635e-07  8.75694433e-08  5.70000000e-01 
 5.80000000e-01  4.55477509e-01  3.44291334e-09  4.55477509e-01  4.55477509e-01  4.55477509e-01  4.55477509e-01  3.60537440e-09  1.53207589e-07  8.75693473e-08  5.80000000e-01 
 5.90000000e-01  4.55477493e-01  3.44291340e-09  4.55477493e-01  4.55477493e-01  4.55477493e-01  4.55477493e-01  3.60537440e-09  1.53207563e-07  8.75692336e-08  5.90000000e-01 
 6.00000000e-01  4.55477528e-01  3.44291340e-09  4.55477528e-01  4.55477528e-01  4.55477528e-01  4.55477528e-01  3.60537441e-09  1.53207608e-07  8.75692834e-08  6.00000000e-01 
 6.10000000e-01  4.55477493e-01  3.44291340e-09  4.55477493e-01  4.55477493e-01  4.55477493e-01  4.55477493e-01  3.60537446e-09  1.53207569e-07  8.75691839e-08  6.10000000e-01 
 6.20000000e-01  4.55477534e-01  3.44291340e-09  4.55477534e-01  4.55477534e-01  4.55477534e-01  4.55477534e-01  3.60537446e-09  1.53207623e-07  8.75691271e-08  6.20000000e-01 
 6.30000000e-01  4.55477487e-01  3.44291334e-09  4.55477487e-01  4.55477487e-01  4.55477487e-01  4.55477487e-01  3.60537440e-09  1.53207553e-07  8.75689992e-08  6.30000000e-01 
 6.40000000e-01  4.55477502e-01  3.44291334e-09  4.55477502e-01  4.55477502e-01  4.55477502e-01  4.55477502e-01  3.60537440e-09  1.53207580e-07  8.75688499e-08  6.40000000e-01 
 6.50000000e-01  4.55477499e-01  3.44291340e-09  4.55477499e-01  4.55477499e-01  4.55477499e-01  4.55477499e-01  3.60537440e-09  1.53207577e-07  8.75688357e-08  6.50000000e-01 
 6.60000000e-01  4.55477486e-01  3.44291340e-09  4.55477486e-01  4.55477486e-01  4.55477486e-01  4.55477486e-01  3.60537440e-09  1.53207552e-07  8.75687647e-08  6.60000000e-01 
 6.70000000e-01  4.55477502e-01  3.44291340e-09  4.55477502e-01  4.55477502e-01  4.55477502e-01  4.55477502e-01  3.60537446e-09  1.53207575e-07  8.75687149e-08  6.70000000e-01 
 6.80000000e-01  4.55477495e-01  3.44291334e-09  4.55477495e-01  4.55477495e-01  4.55477495e-01  4.55477495e-01  3.60537440e-09  1.53207578e-07  8.75686865e-08  6.80000000e-01 
 6.90000000e-01  4.55477501e-01  3.44291340e-09  4.55477502e-01  4.55477502e-01  4.55477502e-01  4.55477502e-01  3.60537440e-09  1.53207575e-07  8.75685586e-08  6.90000000e-01 
 7.00000000e-01  4.55477502e-01  3.44291340e-09  4.55477502e-01  4.55477502e-01  4.55477502e-01  4.55477502e-01  3.60537446e-09  1.53207578e-07  8.75684876e-08  7.00000000e-01 
 7.10000000e-01  4.55477535e-01  3.44291340e-09  4.55477536e-01  4.55477536e-01  4.55477536e-01  4.55477536e-01  3.60537441e-09  1.53207627e-07  8.75685018e-08  7.10000000e-01 
 7.20000000e-01  4.55477516e-01  3.44291340e-09  4.55477516e-01  4.55477516e-01  4.55477516e-01  4.55477516e-01  3.60537441e-09  1.53207611e-07  8.75684520e-08  7.20000000e-01 
 7.30000000e-01  4.55477504e-01  3.44291334e-09  4.55477504e-01  4.55477504e-01  4.55477504e-01  4.55477504e-01  3.60537440e-09  1.53207593e-07  8.75682034e-08  7.30000000e-01 
 7.40000000e-01  4.55477529e-01  3.44291340e-09  4.55477529e-01  4.55477529e-01  4.55477529e-01  4.55477529e-01  3.60537446e-09  1.53207626e-07  8.75683099e-08  7.40000000e-01 
 7.50000000e-01  4.55477476e-01  3.44291334e-09  4.55477476e-01  4.55477476e-01  4.55477476e-01  4.55477476e-01  3.60537446e-09  1.53207554e-07  8.75681039e-08  7.50000000e-01 
 7.60000000e-01  4.55477498e-01  3.44291334e-09  4.55477498e-01  4.55477498e-01  4.55477498e-01  4.55477498e-01  3.60537440e-09  1.53207579e-07  8.75680897e-08  7.60000000e-01 
 7.70000000e-01  4.55477497e-01  3.44291340e-09  4.55477497e-01  4.55477497e-01  4.55477497e-01  4.55477497e-01  3.60537440e-09  1.53207572e-07  8.75680186e-08  7.70000000e-01 
 7.80000000e-01  4.55477499e-01  3.44291334e-09  4.55477499e-01  4.55477499e-01  4.55477499e-01  4.55477499e-01  3.60537446e-09  1.53207574e-07  8.75679689e-08  7.80000000e-01 
 7.90000000e-01  4.55477502e-01  3.44291334e-09  4.55477502e-01  4.55477502e-01  4.55477502e-01  4.55477502e-01  3.60537446e-09  1.53207581e-07  8.75678339e-08  7.90000000e-01 
 8.00000000e-01  4.55477506e-01  3.44291334e-09  4.55477506e-01  4.55477506e-01  4.55477506e-01  4.55477506e-01  3.60537446e-09  1.53207592e-07  8.75678552e-08  8.00000000e-01 
 8.10000000e-01  4.55477503e-01  3.44291334e-09  4.55477503e-01  4.55477503e-01  4.55477503e-01  4.55477503e-01  3.60537440e-09  1.53207590e-07  8.75677202e-08  8.10000000e-01 
 8.20000000e-01  4.55477502e-01  3.44291334e-09  4.55477502e-01  4.55477502e-01  4.55477502e-01  4.55477502e-01  3.60537440e-09  1.53207588e-07  8.75676420e-08  8.20000000e-01 
 8.30000000e-01  4.55477503e-01  3.44291334e-09  4.55477503e-01  4.55477503e-01  4.55477503e-01  4.55477503e-01  3.60537440e-09  1.53207577e-07  8.75675497e-08  8.30000000e-01 
 8.40000000e-01  4.55477524e-01  3.44291340e-09  4.55477524e-01  4.55477524e-01  4.55477524e-01  4.55477524e-01  3.60537446e-09  1.53207623e-07  8.75676420e-08  8.40000000e-01 
 8.50000000e-01  4.55477494e-01  3.44291340e-09  4.55477494e-01  4.55477494e-01  4.55477494e-01  4.55477494e-01  3.60537440e-09  1.53207571e-07  8.75674431e-08  8.50000000e-01 
 8.60000000e-01  4.55477494e-01  3.44291340e-09  4.55477494e-01  4.55477494e-01  4.55477494e-01  4.55477494e-01  3.60537446e-09  1.53207565e-07  8.75673010e-08  8.60000000e-01 
 8.70000000e-01  4.55477517e-01  3.44291334e-09  4.55477517e-01  4.55477517e-01  4.55477517e-01  4.55477517e-01  3.60537446e-09  1.53207607e-07  8.75673010e-08  8.70000000e-01 
 8.80000000e-01  4.55477526e-01  3.44291334e-09  4.55477526e-01  4.55477526e-01  4.55477526e-01  4.55477526e-01  3.60537446e-09  1.53207612e-07  8.75672299e-08  8.80000000e-01 
 8.90000000e-01  4.55477514e-01  3.44291340e-09  4.55477515e-01  4.55477515e-01  4.55477515e-01  4.55477515e-01  3.60537446e-09  1.53207621e-07  8.75671589e-08  8.90000000e-01 
 9.00000000e-01  4.55477519e-01  3.44291334e-09  4.55477519e-01  4.55477519e-01  4.55477520e-01  4.55477520e-01  3.60537441e-09  1.53207604e-07  8.75671802e-08  9.00000000e-01 
 9.10000000e-01  4.55477530e-01  3.44291334e-09  4.55477530e-01  4.55477530e-01  4.55477530e-01  4.55477530e-01  3.60537446e-09  1.53207628e-07  8.75671518e-08  9.10000000e-01 
 9.20000000e-01  4.55477536e-01  3.44291340e-09  4.55477536e-01  4.55477536e-01  4.55477536e-01  4.55477536e-01  3.60537446e-09  1.53207635e-07  8.75669954e-08  9.20000000e-01 
 9.30000000e-01  4.55477486e-01  3.44291334e-09  4.55477486e-01  4.55477486e-01  4.55477486e-01  4.55477486e-01  3.60537440e-09  1.53207572e-07  8.75668604e-08  9.30000000e-01 
 9.40000000e-01  4.55477493e-01  3.44291334e-09  4.55477493e-01  4.55477493e-01  4.55477493e-01  4.55477493e-01  3.60537440e-09  1.53207570e-07  8.75668533e-08  9.40000000e-01 
 9.50000000e-01  4.55477512e-01  3.44291340e-09  4.55477512e-01  4.55477512e-01  4.55477512e-01  4.55477512e-01  3.60537440e-09  1.53207604e-07  8.75667965e-08  9.50000000e-01 
 9.60000000e-01  4.55477516e-01  3.44291334e-09  4.55477516e-01  4.55477516e-01  4.55477516e-01  4.55477516e-01  3.60537441e-09  1.53207601e-07  8.75666615e-08  9.60000000e-01 
 9.70000000e-01  4.55477525e-01  3.44291334e-09  4.55477526e-01  4.55477526e-01  4.55477526e-01  4.55477526e-01  3.60537446e-09  1.53207612e-07  8.75666757e-08  9.70000000e-01 
 9.80000000e-01  4.55477514e-01  3.44291334e-09  4.55477514e-01  4.55477514e-01  4.55477514e-01  4.55477514e-01  3.60537440e-09  1.53207602e-07  8.75664838e-08  9.80000000e-01 
 9.90000000e-01  4.55477531e-01  3.44291334e-09  4.55477531e-01  4.55477531e-01  4.55477531e-01  4.55477531e-01  3.60537446e-09  1.53207615e-07  8.75665336e-08  9.90000000e-01 
 1.00000000e+00  4.55477530e-01  3.44291340e-09  4.55477530e-01  4.55477530e-01  4.55477530e-01  4.55477530e-01  3.60537441e-09  1.53207628e-07  8.75663204e-08  1.00000000e+00 
 1.01000000e+00  4.55477518e-01  3.44291334e-09  4.55477518e-01  4.55477518e-01  4.55477518e-01  4.55477518e-01  3.60537441e-09  1.53207604e-07  8.75663630e-08  1.01000000e+00 
 1.02000000e+00  4.55477515e-01  3.44291340e-09  4.55477516e-01  4.55477516e-01  4.55477516e-01  4.55477516e-01  3.60537441e-09  1.53207585e-07  8.75661570e-08  1.02000000e+00 
 1.03000000e+00  4.55477524e-01  3.44291334e-09  4.55477524e-01  4.55477524e-01  4.55477524e-01  4.55477524e-01  3.60537446e-09  1.53207608e-07  8.75661854e-08  1.03000000e+00 
 1.04000000e+00  4.55477534e-01  3.44291334e-09  4.55477534e-01  4.55477534e-01  4.55477534e-01  4.55477534e-01  3.60537446e-09  1.53207615e-07  8.75661215e-08  1.04000000e+00 
 1.05000000e+00  4.55477513e-01  3.44291340e-09  4.55477513e-01  4.55477513e-01  4.55477513e-01  4.55477513e-01  3.60537440e-09  1.53207600e-07  8.75659154e-08  1.05000000e+00 
 1.06000000e+00  4.55477498e-01  3.44291334e-09  4.55477498e-01  4.55477498e-01  4.55477498e-01  4.55477498e-01  3.60537446e-09  1.53207567e-07  8.75658230e-08  1.06000000e+00 
 1.07000000e+00  4.55477506e-01  3.44291340e-09  4.55477506e-01  4.55477506e-01  4.55477506e-01  4.55477506e-01  3.60537440e-09  1.53207591e-07  8.75658017e-08  1.07000000e+00 
 1.08000000e+00  4.55477508e-01  3.44291340e-09  4.55477508e-01  4.55477508e-01  4.55477508e-01  4.55477508e-01  3.60537440e-09  1.53207582e-07  8.75656241e-08  1.08000000e+00 
 1.09000000e+00  4.55477504e-01  3.44291334e-09  4.55477504e-01  4.55477504e-01  4.55477504e-01  4.55477504e-01  3.60537440e-09  1.53207589e-07  8.75656596e-08  1.09000000e+00 
 1.10000000e+00  4.55477506e-01  3.44291334e-09  4.55477506e-01  4.55477506e-01  4.55477506e-01  4.55477506e-01  3.60537440e-09  1.53207573e-07  8.75654678e-08  1.10000000e+00 
 1.11000000e+00  4.55477518e-01  3.44291334e-09  4.55477519e-01  4.55477519e-01  4.55477519e-01  4.55477519e-01  3.60537446e-09  1.53207615e-07  8.75654962e-08  1.11000000e+00 
 1.12000000e+00  4.55477508e-01  3.44291334e-09  4.55477508e-01  4.55477508e-01  4.55477508e-01  4.55477508e-01  3.60537440e-09  1.53207603e-07  8.75653328e-08  1.12000000e+00 
 1.13000000e+00  4.55477510e-01  3.44291340e-09  4.55477510e-01  4.55477510e-01  4.55477510e-01  4.55477510e-01  3.60537446e-09  1.53207594e-07  8.75652688e-08  1.13000000e+00 
 1.14000000e+00  4.55477523e-01  3.44291340e-09  4.55477523e-01  4.55477523e-01  4.55477523e-01  4.55477523e-01  3.60537441e-09  1.53207605e-07  8.75652688e-08  1.14000000e+00 
 1.15000000e+00  4.55477503e-01  3.44291334e-09  4.55477503e-01  4.55477503e-01  4.55477503e-01  4.55477503e-01  3.60537446e-09  1.53207595e-07  8.75651054e-08  1.15000000e+00 
 1.16000000e+00  4.55477482e-01  3.44291334e-09  4.55477483e-01  4.55477483e-01  4.55477483e-01  4.55477483e-01  3.60537446e-09  1.53207547e-07  8.75648993e-08  1.16000000e+00 
 1.17000000e+00  4.55477519e-01  3.44291334e-09  4.55477519e-01  4.55477519e-01  4.55477519e-01  4.55477519e-01  3.60537441e-09  1.53207601e-07  8.75650557e-08  1.17000000e+00 
 1.18000000e+00  4.55477506e-01  3.44291340e-09  4.55477506e-01  4.55477506e-01  4.55477506e-01  4.55477506e-01  3.60537446e-09  1.53207590e-07  8.75647856e-08  1.18000000e+00 
 1.19000000e+00  4.55477506e-01  3.44291340e-09  4.55477506e-01  4.55477506e-01  4.55477506e-01  4.55477506e-01  3.60537440e-09  1.53207589e-07  8.75648709e-08  1.19000000e+00 
 1.20000000e+00  4.55477492e-01  3.44291334e-09  4.55477492e-01  4.55477492e-01  4.55477492e-01  4.55477492e-01  3.60537446e-09  1.53207562e-07  8.75647999e-08  1.20000000e+00 
 1.21000000e+00  4.55477503e-01  3.44291340e-09  4.55477503e-01  4.55477503e-01  4.55477503e-01  4.55477503e-01  3.60537440e-09  1.53207573e-07  8.75645298e-08  1.21000000e+00 
 1.22000000e+00  4.55477503e-01  3.44291340e-09  4.55477503e-01  4.55477503e-01  4.55477503e-01  4.55477503e-01  3.60537446e-09  1.53207578e-07  8.75644020e-08  1.22000000e+00 
 1.23000000e+00  4.55477516e-01  3.44291340e-09  4.55477516e-01  4.55477516e-01  4.55477516e-01  4.55477516e-01  3.60537446e-09  1.53207601e-07  8.75643735e-08  1.23000000e+00 
 1.24000000e+00  4.55477529e-01  3.44291334e-09  4.55477529e-01  4.55477529e-01  4.55477529e-01  4.55477529e-01  3.60537446e-09  1.53207629e-07  8.75643877e-08  1.24000000e+00 
 1.25000000e+00  4.55477534e-01  3.44291334e-09  4.55477534e-01  4.55477534e-01  4.55477534e-01  4.55477534e-01  3.60537446e-09  1.53207629e-07  8.75642314e-08  1.25000000e+00 
 1.26000000e+00  4.55477516e-01  3.44291334e-09  4.55477516e-01  4.55477517e-01  4.55477517e-01  4.55477517e-01  3.60537441e-09  1.53207619e-07  8.75642172e-08  1.26000000e+00 
 1.27000000e+00  4.55477516e-01  3.44291334e-09  4.55477516e-01  4.55477516e-01  4.55477516e-01  4.55477516e-01  3.60537441e-09  1.53207610e-07  8.75640325e-08  1.27000000e+00 
 1.28000000e+00  4.55477517e-01  3.44291340e-09  4.55477517e-01  4.55477517e-01  4.55477517e-01  4.55477517e-01  3.60537446e-09  1.53207615e-07  8.75638619e-08  1.28000000e+00 
 1.29000000e+00  4.55477507e-01  3.44291340e-09  4.55477507e-01  4.55477507e-01  4.55477507e-01  4.55477507e-01  3.60537440e-09  1.53207595e-07  8.75638761e-08  1.29000000e+00 
 1.30000000e+00  4.55477501e-01  3.44291340e-09  4.55477501e-01  4.55477501e-01  4.55477501e-01  4.55477501e-01  3.60537446e-09  1.53207575e-07  8.75637483e-08  1.30000000e+00 
 1.31000000e+00  4.55477521e-01  3.44291340e-09  4.55477521e-01  4.55477521e-01  4.55477521e-01  4.55477521e-01  3.60537441e-09  1.53207609e-07  8.75636204e-08  1.31000000e+00 
 1.32000000e+00  4.55477508e-01  3.44291334e-09  4.55477508e-01  4.55477508e-01  4.55477508e-01  4.55477508e-01  3.60537440e-09  1.53207590e-07  8.75635067e-08  1.32000000e+00 
 1.33000000e+00  4.55477516e-01  3.44291334e-09  4.55477517e-01  4.55477517e-01  4.55477517e-01  4.55477517e-01  3.60537446e-09  1.53207603e-07  8.75634925e-08  1.33000000e+00 
 1.34000000e+00  4.55477520e-01  3.44291334e-09  4.55477520e-01  4.55477520e-01  4.55477520e-01  4.55477520e-01  3.60537446e-09  1.53207619e-07  8.75634072e-08  1.34000000e+00 
 1.35000000e+00  4.55477538e-01  3.44291335e-09  4.55477538e-01  4.55477538e-01  4.55477538e-01  4.55477538e-01  3.60537441e-09  1.53207629e-07  8.75632082e-08  1.35000000e+00 
 1.36000000e+00  4.55477508e-01  3.44291334e-09  4.55477509e-01  4.55477509e-01  4.55477509e-01  4.55477509e-01  3.60537440e-09  1.53207590e-07  8.75629951e-08  1.36000000e+00 
 1.37000000e+00  4.55477512e-01  3.44291340e-09  4.55477512e-01  4.55477512e-01  4.55477512e-01  4.55477513e-01  3.60537446e-09  1.53207579e-07  8.75628530e-08  1.37000000e+00 
 1.38000000e+00  4.55477471e-01  3.44291340e-09  4.55477471e-01  4.55477471e-01  4.55477471e-01  4.55477471e-01  3.60537440e-09  1.53207533e-07  8.75626966e-08  1.38000000e+00 
 1.39000000e+00  4.55477523e-01  3.44291334e-09  4.55477523e-01  4.55477523e-01  4.55477523e-01  4.55477523e-01  3.60537441e-09  1.53207611e-07  8.75626824e-08  1.39000000e+00 
 1.40000000e+00  4.55477521e-01  3.44291334e-09  4.55477521e-01  4.55477521e-01  4.55477521e-01  4.55477521e-01  3.60537441e-09  1.53207604e-07  8.75625830e-08  1.40000000e+00 
 1.41000000e+00  4.55477496e-01  3.44291334e-09  4.55477496e-01  4.55477496e-01  4.55477496e-01  4.55477496e-01  3.60537440e-09  1.53207576e-07  8.75622987e-08  1.41000000e+00 
 1.42000000e+00  4.55477489e-01  3.44291340e-09  4.55477490e-01  4.55477490e-01  4.55477490e-01  4.55477490e-01  3.60537446e-09  1.53207566e-07  8.75620998e-08  1.42000000e+00 
 1.43000000e+00  4.55477502e-01  3.44291334e-09  4.55477502e-01  4.55477502e-01  4.55477502e-01  4.55477502e-01  3.60537446e-09  1.53207582e-07  8.75619008e-08  1.43000000e+00 
 1.44000000e+00  4.55477519e-01  3.44291340e-09  4.55477519e-01  4.55477519e-01  4.55477519e-01  4.55477519e-01  3.60537446e-09  1.53207614e-07  8.75616877e-08  1.44000000e+00 
 1.45000000e+00  4.55477514e-01  3.44291334e-09  4.55477514e-01  4.55477514e-01  4.55477514e-01  4.55477514e-01  3.60537440e-09  1.53207612e-07  8.75615029e-08  1.45000000e+00 
 1.46000000e+00  4.55477514e-01  3.44291340e-09  4.55477514e-01  4.55477514e-01  4.55477514e-01  4.55477514e-01  3.60537446e-09  1.53207594e-07  8.75612756e-08  1.46000000e+00 
 1.47000000e+00  4.55477524e-01  3.44291340e-09  4.55477524e-01  4.55477524e-01  4.55477524e-01  4.55477524e-01  3.60537441e-09  1.53207606e-07  8.75609629e-08  1.47000000e+00 
 1.48000000e+00  4.55477519e-01  3.44291334e-09  4.55477520e-01  4.55477520e-01  4.55477520e-01  4.55477520e-01  3.60537446e-09  1.53207600e-07  8.75606645e-08  1.48000000e+00 
 1.49000000e+00  4.55477507e-01  3.44291334e-09  4.55477507e-01  4.55477507e-01  4.55477507e-01  4.55477507e-01  3.60537440e-09  1.53207577e-07  8.75601387e-08  1.49000000e+00 
 1.50000000e+00  4.55477519e-01  3.44291340e-09  4.55477519e-01  4.55477519e-01  4.55477519e-01  4.55477519e-01  3.60537441e-09  1.53207604e-07  8.75596555e-08  1.50000000e+00 
 1.51000000e+00  4.55477534e-01  3.44291334e-09  4.55477534e-01  4.55477534e-01  4.55477534e-01  4.55477534e-01  3.60537446e-09  1.53207626e-07  8.75591439e-08  1.51000000e+00 
 1.52000000e+00  4.55477513e-01  3.44291334e-09  4.55477513e-01  4.55477513e-01  4.55477513e-01  4.55477513e-01  3.60537446e-09  1.53207608e-07  8.75583197e-08  1.52000000e+00 
 1.53000000e+00  4.55477490e-01  3.44291334e-09  4.55477490e-01  4.55477490e-01  4.55477490e-01  4.55477490e-01  3.60537440e-09  1.53207552e-07  8.75571686e-08  1.53000000e+00 
 1.54000000e+00  4.55477493e-01  3.44291334e-09  4.55477494e-01  4.55477494e-01  4.55477494e-01  4.55477494e-01  3.60537446e-09  1.53207572e-07  8.75557618e-08  1.54000000e+00 
 1.55000000e+00  4.55477500e-01  3.44291334e-09  4.55477501e-01  4.55477501e-01  4.55477501e-01  4.55477501e-01  3.60537446e-09  1.53207585e-07  8.75539143e-08  1.55000000e+00 
 1.56000000e+00  4.55477497e-01  3.44291334e-09  4.55477498e-01  4.55477498e-01  4.55477498e-01  4.55477498e-01  3.60537440e-09  1.53207582e-07  8.75509869e-08  1.56000000e+00 
 1.57000000e+00  4.55477519e-01  3.44291334e-09  4.55477519e-01  4.55477519e-01  4.55477519e-01  4.55477519e-01  3.60537441e-09  1.53207607e-07  8.75464536e-08  1.57000000e+00 
 1.58000000e+00  4.55477520e-01  3.44291340e-09  4.55477520e-01  4.55477520e-01  4.55477520e-01  4.55477520e-01  3.60537446e-09  1.53207622e-07  8.75390072e-08  1.58000000e+00 
 1.59000000e+00  4.55477509e-01  3.44291340e-09  4.55477510e-01  4.55477510e-01  4.55477510e-01  4.55477510e-01  3.60537440e-09  1.53207603e-07  8.75255779e-08  1.59000000e+00 
 1.60000000e+00  4.55477515e-01  3.44291334e-09  4.55477515e-01  4.55477515e-01  4.55477515e-01  4.55477515e-01  3.60537446e-09  1.53207608e-07  8.75019595e-08  1.60000000e+00 
 1.61000000e+00  4.55477519e-01  3.44291334e-09  4.55477519e-01  4.55477519e-01  4.55477519e-01  4.55477519e-01  3.60537441e-09  1.53207603e-07  8.74578632e-08  1.61000000e+00 
 1.62000000e+00  4.55477497e-01  3.44291334e-09  4.55477497e-01  4.55477498e-01  4.55477498e-01  4.55477498e-01  3.60537446e-09  1.53207575e-07  8.73687185e-08  1.62000000e+00 
 1.63000000e+00  4.55477525e-01  3.44291340e-09  4.55477525e-01  4.55477525e-01  4.55477525e-01  4.55477525e-01  3.60537446e-09  1.53207606e-07  8.71262102e-08  1.63000000e+00 
 1.64000000e+00  4.55477494e-01  3.44291334e-09  4.55477494e-01  4.55477494e-01  4.55477494e-01  4.55477494e-01  3.60537440e-09  1.53207558e-07  8.61788294e-08  1.64000000e+00 
 1.65000000e+00  4.55477515e-01  3.44291334e-09  4.55477515e-01  4.55477515e-01  4.55477516e-01  4.55477516e-01  3.60537441e-09  1.53207601e-07  8.41527310e-08  1.65000000e+00 
 1.66000000e+00  4.55477506e-01  3.44291340e-09  4.55477506e-01  4.55477506e-01  4.55477506e-01  4.55477506e-01  3.60537440e-09  1.53207576e-07  6.85662371e-08  1.66000000e+00 
 1.67000000e+00  4.55477499e-01  3.44291340e-09  4.55477499e-01  4.55477499e-01  4.55477499e-01  4.55477499e-01  3.60537446e-09  1.53207566e-07  5.52372228e-08  1.67000000e+00 
 1.68000000e+00  4.55477499e-01  3.44291334e-09  4.55477499e-01  4.55477499e-01  4.55477499e-01  4.55477499e-01  3.60537446e-09  1.53207578e-07  4.41314967e-08  1.68000000e+00 
 1.69000000e+00  4.55477518e-01  3.44291334e-09  4.55477518e-01  4.55477518e-01  4.55477518e-01  4.55477518e-01  3.60537441e-09  1.53207600e-07  3.49503892e-08  1.69000000e+00 
 1.70000000e+00  4.55477520e-01  3.44291334e-09  4.55477520e-01  4.55477520e-01  4.55477520e-01  4.55477520e-01  3.60537441e-09  1.53207622e-07  2.74029901e-08  1.70000000e+00 
 1.71000000e+00  4.55477505e-01  3.44291340e-09  4.55477506e-01  4.55477506e-01  4.55477506e-01  4.55477506e-01  3.60537440e-09  1.53207595e-07  2.12221067e-08  1.71000000e+00 
 1.72000000e+00  4.55477494e-01  3.44291340e-09  4.55477495e-01  4.55477495e-01  4.55477495e-01  4.55477495e-01  3.60537446e-09  1.53207568e-07  1.61755054e-08  1.72000000e+00 
 1.73000000e+00  4.55477508e-01  3.44291340e-09  4.55477509e-01  4.55477509e-01  4.55477509e-01  4.55477509e-01  3.60537440e-09  1.53207599e-07  1.20606387e-08  1.73000000e+00 
 1.74000000e+00  4.55477528e-01  3.44291340e-09  4.55477529e-01  4.55477529e-01  4.55477529e-01  4.55477529e-01  3.60537441e-09  1.53207611e-07  8.70312533e-09  1.74000000e+00 
 1.75000000e+00  4.55477497e-01  3.44291334e-09  4.55477497e-01  4.55477497e-01  4.55477497e-01  4.55477497e-01  3.60537440e-09  1.53207582e-07  5.95152017e-09  1.75000000e+00 
 1.76000000e+00  4.55477495e-01  3.44291340e-09  4.55477495e-01  4.55477495e-01  4.55477496e-01  4.55477496e-01  3.60537440e-09  1.53207564e-07  3.67674602e-09  1.76000000e+00 
 1.77000000e+00  4.55477516e-01  3.44291334e-09  4.55477516e-01  4.55477516e-01  4.55477516e-01  4.55477516e-01  3.60537446e-09  1.53207595e-07  1.77738002e-09  1.77000000e+00 
 1.78000000e+00  4.55477530e-01  3.44291334e-09  4.55477530e-01  4.55477530e-01  4.55477530e-01  4.55477530e-01  3.60537446e-09  1.53207621e-07  1.91306526e-10  1.78000000e+00 
 1.79000000e+00  4.55477528e-01  3.44291340e-09  4.55477528e-01  4.55477528e-01  4.55477528e-01  4.55477528e-01  3.60537441e-09  1.53207628e-07 -1.10125598e-09  1.79000000e+00 
 1.80000000e+00  4.55477510e-01  3.44291340e-09  4.55477510e-01  4.55477510e-01  4.55477510e-01  4.55477510e-01  3.60537446e-09  1.53207601e-07 -2.09932693e-09  1.80000000e+00 
