 v-sweep         v(b0)           v(b1)           v(b2)           v(b3)           v(b4)           v(b5)           v(b6)           i(vbias)        i(viout)        v(vout)        
 0.00000000e+00  4.59440514e-01  4.59440514e-01  3.19536754e-09  3.13555204e-09  4.59440514e-01  3.51204965e-09  3.25512401e-09  1.63044231e-07  2.94228059e-08  0.00000000e+00 
 1.00000000e-02  4.59440490e-01  4.59440490e-01  3.19536752e-09  3.13555208e-09  4.59440490e-01  3.51204963e-09  3.25512398e-09  1.63044180e-07  2.94223271e-08  1.00000000e-02 
 2.00000000e-02  4.59440509e-01  4.59440509e-01  3.19536752e-09  3.13555208e-09  4.59440509e-01  3.51204969e-09  3.25512399e-09  1.63044216e-07  2.94219964e-08  2.00000000e-02 
 3.00000000e-02  4.59440522e-01  4.59440521e-01  3.19536752e-09  3.13555208e-09  4.59440521e-01  3.51204963e-09  3.25512399e-09  1.63044232e-07  2.94215330e-08  3.00000000e-02 
 4.00000000e-02  4.59440510e-01  4.59440510e-01  3.19536758e-09  3.13555208e-09  4.59440510e-01  3.51204969e-09  3.25512399e-09  1.63044216e-07  2.94213147e-08  4.00000000e-02 
 5.00000000e-02  4.59440499e-01  4.59440499e-01  3.19536756e-09  3.13555208e-09  4.59440499e-01  3.51204963e-09  3.25512399e-09  1.63044197e-07  2.94208866e-08  5.00000000e-02 
 6.00000000e-02  4.59440495e-01  4.59440495e-01  3.19536752e-09  3.13555208e-09  4.59440495e-01  3.51204969e-09  3.25512399e-09  1.63044181e-07  2.94205043e-08  6.00000000e-02 
 7.00000000e-02  4.59440499e-01  4.59440499e-01  3.19536758e-09  3.13555208e-09  4.59440499e-01  3.51204963e-09  3.25512393e-09  1.63044213e-07  2.94203066e-08  7.00000000e-02 
 8.00000000e-02  4.59440508e-01  4.59440508e-01  3.19536751e-09  3.13555208e-09  4.59440508e-01  3.51204963e-09  3.25512399e-09  1.63044199e-07  2.94199571e-08  8.00000000e-02 
 9.00000000e-02  4.59440489e-01  4.59440489e-01  3.19536752e-09  3.13555214e-09  4.59440489e-01  3.51204969e-09  3.25512393e-09  1.63044183e-07  2.94196978e-08  9.00000000e-02 
 1.00000000e-01  4.59440532e-01  4.59440532e-01  3.19536752e-09  3.13555208e-09  4.59440532e-01  3.51204969e-09  3.25512399e-09  1.63044250e-07  2.94195113e-08  1.00000000e-01 
 1.10000000e-01  4.59440506e-01  4.59440506e-01  3.19536752e-09  3.13555208e-09  4.59440506e-01  3.51204963e-09  3.25512393e-09  1.63044226e-07  2.94192208e-08  1.10000000e-01 
 1.20000000e-01  4.59440505e-01  4.59440505e-01  3.19536752e-09  3.13555208e-09  4.59440505e-01  3.51204969e-09  3.25512399e-09  1.63044208e-07  2.94189695e-08  1.20000000e-01 
 1.30000000e-01  4.59440510e-01  4.59440510e-01  3.19536758e-09  3.13555208e-09  4.59440510e-01  3.51204963e-09  3.25512393e-09  1.63044220e-07  2.94187972e-08  1.30000000e-01 
 1.40000000e-01  4.59440485e-01  4.59440485e-01  3.19536756e-09  3.13555208e-09  4.59440485e-01  3.51204963e-09  3.25512398e-09  1.63044181e-07  2.94185805e-08  1.40000000e-01 
 1.50000000e-01  4.59440485e-01  4.59440485e-01  3.19536752e-09  3.13555208e-09  4.59440485e-01  3.51204963e-09  3.25512398e-09  1.63044180e-07  2.94183859e-08  1.50000000e-01 
 1.60000000e-01  4.59440508e-01  4.59440508e-01  3.19536752e-09  3.13555208e-09  4.59440508e-01  3.51204969e-09  3.25512399e-09  1.63044218e-07  2.94183078e-08  1.60000000e-01 
 1.70000000e-01  4.59440517e-01  4.59440517e-01  3.19536758e-09  3.13555208e-09  4.59440517e-01  3.51204963e-09  3.25512399e-09  1.63044229e-07  2.94179294e-08  1.70000000e-01 
 1.80000000e-01  4.59440512e-01  4.59440512e-01  3.19536751e-09  3.13555208e-09  4.59440512e-01  3.51204963e-09  3.25512399e-09  1.63044227e-07  2.94178690e-08  1.80000000e-01 
 1.90000000e-01  4.59440508e-01  4.59440508e-01  3.19536758e-09  3.13555208e-09  4.59440508e-01  3.51204969e-09  3.25512399e-09  1.63044203e-07  2.94176274e-08  1.90000000e-01 
 2.00000000e-01  4.59440512e-01  4.59440512e-01  3.19536751e-09  3.13555208e-09  4.59440512e-01  3.51204969e-09  3.25512393e-09  1.63044225e-07  2.94175244e-08  2.00000000e-01 
 2.10000000e-01  4.59440499e-01  4.59440499e-01  3.19536753e-09  3.13555208e-09  4.59440499e-01  3.51204969e-09  3.25512399e-09  1.63044206e-07  2.94173308e-08  2.10000000e-01 
 2.20000000e-01  4.59440503e-01  4.59440503e-01  3.19536752e-09  3.13555208e-09  4.59440503e-01  3.51204963e-09  3.25512399e-09  1.63044211e-07  2.94171567e-08  2.20000000e-01 
 2.30000000e-01  4.59440512e-01  4.59440512e-01  3.19536752e-09  3.13555208e-09  4.59440512e-01  3.51204963e-09  3.25512393e-09  1.63044222e-07  2.94169826e-08  2.30000000e-01 
 2.40000000e-01  4.59440499e-01  4.59440499e-01  3.19536752e-09  3.13555208e-09  4.59440499e-01  3.51204963e-09  3.25512399e-09  1.63044204e-07  2.94169453e-08  2.40000000e-01 
 2.50000000e-01  4.59440483e-01  4.59440483e-01  3.19536752e-09  3.13555208e-09  4.59440483e-01  3.51204969e-09  3.25512398e-09  1.63044176e-07  2.94168174e-08  2.50000000e-01 
 2.60000000e-01  4.59440495e-01  4.59440495e-01  3.19536752e-09  3.13555208e-09  4.59440495e-01  3.51204969e-09  3.25512399e-09  1.63044204e-07  2.94167446e-08  2.60000000e-01 
 2.70000000e-01  4.59440506e-01  4.59440506e-01  3.19536758e-09  3.13555208e-09  4.59440506e-01  3.51204969e-09  3.25512399e-09  1.63044204e-07  2.94165456e-08  2.70000000e-01 
 2.80000000e-01  4.59440514e-01  4.59440514e-01  3.19536751e-09  3.13555208e-09  4.59440514e-01  3.51204963e-09  3.25512399e-09  1.63044216e-07  2.94164106e-08  2.80000000e-01 
 2.90000000e-01  4.59440484e-01  4.59440484e-01  3.19536758e-09  3.13555208e-09  4.59440484e-01  3.51204963e-09  3.25512398e-09  1.63044167e-07  2.94163911e-08  2.90000000e-01 
 3.00000000e-01  4.59440521e-01  4.59440521e-01  3.19536756e-09  3.13555208e-09  4.59440521e-01  3.51204963e-09  3.25512399e-09  1.63044234e-07  2.94163662e-08  3.00000000e-01 
 3.10000000e-01  4.59440478e-01  4.59440478e-01  3.19536752e-09  3.13555208e-09  4.59440478e-01  3.51204969e-09  3.25512393e-09  1.63044171e-07  2.94161389e-08  3.10000000e-01 
 3.20000000e-01  4.59440477e-01  4.59440477e-01  3.19536752e-09  3.13555208e-09  4.59440477e-01  3.51204969e-09  3.25512393e-09  1.63044165e-07  2.94161104e-08  3.20000000e-01 
 3.30000000e-01  4.59440500e-01  4.59440500e-01  3.19536758e-09  3.13555214e-09  4.59440500e-01  3.51204963e-09  3.25512399e-09  1.63044203e-07  2.94159967e-08  3.30000000e-01 
 3.40000000e-01  4.59440490e-01  4.59440490e-01  3.19536756e-09  3.13555208e-09  4.59440490e-01  3.51204963e-09  3.25512398e-09  1.63044199e-07  2.94158795e-08  3.40000000e-01 
 3.50000000e-01  4.59440499e-01  4.59440499e-01  3.19536753e-09  3.13555208e-09  4.59440499e-01  3.51204969e-09  3.25512399e-09  1.63044195e-07  2.94157481e-08  3.50000000e-01 
 3.60000000e-01  4.59440497e-01  4.59440497e-01  3.19536758e-09  3.13555208e-09  4.59440497e-01  3.51204969e-09  3.25512399e-09  1.63044184e-07  2.94157765e-08  3.60000000e-01 
 3.70000000e-01  4.59440522e-01  4.59440522e-01  3.19536751e-09  3.13555208e-09  4.59440522e-01  3.51204969e-09  3.25512399e-09  1.63044235e-07  2.94156770e-08  3.70000000e-01 
 3.80000000e-01  4.59440499e-01  4.59440499e-01  3.19536753e-09  3.13555208e-09  4.59440499e-01  3.51204969e-09  3.25512399e-09  1.63044199e-07  2.94155171e-08  3.80000000e-01 
 3.90000000e-01  4.59440491e-01  4.59440491e-01  3.19536758e-09  3.13555208e-09  4.59440491e-01  3.51204963e-09  3.25512398e-09  1.63044204e-07  2.94154390e-08  3.90000000e-01 
 4.00000000e-01  4.59440496e-01  4.59440496e-01  3.19536751e-09  3.13555208e-09  4.59440496e-01  3.51204969e-09  3.25512393e-09  1.63044204e-07  2.94153715e-08  4.00000000e-01 
 4.10000000e-01  4.59440526e-01  4.59440526e-01  3.19536753e-09  3.13555208e-09  4.59440526e-01  3.51204969e-09  3.25512393e-09  1.63044244e-07  2.94153679e-08  4.10000000e-01 
 4.20000000e-01  4.59440503e-01  4.59440503e-01  3.19536752e-09  3.13555208e-09  4.59440503e-01  3.51204963e-09  3.25512399e-09  1.63044205e-07  2.94152898e-08  4.20000000e-01 
 4.30000000e-01  4.59440498e-01  4.59440498e-01  3.19536752e-09  3.13555208e-09  4.59440498e-01  3.51204969e-09  3.25512399e-09  1.63044208e-07  2.94152684e-08  4.30000000e-01 
 4.40000000e-01  4.59440514e-01  4.59440514e-01  3.19536752e-09  3.13555208e-09  4.59440514e-01  3.51204969e-09  3.25512393e-09  1.63044211e-07  2.94150908e-08  4.40000000e-01 
 4.50000000e-01  4.59440500e-01  4.59440500e-01  3.19536752e-09  3.13555208e-09  4.59440500e-01  3.51204969e-09  3.25512393e-09  1.63044202e-07  2.94150588e-08  4.50000000e-01 
 4.60000000e-01  4.59440519e-01  4.59440519e-01  3.19536758e-09  3.13555208e-09  4.59440519e-01  3.51204963e-09  3.25512393e-09  1.63044231e-07  2.94150446e-08  4.60000000e-01 
 4.70000000e-01  4.59440496e-01  4.59440496e-01  3.19536751e-09  3.13555208e-09  4.59440496e-01  3.51204963e-09  3.25512393e-09  1.63044188e-07  2.94148705e-08  4.70000000e-01 
 4.80000000e-01  4.59440499e-01  4.59440499e-01  3.19536753e-09  3.13555208e-09  4.59440499e-01  3.51204969e-09  3.25512393e-09  1.63044201e-07  2.94149451e-08  4.80000000e-01 
 4.90000000e-01  4.59440493e-01  4.59440493e-01  3.19536752e-09  3.13555208e-09  4.59440493e-01  3.51204963e-09  3.25512399e-09  1.63044191e-07  2.94148599e-08  4.90000000e-01 
 5.00000000e-01  4.59440495e-01  4.59440495e-01  3.19536758e-09  3.13555208e-09  4.59440495e-01  3.51204969e-09  3.25512399e-09  1.63044206e-07  2.94147462e-08  5.00000000e-01 
 5.10000000e-01  4.59440482e-01  4.59440482e-01  3.19536751e-09  3.13555208e-09  4.59440482e-01  3.51204969e-09  3.25512393e-09  1.63044179e-07  2.94147000e-08  5.10000000e-01 
 5.20000000e-01  4.59440512e-01  4.59440512e-01  3.19536753e-09  3.13555208e-09  4.59440512e-01  3.51204969e-09  3.25512399e-09  1.63044214e-07  2.94146076e-08  5.20000000e-01 
 5.30000000e-01  4.59440504e-01  4.59440504e-01  3.19536752e-09  3.13555208e-09  4.59440504e-01  3.51204963e-09  3.25512399e-09  1.63044210e-07  2.94145757e-08  5.30000000e-01 
 5.40000000e-01  4.59440503e-01  4.59440503e-01  3.19536752e-09  3.13555208e-09  4.59440503e-01  3.51204969e-09  3.25512399e-09  1.63044199e-07  2.94146361e-08  5.40000000e-01 
 5.50000000e-01  4.59440517e-01  4.59440517e-01  3.19536752e-09  3.13555208e-09  4.59440517e-01  3.51204969e-09  3.25512393e-09  1.63044229e-07  2.94143980e-08  5.50000000e-01 
 5.60000000e-01  4.59440514e-01  4.59440514e-01  3.19536752e-09  3.13555208e-09  4.59440514e-01  3.51204969e-09  3.25512399e-09  1.63044234e-07  2.94145011e-08  5.60000000e-01 
 5.70000000e-01  4.59440506e-01  4.59440506e-01  3.19536752e-09  3.13555208e-09  4.59440506e-01  3.51204963e-09  3.25512393e-09  1.63044202e-07  2.94143980e-08  5.70000000e-01 
 5.80000000e-01  4.59440501e-01  4.59440501e-01  3.19536758e-09  3.13555208e-09  4.59440501e-01  3.51204969e-09  3.25512399e-09  1.63044208e-07  2.94143447e-08  5.80000000e-01 
 5.90000000e-01  4.59440490e-01  4.59440490e-01  3.19536751e-09  3.13555208e-09  4.59440490e-01  3.51204963e-09  3.25512398e-09  1.63044186e-07  2.94142524e-08  5.90000000e-01 
 6.00000000e-01  4.59440503e-01  4.59440503e-01  3.19536753e-09  3.13555208e-09  4.59440503e-01  3.51204969e-09  3.25512393e-09  1.63044197e-07  2.94142453e-08  6.00000000e-01 
 6.10000000e-01  4.59440500e-01  4.59440500e-01  3.19536752e-09  3.13555208e-09  4.59440500e-01  3.51204963e-09  3.25512393e-09  1.63044201e-07  2.94141316e-08  6.10000000e-01 
 6.20000000e-01  4.59440498e-01  4.59440498e-01  3.19536752e-09  3.13555208e-09  4.59440498e-01  3.51204963e-09  3.25512399e-09  1.63044204e-07  2.94141103e-08  6.20000000e-01 
 6.30000000e-01  4.59440480e-01  4.59440480e-01  3.19536752e-09  3.13555208e-09  4.59440480e-01  3.51204963e-09  3.25512398e-09  1.63044170e-07  2.94140818e-08  6.30000000e-01 
 6.40000000e-01  4.59440504e-01  4.59440504e-01  3.19536752e-09  3.13555208e-09  4.59440503e-01  3.51204969e-09  3.25512399e-09  1.63044207e-07  2.94139966e-08  6.40000000e-01 
 6.50000000e-01  4.59440517e-01  4.59440517e-01  3.19536752e-09  3.13555208e-09  4.59440517e-01  3.51204969e-09  3.25512393e-09  1.63044220e-07  2.94139397e-08  6.50000000e-01 
 6.60000000e-01  4.59440517e-01  4.59440517e-01  3.19536758e-09  3.13555208e-09  4.59440517e-01  3.51204963e-09  3.25512399e-09  1.63044219e-07  2.94138047e-08  6.60000000e-01 
 6.70000000e-01  4.59440497e-01  4.59440497e-01  3.19536756e-09  3.13555208e-09  4.59440497e-01  3.51204969e-09  3.25512393e-09  1.63044205e-07  2.94137763e-08  6.70000000e-01 
 6.80000000e-01  4.59440514e-01  4.59440514e-01  3.19536753e-09  3.13555208e-09  4.59440514e-01  3.51204963e-09  3.25512393e-09  1.63044218e-07  2.94137692e-08  6.80000000e-01 
 6.90000000e-01  4.59440504e-01  4.59440504e-01  3.19536752e-09  3.13555208e-09  4.59440504e-01  3.51204969e-09  3.25512399e-09  1.63044215e-07  2.94137479e-08  6.90000000e-01 
 7.00000000e-01  4.59440510e-01  4.59440510e-01  3.19536758e-09  3.13555208e-09  4.59440510e-01  3.51204963e-09  3.25512399e-09  1.63044218e-07  2.94135845e-08  7.00000000e-01 
 7.10000000e-01  4.59440527e-01  4.59440527e-01  3.19536756e-09  3.13555208e-09  4.59440527e-01  3.51204969e-09  3.25512399e-09  1.63044241e-07  2.94136484e-08  7.10000000e-01 
 7.20000000e-01  4.59440505e-01  4.59440505e-01  3.19536753e-09  3.13555208e-09  4.59440505e-01  3.51204963e-09  3.25512399e-09  1.63044208e-07  2.94135560e-08  7.20000000e-01 
 7.30000000e-01  4.59440500e-01  4.59440500e-01  3.19536758e-09  3.13555208e-09  4.59440500e-01  3.51204963e-09  3.25512399e-09  1.63044204e-07  2.94135276e-08  7.30000000e-01 
 7.40000000e-01  4.59440510e-01  4.59440510e-01  3.19536756e-09  3.13555208e-09  4.59440510e-01  3.51204969e-09  3.25512399e-09  1.63044220e-07  2.94134281e-08  7.40000000e-01 
 7.50000000e-01  4.59440504e-01  4.59440503e-01  3.19536753e-09  3.13555208e-09  4.59440503e-01  3.51204969e-09  3.25512399e-09  1.63044221e-07  2.94133997e-08  7.50000000e-01 
 7.60000000e-01  4.59440497e-01  4.59440497e-01  3.19536752e-09  3.13555208e-09  4.59440497e-01  3.51204969e-09  3.25512399e-09  1.63044194e-07  2.94133002e-08  7.60000000e-01 
 7.70000000e-01  4.59440510e-01  4.59440510e-01  3.19536752e-09  3.13555208e-09  4.59440510e-01  3.51204963e-09  3.25512399e-09  1.63044216e-07  2.94132860e-08  7.70000000e-01 
 7.80000000e-01  4.59440501e-01  4.59440501e-01  3.19536752e-09  3.13555208e-09  4.59440501e-01  3.51204963e-09  3.25512393e-09  1.63044201e-07  2.94132718e-08  7.80000000e-01 
 7.90000000e-01  4.59440509e-01  4.59440509e-01  3.19536752e-09  3.13555208e-09  4.59440509e-01  3.51204963e-09  3.25512399e-09  1.63044212e-07  2.94132363e-08  7.90000000e-01 
 8.00000000e-01  4.59440515e-01  4.59440515e-01  3.19536752e-09  3.13555208e-09  4.59440515e-01  3.51204969e-09  3.25512399e-09  1.63044231e-07  2.94129592e-08  8.00000000e-01 
 8.10000000e-01  4.59440510e-01  4.59440510e-01  3.19536752e-09  3.13555208e-09  4.59440510e-01  3.51204963e-09  3.25512399e-09  1.63044208e-07  2.94129805e-08  8.10000000e-01 
 8.20000000e-01  4.59440508e-01  4.59440508e-01  3.19536752e-09  3.13555208e-09  4.59440508e-01  3.51204969e-09  3.25512393e-09  1.63044207e-07  2.94129947e-08  8.20000000e-01 
 8.30000000e-01  4.59440514e-01  4.59440514e-01  3.19536758e-09  3.13555208e-09  4.59440514e-01  3.51204963e-09  3.25512399e-09  1.63044208e-07  2.94129734e-08  8.30000000e-01 
 8.40000000e-01  4.59440510e-01  4.59440510e-01  3.19536756e-09  3.13555208e-09  4.59440510e-01  3.51204969e-09  3.25512393e-09  1.63044219e-07  2.94128597e-08  8.40000000e-01 
 8.50000000e-01  4.59440499e-01  4.59440499e-01  3.19536753e-09  3.13555208e-09  4.59440499e-01  3.51204963e-09  3.25512399e-09  1.63044200e-07  2.94128739e-08  8.50000000e-01 
 8.60000000e-01  4.59440507e-01  4.59440507e-01  3.19536752e-09  3.13555208e-09  4.59440507e-01  3.51204969e-09  3.25512399e-09  1.63044211e-07  2.94128384e-08  8.60000000e-01 
 8.70000000e-01  4.59440498e-01  4.59440498e-01  3.19536752e-09  3.13555208e-09  4.59440498e-01  3.51204963e-09  3.25512399e-09  1.63044201e-07  2.94127176e-08  8.70000000e-01 
 8.80000000e-01  4.59440502e-01  4.59440502e-01  3.19536752e-09  3.13555208e-09  4.59440502e-01  3.51204963e-09  3.25512393e-09  1.63044201e-07  2.94127744e-08  8.80000000e-01 
 8.90000000e-01  4.59440500e-01  4.59440500e-01  3.19536752e-09  3.13555208e-09  4.59440500e-01  3.51204969e-09  3.25512393e-09  1.63044201e-07  2.94126394e-08  8.90000000e-01 
 9.00000000e-01  4.59440515e-01  4.59440515e-01  3.19536752e-09  3.13555208e-09  4.59440515e-01  3.51204963e-09  3.25512399e-09  1.63044225e-07  2.94126181e-08  9.00000000e-01 
 9.10000000e-01  4.59440493e-01  4.59440493e-01  3.19536752e-09  3.13555208e-09  4.59440493e-01  3.51204969e-09  3.25512393e-09  1.63044185e-07  2.94125329e-08  9.10000000e-01 
 9.20000000e-01  4.59440488e-01  4.59440488e-01  3.19536752e-09  3.13555208e-09  4.59440488e-01  3.51204963e-09  3.25512398e-09  1.63044184e-07  2.94122984e-08  9.20000000e-01 
 9.30000000e-01  4.59440492e-01  4.59440492e-01  3.19536752e-09  3.13555208e-09  4.59440492e-01  3.51204963e-09  3.25512393e-09  1.63044184e-07  2.94124405e-08  9.30000000e-01 
 9.40000000e-01  4.59440500e-01  4.59440500e-01  3.19536752e-09  3.13555208e-09  4.59440500e-01  3.51204963e-09  3.25512399e-09  1.63044216e-07  2.94123552e-08  9.40000000e-01 
 9.50000000e-01  4.59440523e-01  4.59440523e-01  3.19536752e-09  3.13555208e-09  4.59440523e-01  3.51204963e-09  3.25512399e-09  1.63044235e-07  2.94122344e-08  9.50000000e-01 
 9.60000000e-01  4.59440527e-01  4.59440527e-01  3.19536752e-09  3.13555208e-09  4.59440527e-01  3.51204969e-09  3.25512393e-09  1.63044234e-07  2.94122557e-08  9.60000000e-01 
 9.70000000e-01  4.59440502e-01  4.59440502e-01  3.19536752e-09  3.13555208e-09  4.59440502e-01  3.51204963e-09  3.25512393e-09  1.63044208e-07  2.94121918e-08  9.70000000e-01 
 9.80000000e-01  4.59440483e-01  4.59440483e-01  3.19536758e-09  3.13555208e-09  4.59440483e-01  3.51204969e-09  3.25512393e-09  1.63044164e-07  2.94120355e-08  9.80000000e-01 
 9.90000000e-01  4.59440500e-01  4.59440500e-01  3.19536756e-09  3.13555208e-09  4.59440500e-01  3.51204963e-09  3.25512393e-09  1.63044216e-07  2.94120497e-08  9.90000000e-01 
 1.00000000e+00  4.59440506e-01  4.59440506e-01  3.19536753e-09  3.13555208e-09  4.59440506e-01  3.51204963e-09  3.25512399e-09  1.63044203e-07  2.94120213e-08  1.00000000e+00 
 1.01000000e+00  4.59440500e-01  4.59440500e-01  3.19536752e-09  3.13555208e-09  4.59440500e-01  3.51204969e-09  3.25512399e-09  1.63044194e-07  2.94119999e-08  1.01000000e+00 
 1.02000000e+00  4.59440514e-01  4.59440514e-01  3.19536752e-09  3.13555208e-09  4.59440514e-01  3.51204969e-09  3.25512393e-09  1.63044209e-07  2.94118720e-08  1.02000000e+00 
 1.03000000e+00  4.59440505e-01  4.59440505e-01  3.19536758e-09  3.13555208e-09  4.59440505e-01  3.51204969e-09  3.25512393e-09  1.63044203e-07  2.94118649e-08  1.03000000e+00 
 1.04000000e+00  4.59440499e-01  4.59440499e-01  3.19536751e-09  3.13555208e-09  4.59440499e-01  3.51204963e-09  3.25512393e-09  1.63044206e-07  2.94117584e-08  1.04000000e+00 
 1.05000000e+00  4.59440489e-01  4.59440489e-01  3.19536752e-09  3.13555208e-09  4.59440489e-01  3.51204969e-09  3.25512398e-09  1.63044197e-07  2.94117015e-08  1.05000000e+00 
 1.06000000e+00  4.59440511e-01  4.59440511e-01  3.19536752e-09  3.13555208e-09  4.59440511e-01  3.51204969e-09  3.25512399e-09  1.63044211e-07  2.94116447e-08  1.06000000e+00 
 1.07000000e+00  4.59440506e-01  4.59440506e-01  3.19536752e-09  3.13555208e-09  4.59440506e-01  3.51204963e-09  3.25512399e-09  1.63044214e-07  2.94116589e-08  1.07000000e+00 
 1.08000000e+00  4.59440490e-01  4.59440490e-01  3.19536752e-09  3.13555208e-09  4.59440490e-01  3.51204963e-09  3.25512398e-09  1.63044196e-07  2.94115239e-08  1.08000000e+00 
 1.09000000e+00  4.59440515e-01  4.59440515e-01  3.19536752e-09  3.13555208e-09  4.59440515e-01  3.51204963e-09  3.25512393e-09  1.63044221e-07  2.94115097e-08  1.09000000e+00 
 1.10000000e+00  4.59440520e-01  4.59440520e-01  3.19536752e-09  3.13555208e-09  4.59440520e-01  3.51204969e-09  3.25512399e-09  1.63044235e-07  2.94115026e-08  1.10000000e+00 
 1.11000000e+00  4.59440500e-01  4.59440500e-01  3.19536752e-09  3.13555208e-09  4.59440500e-01  3.51204969e-09  3.25512399e-09  1.63044203e-07  2.94114102e-08  1.11000000e+00 
 1.12000000e+00  4.59440513e-01  4.59440513e-01  3.19536752e-09  3.13555208e-09  4.59440513e-01  3.51204969e-09  3.25512399e-09  1.63044225e-07  2.94113676e-08  1.12000000e+00 
 1.13000000e+00  4.59440495e-01  4.59440495e-01  3.19536758e-09  3.13555208e-09  4.59440495e-01  3.51204969e-09  3.25512399e-09  1.63044180e-07  2.94112041e-08  1.13000000e+00 
 1.14000000e+00  4.59440501e-01  4.59440501e-01  3.19536751e-09  3.13555208e-09  4.59440501e-01  3.51204969e-09  3.25512399e-09  1.63044204e-07  2.94112183e-08  1.14000000e+00 
 1.15000000e+00  4.59440522e-01  4.59440522e-01  3.19536753e-09  3.13555208e-09  4.59440522e-01  3.51204963e-09  3.25512393e-09  1.63044235e-07  2.94111331e-08  1.15000000e+00 
 1.16000000e+00  4.59440522e-01  4.59440522e-01  3.19536758e-09  3.13555208e-09  4.59440522e-01  3.51204969e-09  3.25512393e-09  1.63044215e-07  2.94111118e-08  1.16000000e+00 
 1.17000000e+00  4.59440525e-01  4.59440525e-01  3.19536756e-09  3.13555208e-09  4.59440525e-01  3.51204963e-09  3.25512399e-09  1.63044238e-07  2.94109412e-08  1.17000000e+00 
 1.18000000e+00  4.59440500e-01  4.59440500e-01  3.19536758e-09  3.13555208e-09  4.59440500e-01  3.51204963e-09  3.25512399e-09  1.63044200e-07  2.94109128e-08  1.18000000e+00 
 1.19000000e+00  4.59440504e-01  4.59440504e-01  3.19536756e-09  3.13555208e-09  4.59440504e-01  3.51204963e-09  3.25512399e-09  1.63044218e-07  2.94110407e-08  1.19000000e+00 
 1.20000000e+00  4.59440504e-01  4.59440504e-01  3.19536753e-09  3.13555214e-09  4.59440504e-01  3.51204969e-09  3.25512399e-09  1.63044210e-07  2.94109554e-08  1.20000000e+00 
 1.21000000e+00  4.59440487e-01  4.59440487e-01  3.19536752e-09  3.13555208e-09  4.59440487e-01  3.51204963e-09  3.25512398e-09  1.63044190e-07  2.94108418e-08  1.21000000e+00 
 1.22000000e+00  4.59440511e-01  4.59440511e-01  3.19536752e-09  3.13555208e-09  4.59440511e-01  3.51204969e-09  3.25512393e-09  1.63044218e-07  2.94106712e-08  1.22000000e+00 
 1.23000000e+00  4.59440506e-01  4.59440506e-01  3.19536752e-09  3.13555214e-09  4.59440506e-01  3.51204969e-09  3.25512399e-09  1.63044210e-07  2.94107991e-08  1.23000000e+00 
 1.24000000e+00  4.59440507e-01  4.59440507e-01  3.19536752e-09  3.13555208e-09  4.59440507e-01  3.51204963e-09  3.25512399e-09  1.63044211e-07  2.94106286e-08  1.24000000e+00 
 1.25000000e+00  4.59440499e-01  4.59440499e-01  3.19536752e-09  3.13555208e-09  4.59440499e-01  3.51204969e-09  3.25512399e-09  1.63044202e-07  2.94105860e-08  1.25000000e+00 
 1.26000000e+00  4.59440496e-01  4.59440496e-01  3.19536758e-09  3.13555208e-09  4.59440496e-01  3.51204963e-09  3.25512393e-09  1.63044198e-07  2.94103586e-08  1.26000000e+00 
 1.27000000e+00  4.59440513e-01  4.59440513e-01  3.19536751e-09  3.13555208e-09  4.59440513e-01  3.51204969e-09  3.25512393e-09  1.63044226e-07  2.94102875e-08  1.27000000e+00 
 1.28000000e+00  4.59440512e-01  4.59440512e-01  3.19536753e-09  3.13555208e-09  4.59440512e-01  3.51204963e-09  3.25512399e-09  1.63044212e-07  2.94101881e-08  1.28000000e+00 
 1.29000000e+00  4.59440514e-01  4.59440514e-01  3.19536752e-09  3.13555208e-09  4.59440514e-01  3.51204969e-09  3.25512399e-09  1.63044218e-07  2.94102307e-08  1.29000000e+00 
 1.30000000e+00  4.59440492e-01  4.59440492e-01  3.19536752e-09  3.13555208e-09  4.59440492e-01  3.51204969e-09  3.25512398e-09  1.63044196e-07  2.94100886e-08  1.30000000e+00 
 1.31000000e+00  4.59440492e-01  4.59440492e-01  3.19536752e-09  3.13555208e-09  4.59440492e-01  3.51204969e-09  3.25512393e-09  1.63044185e-07  2.94101739e-08  1.31000000e+00 
 1.32000000e+00  4.59440489e-01  4.59440489e-01  3.19536752e-09  3.13555208e-09  4.59440489e-01  3.51204969e-09  3.25512398e-09  1.63044183e-07  2.94101312e-08  1.32000000e+00 
 1.33000000e+00  4.59440489e-01  4.59440489e-01  3.19536752e-09  3.13555208e-09  4.59440489e-01  3.51204969e-09  3.25512398e-09  1.63044195e-07  2.94099038e-08  1.33000000e+00 
 1.34000000e+00  4.59440489e-01  4.59440489e-01  3.19536752e-09  3.13555208e-09  4.59440489e-01  3.51204969e-09  3.25512393e-09  1.63044178e-07  2.94098612e-08  1.34000000e+00 
 1.35000000e+00  4.59440491e-01  4.59440491e-01  3.19536752e-09  3.13555208e-09  4.59440491e-01  3.51204969e-09  3.25512393e-09  1.63044181e-07  2.94099181e-08  1.35000000e+00 
 1.36000000e+00  4.59440494e-01  4.59440494e-01  3.19536752e-09  3.13555208e-09  4.59440494e-01  3.51204963e-09  3.25512393e-09  1.63044191e-07  2.94098470e-08  1.36000000e+00 
 1.37000000e+00  4.59440519e-01  4.59440518e-01  3.19536752e-09  3.13555208e-09  4.59440518e-01  3.51204969e-09  3.25512393e-09  1.63044223e-07  2.94096907e-08  1.37000000e+00 
 1.38000000e+00  4.59440515e-01  4.59440515e-01  3.19536752e-09  3.13555208e-09  4.59440515e-01  3.51204963e-09  3.25512399e-09  1.63044230e-07  2.94097617e-08  1.38000000e+00 
 1.39000000e+00  4.59440497e-01  4.59440497e-01  3.19536752e-09  3.13555208e-09  4.59440497e-01  3.51204963e-09  3.25512399e-09  1.63044206e-07  2.94094349e-08  1.39000000e+00 
 1.40000000e+00  4.59440483e-01  4.59440483e-01  3.19536752e-09  3.13555208e-09  4.59440483e-01  3.51204969e-09  3.25512398e-09  1.63044183e-07  2.94095770e-08  1.40000000e+00 
 1.41000000e+00  4.59440518e-01  4.59440518e-01  3.19536752e-09  3.13555208e-09  4.59440518e-01  3.51204969e-09  3.25512393e-09  1.63044238e-07  2.94094633e-08  1.41000000e+00 
 1.42000000e+00  4.59440529e-01  4.59440529e-01  3.19536752e-09  3.13555208e-09  4.59440529e-01  3.51204963e-09  3.25512399e-09  1.63044243e-07  2.94093780e-08  1.42000000e+00 
 1.43000000e+00  4.59440503e-01  4.59440503e-01  3.19536758e-09  3.13555214e-09  4.59440503e-01  3.51204963e-09  3.25512399e-09  1.63044221e-07  2.94092786e-08  1.43000000e+00 
 1.44000000e+00  4.59440490e-01  4.59440490e-01  3.19536751e-09  3.13555208e-09  4.59440490e-01  3.51204969e-09  3.25512398e-09  1.63044193e-07  2.94091507e-08  1.44000000e+00 
 1.45000000e+00  4.59440515e-01  4.59440515e-01  3.19536753e-09  3.13555208e-09  4.59440515e-01  3.51204963e-09  3.25512399e-09  1.63044226e-07  2.94090086e-08  1.45000000e+00 
 1.46000000e+00  4.59440510e-01  4.59440510e-01  3.19536752e-09  3.13555208e-09  4.59440510e-01  3.51204963e-09  3.25512399e-09  1.63044212e-07  2.94089233e-08  1.46000000e+00 
 1.47000000e+00  4.59440521e-01  4.59440521e-01  3.19536752e-09  3.13555208e-09  4.59440521e-01  3.51204969e-09  3.25512399e-09  1.63044236e-07  2.94088380e-08  1.47000000e+00 
 1.48000000e+00  4.59440501e-01  4.59440501e-01  3.19536752e-09  3.13555208e-09  4.59440501e-01  3.51204963e-09  3.25512399e-09  1.63044200e-07  2.94087243e-08  1.48000000e+00 
 1.49000000e+00  4.59440491e-01  4.59440490e-01  3.19536752e-09  3.13555208e-09  4.59440490e-01  3.51204963e-09  3.25512398e-09  1.63044198e-07  2.94087528e-08  1.49000000e+00 
 1.50000000e+00  4.59440516e-01  4.59440516e-01  3.19536752e-09  3.13555208e-09  4.59440516e-01  3.51204969e-09  3.25512393e-09  1.63044222e-07  2.94085396e-08  1.50000000e+00 
 1.51000000e+00  4.59440497e-01  4.59440497e-01  3.19536752e-09  3.13555208e-09  4.59440497e-01  3.51204969e-09  3.25512399e-09  1.63044202e-07  2.94083549e-08  1.51000000e+00 
 1.52000000e+00  4.59440503e-01  4.59440503e-01  3.19536752e-09  3.13555208e-09  4.59440503e-01  3.51204969e-09  3.25512393e-09  1.63044210e-07  2.94082128e-08  1.52000000e+00 
 1.53000000e+00  4.59440487e-01  4.59440487e-01  3.19536752e-09  3.13555208e-09  4.59440487e-01  3.51204963e-09  3.25512398e-09  1.63044190e-07  2.94079570e-08  1.53000000e+00 
 1.54000000e+00  4.59440503e-01  4.59440503e-01  3.19536752e-09  3.13555208e-09  4.59440503e-01  3.51204969e-09  3.25512393e-09  1.63044212e-07  2.94078148e-08  1.54000000e+00 
 1.55000000e+00  4.59440513e-01  4.59440513e-01  3.19536758e-09  3.13555208e-09  4.59440513e-01  3.51204969e-09  3.25512393e-09  1.63044216e-07  2.94077012e-08  1.55000000e+00 
 1.56000000e+00  4.59440494e-01  4.59440494e-01  3.19536756e-09  3.13555208e-09  4.59440494e-01  3.51204969e-09  3.25512393e-09  1.63044185e-07  2.94073743e-08  1.56000000e+00 
 1.57000000e+00  4.59440494e-01  4.59440494e-01  3.19536752e-09  3.13555208e-09  4.59440494e-01  3.51204963e-09  3.25512399e-09  1.63044192e-07  2.94069622e-08  1.57000000e+00 
 1.58000000e+00  4.59440515e-01  4.59440515e-01  3.19536752e-09  3.13555208e-09  4.59440515e-01  3.51204969e-09  3.25512393e-09  1.63044216e-07  2.94064506e-08  1.58000000e+00 
 1.59000000e+00  4.59440501e-01  4.59440501e-01  3.19536752e-09  3.13555208e-09  4.59440501e-01  3.51204963e-09  3.25512399e-09  1.63044196e-07  2.94058111e-08  1.59000000e+00 
 1.60000000e+00  4.59440506e-01  4.59440506e-01  3.19536752e-09  3.13555208e-09  4.59440506e-01  3.51204969e-09  3.25512393e-09  1.63044217e-07  2.94048164e-08  1.60000000e+00 
 1.61000000e+00  4.59440511e-01  4.59440511e-01  3.19536758e-09  3.13555208e-09  4.59440511e-01  3.51204969e-09  3.25512399e-09  1.63044218e-07  2.94036511e-08  1.61000000e+00 
 1.62000000e+00  4.59440500e-01  4.59440500e-01  3.19536751e-09  3.13555208e-09  4.59440500e-01  3.51204963e-09  3.25512399e-09  1.63044193e-07  2.94014200e-08  1.62000000e+00 
 1.63000000e+00  4.59440515e-01  4.59440515e-01  3.19536753e-09  3.13555208e-09  4.59440515e-01  3.51204963e-09  3.25512399e-09  1.63044229e-07  2.93979383e-08  1.63000000e+00 
 1.64000000e+00  4.59440509e-01  4.59440509e-01  3.19536752e-09  3.13555208e-09  4.59440509e-01  3.51204969e-09  3.25512393e-09  1.63044210e-07  2.93921119e-08  1.64000000e+00 
 1.65000000e+00  4.59440496e-01  4.59440496e-01  3.19536758e-09  3.13555208e-09  4.59440496e-01  3.51204963e-09  3.25512393e-09  1.63044195e-07  2.93813827e-08  1.65000000e+00 
 1.66000000e+00  4.59440498e-01  4.59440498e-01  3.19536751e-09  3.13555208e-09  4.59440498e-01  3.51204969e-09  3.25512399e-09  1.63044198e-07  2.93615301e-08  1.66000000e+00 
 1.67000000e+00  4.59440485e-01  4.59440485e-01  3.19536752e-09  3.13555208e-09  4.59440485e-01  3.51204963e-09  3.25512398e-09  1.63044179e-07  2.93221234e-08  1.67000000e+00 
 1.68000000e+00  4.59440524e-01  4.59440524e-01  3.19536752e-09  3.13555208e-09  4.59440524e-01  3.51204969e-09  3.25512399e-09  1.63044230e-07  2.92337319e-08  1.68000000e+00 
 1.69000000e+00  4.59440491e-01  4.59440491e-01  3.19536754e-09  3.13555210e-09  4.59440491e-01  3.51204965e-09  3.25512400e-09  1.63044190e-07  2.84744317e-08  1.69000000e+00 
 1.70000000e+00  4.59440518e-01  4.59440518e-01  3.19536751e-09  3.13555208e-09  4.59440518e-01  3.51204969e-09  3.25512399e-09  1.63044221e-07  2.67940123e-08  1.70000000e+00 
 1.71000000e+00  4.59440492e-01  4.59440492e-01  3.19536752e-09  3.13555208e-09  4.59440492e-01  3.51204963e-09  3.25512398e-09  1.63044186e-07  2.15131024e-08  1.71000000e+00 
 1.72000000e+00  4.59440498e-01  4.59440498e-01  3.19536752e-09  3.13555208e-09  4.59440498e-01  3.51204969e-09  3.25512393e-09  1.63044199e-07  1.63782801e-08  1.72000000e+00 
 1.73000000e+00  4.59440516e-01  4.59440516e-01  3.19536751e-09  3.13555208e-09  4.59440516e-01  3.51204963e-09  3.25512393e-09  1.63044218e-07  1.21886927e-08  1.73000000e+00 
 1.74000000e+00  4.59440487e-01  4.59440487e-01  3.19536752e-09  3.13555208e-09  4.59440487e-01  3.51204969e-09  3.25512393e-09  1.63044178e-07  8.76808315e-09  1.74000000e+00 
 1.75000000e+00  4.59440518e-01  4.59440518e-01  3.19536752e-09  3.13555208e-09  4.59440518e-01  3.51204969e-09  3.25512399e-09  1.63044216e-07  5.96271832e-09  1.75000000e+00 
 1.76000000e+00  4.59440502e-01  4.59440502e-01  3.19536752e-09  3.13555208e-09  4.59440502e-01  3.51204963e-09  3.25512399e-09  1.63044206e-07  3.64168784e-09  1.76000000e+00 
 1.77000000e+00  4.59440509e-01  4.59440509e-01  3.19536752e-09  3.13555208e-09  4.59440509e-01  3.51204969e-09  3.25512399e-09  1.63044196e-07  1.70199144e-09  1.77000000e+00 
 1.78000000e+00  4.59440480e-01  4.59440480e-01  3.19536752e-09  3.13555208e-09  4.59440480e-01  3.51204963e-09  3.25512398e-09  1.63044166e-07  8.04050160e-11  1.78000000e+00 
 1.79000000e+00  4.59440515e-01  4.59440515e-01  3.19536752e-09  3.13555208e-09  4.59440515e-01  3.51204963e-09  3.25512399e-09  1.63044208e-07 -1.24255450e-09  1.79000000e+00 
 1.80000000e+00  4.59440501e-01  4.59440501e-01  3.19536752e-09  3.13555208e-09  4.59440501e-01  3.51204969e-09  3.25512399e-09  1.63044200e-07 -2.26567920e-09  1.80000000e+00 
