 v-sweep         v(b0)           v(b1)           v(b2)           v(b3)           v(b4)           v(b5)           v(b6)           i(vbias)        i(viout)        v(vout)        
 0.00000000e+00  3.43529108e-09  4.59226951e-01  4.59226951e-01  3.46179679e-09  4.59226951e-01  3.34238942e-09  3.42932601e-09  1.62447708e-07  3.38195960e-08  0.00000000e+00 
 1.00000000e-02  3.43529111e-09  4.59226943e-01  4.59226943e-01  3.46179677e-09  4.59226944e-01  3.34238939e-09  3.42932604e-09  1.62447683e-07  3.38191810e-08  1.00000000e-02 
 2.00000000e-02  3.43529110e-09  4.59226963e-01  4.59226963e-01  3.46179677e-09  4.59226963e-01  3.34238940e-09  3.42932598e-09  1.62447743e-07  3.38187989e-08  2.00000000e-02 
 3.00000000e-02  3.43529105e-09  4.59226964e-01  4.59226964e-01  3.46179677e-09  4.59226964e-01  3.34238940e-09  3.42932604e-09  1.62447723e-07  3.38183046e-08  3.00000000e-02 
 4.00000000e-02  3.43529112e-09  4.59226961e-01  4.59226961e-01  3.46179677e-09  4.59226961e-01  3.34238940e-09  3.42932598e-09  1.62447715e-07  3.38180204e-08  4.00000000e-02 
 5.00000000e-02  3.43529110e-09  4.59226967e-01  4.59226967e-01  3.46179677e-09  4.59226967e-01  3.34238940e-09  3.42932598e-09  1.62447735e-07  3.38176696e-08  5.00000000e-02 
 6.00000000e-02  3.43529110e-09  4.59226955e-01  4.59226955e-01  3.46179677e-09  4.59226955e-01  3.34238940e-09  3.42932598e-09  1.62447718e-07  3.38174315e-08  6.00000000e-02 
 7.00000000e-02  3.43529110e-09  4.59226954e-01  4.59226954e-01  3.46179683e-09  4.59226955e-01  3.34238940e-09  3.42932604e-09  1.62447718e-07  3.38170669e-08  7.00000000e-02 
 8.00000000e-02  3.43529105e-09  4.59226962e-01  4.59226962e-01  3.46179676e-09  4.59226963e-01  3.34238945e-09  3.42932604e-09  1.62447736e-07  3.38168960e-08  8.00000000e-02 
 9.00000000e-02  3.43529106e-09  4.59226975e-01  4.59226975e-01  3.46179683e-09  4.59226976e-01  3.34238940e-09  3.42932598e-09  1.62447731e-07  3.38166135e-08  9.00000000e-02 
 1.00000000e-01  3.43529111e-09  4.59226965e-01  4.59226965e-01  3.46179681e-09  4.59226965e-01  3.34238940e-09  3.42932604e-09  1.62447720e-07  3.38164252e-08  1.00000000e-01 
 1.10000000e-01  3.43529104e-09  4.59226943e-01  4.59226943e-01  3.46179676e-09  4.59226943e-01  3.34238939e-09  3.42932598e-09  1.62447703e-07  3.38159873e-08  1.10000000e-01 
 1.20000000e-01  3.43529106e-09  4.59226957e-01  4.59226957e-01  3.46179683e-09  4.59226957e-01  3.34238940e-09  3.42932598e-09  1.62447713e-07  3.38158905e-08  1.20000000e-01 
 1.30000000e-01  3.43529105e-09  4.59226959e-01  4.59226958e-01  3.46179681e-09  4.59226959e-01  3.34238940e-09  3.42932604e-09  1.62447721e-07  3.38155886e-08  1.30000000e-01 
 1.40000000e-01  3.43529111e-09  4.59226976e-01  4.59226976e-01  3.46179676e-09  4.59226976e-01  3.34238946e-09  3.42932604e-09  1.62447737e-07  3.38155601e-08  1.40000000e-01 
 1.50000000e-01  3.43529110e-09  4.59226968e-01  4.59226968e-01  3.46179678e-09  4.59226968e-01  3.34238940e-09  3.42932604e-09  1.62447723e-07  3.38152937e-08  1.50000000e-01 
 1.60000000e-01  3.43529110e-09  4.59226950e-01  4.59226950e-01  3.46179677e-09  4.59226950e-01  3.34238940e-09  3.42932598e-09  1.62447708e-07  3.38150148e-08  1.60000000e-01 
 1.70000000e-01  3.43529111e-09  4.59226972e-01  4.59226972e-01  3.46179677e-09  4.59226972e-01  3.34238940e-09  3.42932604e-09  1.62447739e-07  3.38148975e-08  1.70000000e-01 
 1.80000000e-01  3.43529111e-09  4.59226958e-01  4.59226958e-01  3.46179677e-09  4.59226959e-01  3.34238940e-09  3.42932598e-09  1.62447725e-07  3.38147892e-08  1.80000000e-01 
 1.90000000e-01  3.43529105e-09  4.59226954e-01  4.59226954e-01  3.46179677e-09  4.59226955e-01  3.34238940e-09  3.42932598e-09  1.62447717e-07  3.38144126e-08  1.90000000e-01 
 2.00000000e-01  3.43529106e-09  4.59226953e-01  4.59226953e-01  3.46179683e-09  4.59226953e-01  3.34238940e-09  3.42932598e-09  1.62447708e-07  3.38143185e-08  2.00000000e-01 
 2.10000000e-01  3.43529111e-09  4.59226958e-01  4.59226958e-01  3.46179676e-09  4.59226958e-01  3.34238940e-09  3.42932604e-09  1.62447726e-07  3.38141799e-08  2.10000000e-01 
 2.20000000e-01  3.43529110e-09  4.59226968e-01  4.59226968e-01  3.46179678e-09  4.59226968e-01  3.34238945e-09  3.42932598e-09  1.62447739e-07  3.38140538e-08  2.20000000e-01 
 2.30000000e-01  3.43529111e-09  4.59226968e-01  4.59226968e-01  3.46179683e-09  4.59226968e-01  3.34238940e-09  3.42932598e-09  1.62447733e-07  3.38138886e-08  2.30000000e-01 
 2.40000000e-01  3.43529110e-09  4.59226954e-01  4.59226954e-01  3.46179676e-09  4.59226954e-01  3.34238940e-09  3.42932598e-09  1.62447699e-07  3.38137376e-08  2.40000000e-01 
 2.50000000e-01  3.43529105e-09  4.59226961e-01  4.59226961e-01  3.46179678e-09  4.59226962e-01  3.34238940e-09  3.42932598e-09  1.62447727e-07  3.38136719e-08  2.50000000e-01 
 2.60000000e-01  3.43529106e-09  4.59226939e-01  4.59226939e-01  3.46179682e-09  4.59226939e-01  3.34238939e-09  3.42932598e-09  1.62447689e-07  3.38135546e-08  2.60000000e-01 
 2.70000000e-01  3.43529111e-09  4.59226960e-01  4.59226960e-01  3.46179681e-09  4.59226960e-01  3.34238940e-09  3.42932598e-09  1.62447717e-07  3.38133681e-08  2.70000000e-01 
 2.80000000e-01  3.43529110e-09  4.59226955e-01  4.59226955e-01  3.46179676e-09  4.59226955e-01  3.34238940e-09  3.42932598e-09  1.62447706e-07  3.38132740e-08  2.80000000e-01 
 2.90000000e-01  3.43529111e-09  4.59226971e-01  4.59226971e-01  3.46179683e-09  4.59226971e-01  3.34238940e-09  3.42932604e-09  1.62447733e-07  3.38129915e-08  2.90000000e-01 
 3.00000000e-01  3.43529111e-09  4.59226987e-01  4.59226987e-01  3.46179676e-09  4.59226987e-01  3.34238940e-09  3.42932598e-09  1.62447763e-07  3.38131372e-08  3.00000000e-01 
 3.10000000e-01  3.43529110e-09  4.59226954e-01  4.59226954e-01  3.46179677e-09  4.59226954e-01  3.34238940e-09  3.42932604e-09  1.62447703e-07  3.38128778e-08  3.10000000e-01 
 3.20000000e-01  3.43529105e-09  4.59226944e-01  4.59226944e-01  3.46179677e-09  4.59226944e-01  3.34238940e-09  3.42932598e-09  1.62447696e-07  3.38128601e-08  3.20000000e-01 
 3.30000000e-01  3.43529112e-09  4.59226943e-01  4.59226943e-01  3.46179682e-09  4.59226943e-01  3.34238939e-09  3.42932604e-09  1.62447715e-07  3.38127286e-08  3.30000000e-01 
 3.40000000e-01  3.43529110e-09  4.59226963e-01  4.59226963e-01  3.46179681e-09  4.59226964e-01  3.34238940e-09  3.42932604e-09  1.62447727e-07  3.38127499e-08  3.40000000e-01 
 3.50000000e-01  3.43529110e-09  4.59226953e-01  4.59226953e-01  3.46179682e-09  4.59226953e-01  3.34238940e-09  3.42932598e-09  1.62447702e-07  3.38125759e-08  3.50000000e-01 
 3.60000000e-01  3.43529111e-09  4.59226966e-01  4.59226966e-01  3.46179682e-09  4.59226966e-01  3.34238940e-09  3.42932598e-09  1.62447739e-07  3.38125439e-08  3.60000000e-01 
 3.70000000e-01  3.43529110e-09  4.59226951e-01  4.59226951e-01  3.46179676e-09  4.59226951e-01  3.34238940e-09  3.42932598e-09  1.62447692e-07  3.38124018e-08  3.70000000e-01 
 3.80000000e-01  3.43529111e-09  4.59226965e-01  4.59226965e-01  3.46179683e-09  4.59226965e-01  3.34238940e-09  3.42932598e-09  1.62447722e-07  3.38122632e-08  3.80000000e-01 
 3.90000000e-01  3.43529110e-09  4.59226953e-01  4.59226953e-01  3.46179676e-09  4.59226954e-01  3.34238940e-09  3.42932598e-09  1.62447706e-07  3.38123520e-08  3.90000000e-01 
 4.00000000e-01  3.43529110e-09  4.59226955e-01  4.59226955e-01  3.46179677e-09  4.59226955e-01  3.34238940e-09  3.42932598e-09  1.62447707e-07  3.38121495e-08  4.00000000e-01 
 4.10000000e-01  3.43529105e-09  4.59226947e-01  4.59226947e-01  3.46179683e-09  4.59226947e-01  3.34238940e-09  3.42932598e-09  1.62447699e-07  3.38121779e-08  4.10000000e-01 
 4.20000000e-01  3.43529111e-09  4.59226928e-01  4.59226928e-01  3.46179681e-09  4.59226928e-01  3.34238939e-09  3.42932604e-09  1.62447678e-07  3.38119079e-08  4.20000000e-01 
 4.30000000e-01  3.43529110e-09  4.59226958e-01  4.59226958e-01  3.46179676e-09  4.59226959e-01  3.34238940e-09  3.42932604e-09  1.62447722e-07  3.38119577e-08  4.30000000e-01 
 4.40000000e-01  3.43529110e-09  4.59226945e-01  4.59226945e-01  3.46179677e-09  4.59226945e-01  3.34238940e-09  3.42932604e-09  1.62447706e-07  3.38119648e-08  4.40000000e-01 
 4.50000000e-01  3.43529110e-09  4.59226950e-01  4.59226950e-01  3.46179677e-09  4.59226950e-01  3.34238945e-09  3.42932604e-09  1.62447710e-07  3.38119754e-08  4.50000000e-01 
 4.60000000e-01  3.43529105e-09  4.59226981e-01  4.59226981e-01  3.46179677e-09  4.59226981e-01  3.34238940e-09  3.42932598e-09  1.62447740e-07  3.38118333e-08  4.60000000e-01 
 4.70000000e-01  3.43529106e-09  4.59226967e-01  4.59226967e-01  3.46179677e-09  4.59226967e-01  3.34238945e-09  3.42932598e-09  1.62447734e-07  3.38116664e-08  4.70000000e-01 
 4.80000000e-01  3.43529111e-09  4.59226939e-01  4.59226939e-01  3.46179677e-09  4.59226940e-01  3.34238939e-09  3.42932598e-09  1.62447699e-07  3.38116912e-08  4.80000000e-01 
 4.90000000e-01  3.43529110e-09  4.59226974e-01  4.59226974e-01  3.46179683e-09  4.59226975e-01  3.34238940e-09  3.42932598e-09  1.62447746e-07  3.38116664e-08  4.90000000e-01 
 5.00000000e-01  3.43529111e-09  4.59226973e-01  4.59226973e-01  3.46179682e-09  4.59226974e-01  3.34238940e-09  3.42932598e-09  1.62447735e-07  3.38116521e-08  5.00000000e-01 
 5.10000000e-01  3.43529111e-09  4.59226981e-01  4.59226981e-01  3.46179676e-09  4.59226981e-01  3.34238940e-09  3.42932598e-09  1.62447741e-07  3.38115598e-08  5.10000000e-01 
 5.20000000e-01  3.43529105e-09  4.59226973e-01  4.59226973e-01  3.46179678e-09  4.59226973e-01  3.34238940e-09  3.42932598e-09  1.62447738e-07  3.38114070e-08  5.20000000e-01 
 5.30000000e-01  3.43529106e-09  4.59226963e-01  4.59226963e-01  3.46179677e-09  4.59226963e-01  3.34238940e-09  3.42932598e-09  1.62447725e-07  3.38113679e-08  5.30000000e-01 
 5.40000000e-01  3.43529105e-09  4.59226961e-01  4.59226961e-01  3.46179677e-09  4.59226961e-01  3.34238940e-09  3.42932604e-09  1.62447723e-07  3.38112542e-08  5.40000000e-01 
 5.50000000e-01  3.43529111e-09  4.59226966e-01  4.59226966e-01  3.46179677e-09  4.59226966e-01  3.34238940e-09  3.42932604e-09  1.62447720e-07  3.38112010e-08  5.50000000e-01 
 5.60000000e-01  3.43529110e-09  4.59226934e-01  4.59226934e-01  3.46179677e-09  4.59226934e-01  3.34238939e-09  3.42932598e-09  1.62447678e-07  3.38110944e-08  5.60000000e-01 
 5.70000000e-01  3.43529110e-09  4.59226951e-01  4.59226951e-01  3.46179677e-09  4.59226951e-01  3.34238940e-09  3.42932604e-09  1.62447700e-07  3.38111512e-08  5.70000000e-01 
 5.80000000e-01  3.43529110e-09  4.59226954e-01  4.59226954e-01  3.46179677e-09  4.59226954e-01  3.34238940e-09  3.42932604e-09  1.62447723e-07  3.38110553e-08  5.80000000e-01 
 5.90000000e-01  3.43529110e-09  4.59226955e-01  4.59226955e-01  3.46179677e-09  4.59226955e-01  3.34238940e-09  3.42932598e-09  1.62447711e-07  3.38110198e-08  5.90000000e-01 
 6.00000000e-01  3.43529105e-09  4.59226954e-01  4.59226954e-01  3.46179677e-09  4.59226954e-01  3.34238940e-09  3.42932598e-09  1.62447705e-07  3.38110269e-08  6.00000000e-01 
 6.10000000e-01  3.43529112e-09  4.59226959e-01  4.59226959e-01  3.46179683e-09  4.59226959e-01  3.34238940e-09  3.42932598e-09  1.62447733e-07  3.38110482e-08  6.10000000e-01 
 6.20000000e-01  3.43529110e-09  4.59226956e-01  4.59226956e-01  3.46179681e-09  4.59226956e-01  3.34238940e-09  3.42932598e-09  1.62447707e-07  3.38107498e-08  6.20000000e-01 
 6.30000000e-01  3.43529110e-09  4.59226953e-01  4.59226953e-01  3.46179682e-09  4.59226953e-01  3.34238940e-09  3.42932598e-09  1.62447716e-07  3.38108634e-08  6.30000000e-01 
 6.40000000e-01  3.43529105e-09  4.59226958e-01  4.59226958e-01  3.46179676e-09  4.59226959e-01  3.34238940e-09  3.42932598e-09  1.62447726e-07  3.38107355e-08  6.40000000e-01 
 6.50000000e-01  3.43529106e-09  4.59226967e-01  4.59226967e-01  3.46179678e-09  4.59226968e-01  3.34238945e-09  3.42932598e-09  1.62447728e-07  3.38106787e-08  6.50000000e-01 
 6.60000000e-01  3.43529111e-09  4.59226967e-01  4.59226966e-01  3.46179683e-09  4.59226967e-01  3.34238940e-09  3.42932598e-09  1.62447729e-07  3.38105792e-08  6.60000000e-01 
 6.70000000e-01  3.43529110e-09  4.59226964e-01  4.59226964e-01  3.46179676e-09  4.59226964e-01  3.34238940e-09  3.42932598e-09  1.62447715e-07  3.38106076e-08  6.70000000e-01 
 6.80000000e-01  3.43529111e-09  4.59226959e-01  4.59226959e-01  3.46179678e-09  4.59226959e-01  3.34238940e-09  3.42932598e-09  1.62447713e-07  3.38105437e-08  6.80000000e-01 
 6.90000000e-01  3.43529105e-09  4.59226944e-01  4.59226944e-01  3.46179677e-09  4.59226944e-01  3.34238939e-09  3.42932598e-09  1.62447696e-07  3.38104655e-08  6.90000000e-01 
 7.00000000e-01  3.43529106e-09  4.59226956e-01  4.59226956e-01  3.46179683e-09  4.59226957e-01  3.34238940e-09  3.42932604e-09  1.62447711e-07  3.38103234e-08  7.00000000e-01 
 7.10000000e-01  3.43529111e-09  4.59226933e-01  4.59226933e-01  3.46179681e-09  4.59226933e-01  3.34238939e-09  3.42932598e-09  1.62447682e-07  3.38102524e-08  7.10000000e-01 
 7.20000000e-01  3.43529110e-09  4.59226954e-01  4.59226954e-01  3.46179676e-09  4.59226954e-01  3.34238940e-09  3.42932598e-09  1.62447711e-07  3.38103874e-08  7.20000000e-01 
 7.30000000e-01  3.43529111e-09  4.59226972e-01  4.59226972e-01  3.46179678e-09  4.59226972e-01  3.34238940e-09  3.42932604e-09  1.62447747e-07  3.38102737e-08  7.30000000e-01 
 7.40000000e-01  3.43529105e-09  4.59226950e-01  4.59226950e-01  3.46179677e-09  4.59226950e-01  3.34238940e-09  3.42932604e-09  1.62447700e-07  3.38101742e-08  7.40000000e-01 
 7.50000000e-01  3.43529106e-09  4.59226959e-01  4.59226959e-01  3.46179683e-09  4.59226959e-01  3.34238940e-09  3.42932604e-09  1.62447719e-07  3.38101316e-08  7.50000000e-01 
 7.60000000e-01  3.43529105e-09  4.59226951e-01  4.59226951e-01  3.46179681e-09  4.59226951e-01  3.34238940e-09  3.42932598e-09  1.62447704e-07  3.38101529e-08  7.60000000e-01 
 7.70000000e-01  3.43529111e-09  4.59226969e-01  4.59226969e-01  3.46179676e-09  4.59226969e-01  3.34238940e-09  3.42932598e-09  1.62447729e-07  3.38100037e-08  7.70000000e-01 
 7.80000000e-01  3.43529110e-09  4.59226953e-01  4.59226953e-01  3.46179677e-09  4.59226953e-01  3.34238940e-09  3.42932598e-09  1.62447713e-07  3.38100250e-08  7.80000000e-01 
 7.90000000e-01  3.43529105e-09  4.59226953e-01  4.59226953e-01  3.46179677e-09  4.59226953e-01  3.34238940e-09  3.42932598e-09  1.62447710e-07  3.38098545e-08  7.90000000e-01 
 8.00000000e-01  3.43529112e-09  4.59226946e-01  4.59226946e-01  3.46179683e-09  4.59226946e-01  3.34238945e-09  3.42932598e-09  1.62447708e-07  3.38098118e-08  8.00000000e-01 
 8.10000000e-01  3.43529110e-09  4.59226946e-01  4.59226946e-01  3.46179681e-09  4.59226946e-01  3.34238940e-09  3.42932598e-09  1.62447713e-07  3.38097266e-08  8.10000000e-01 
 8.20000000e-01  3.43529110e-09  4.59226946e-01  4.59226946e-01  3.46179682e-09  4.59226946e-01  3.34238940e-09  3.42932598e-09  1.62447693e-07  3.38097550e-08  8.20000000e-01 
 8.30000000e-01  3.43529110e-09  4.59226947e-01  4.59226946e-01  3.46179682e-09  4.59226947e-01  3.34238940e-09  3.42932598e-09  1.62447695e-07  3.38096768e-08  8.30000000e-01 
 8.40000000e-01  3.43529111e-09  4.59226980e-01  4.59226980e-01  3.46179676e-09  4.59226980e-01  3.34238940e-09  3.42932598e-09  1.62447742e-07  3.38095631e-08  8.40000000e-01 
 8.50000000e-01  3.43529111e-09  4.59226963e-01  4.59226963e-01  3.46179683e-09  4.59226963e-01  3.34238940e-09  3.42932598e-09  1.62447723e-07  3.38096626e-08  8.50000000e-01 
 8.60000000e-01  3.43529111e-09  4.59226960e-01  4.59226960e-01  3.46179676e-09  4.59226960e-01  3.34238940e-09  3.42932598e-09  1.62447717e-07  3.38094637e-08  8.60000000e-01 
 8.70000000e-01  3.43529111e-09  4.59226958e-01  4.59226958e-01  3.46179678e-09  4.59226958e-01  3.34238940e-09  3.42932604e-09  1.62447707e-07  3.38095205e-08  8.70000000e-01 
 8.80000000e-01  3.43529105e-09  4.59226933e-01  4.59226933e-01  3.46179677e-09  4.59226933e-01  3.34238939e-09  3.42932598e-09  1.62447675e-07  3.38093926e-08  8.80000000e-01 
 8.90000000e-01  3.43529112e-09  4.59226954e-01  4.59226954e-01  3.46179677e-09  4.59226954e-01  3.34238940e-09  3.42932598e-09  1.62447721e-07  3.38093997e-08  8.90000000e-01 
 9.00000000e-01  3.43529110e-09  4.59226976e-01  4.59226976e-01  3.46179683e-09  4.59226977e-01  3.34238946e-09  3.42932598e-09  1.62447736e-07  3.38093571e-08  9.00000000e-01 
 9.10000000e-01  3.43529111e-09  4.59226992e-01  4.59226992e-01  3.46179682e-09  4.59226992e-01  3.34238940e-09  3.42932598e-09  1.62447763e-07  3.38092292e-08  9.10000000e-01 
 9.20000000e-01  3.43529110e-09  4.59226950e-01  4.59226950e-01  3.46179676e-09  4.59226950e-01  3.34238940e-09  3.42932598e-09  1.62447724e-07  3.38092718e-08  9.20000000e-01 
 9.30000000e-01  3.43529111e-09  4.59226987e-01  4.59226987e-01  3.46179678e-09  4.59226987e-01  3.34238940e-09  3.42932604e-09  1.62447757e-07  3.38092505e-08  9.30000000e-01 
 9.40000000e-01  3.43529105e-09  4.59226966e-01  4.59226966e-01  3.46179683e-09  4.59226967e-01  3.34238940e-09  3.42932598e-09  1.62447716e-07  3.38091439e-08  9.40000000e-01 
 9.50000000e-01  3.43529112e-09  4.59226976e-01  4.59226976e-01  3.46179676e-09  4.59226976e-01  3.34238946e-09  3.42932598e-09  1.62447752e-07  3.38090587e-08  9.50000000e-01 
 9.60000000e-01  3.43529110e-09  4.59226960e-01  4.59226960e-01  3.46179678e-09  4.59226960e-01  3.34238940e-09  3.42932598e-09  1.62447717e-07  3.38090373e-08  9.60000000e-01 
 9.70000000e-01  3.43529105e-09  4.59226953e-01  4.59226953e-01  3.46179683e-09  4.59226953e-01  3.34238940e-09  3.42932598e-09  1.62447722e-07  3.38089947e-08  9.70000000e-01 
 9.80000000e-01  3.43529106e-09  4.59226950e-01  4.59226950e-01  3.46179676e-09  4.59226950e-01  3.34238945e-09  3.42932598e-09  1.62447701e-07  3.38088313e-08  9.80000000e-01 
 9.90000000e-01  3.43529105e-09  4.59226941e-01  4.59226941e-01  3.46179683e-09  4.59226942e-01  3.34238939e-09  3.42932598e-09  1.62447686e-07  3.38088526e-08  9.90000000e-01 
 1.00000000e+00  3.43529111e-09  4.59226955e-01  4.59226955e-01  3.46179676e-09  4.59226955e-01  3.34238940e-09  3.42932598e-09  1.62447715e-07  3.38088242e-08  1.00000000e+00 
 1.01000000e+00  3.43529110e-09  4.59226958e-01  4.59226958e-01  3.46179683e-09  4.59226958e-01  3.34238940e-09  3.42932604e-09  1.62447712e-07  3.38087034e-08  1.01000000e+00 
 1.02000000e+00  3.43529110e-09  4.59226948e-01  4.59226948e-01  3.46179676e-09  4.59226948e-01  3.34238940e-09  3.42932598e-09  1.62447701e-07  3.38085755e-08  1.02000000e+00 
 1.03000000e+00  3.43529110e-09  4.59226940e-01  4.59226940e-01  3.46179677e-09  4.59226940e-01  3.34238939e-09  3.42932598e-09  1.62447695e-07  3.38085258e-08  1.03000000e+00 
 1.04000000e+00  3.43529110e-09  4.59226951e-01  4.59226951e-01  3.46179683e-09  4.59226951e-01  3.34238940e-09  3.42932598e-09  1.62447710e-07  3.38084547e-08  1.04000000e+00 
 1.05000000e+00  3.43529105e-09  4.59226958e-01  4.59226958e-01  3.46179676e-09  4.59226958e-01  3.34238940e-09  3.42932598e-09  1.62447715e-07  3.38084334e-08  1.05000000e+00 
 1.06000000e+00  3.43529106e-09  4.59226939e-01  4.59226939e-01  3.46179677e-09  4.59226939e-01  3.34238939e-09  3.42932598e-09  1.62447687e-07  3.38083694e-08  1.06000000e+00 
 1.07000000e+00  3.43529105e-09  4.59226954e-01  4.59226954e-01  3.46179677e-09  4.59226954e-01  3.34238940e-09  3.42932598e-09  1.62447718e-07  3.38082984e-08  1.07000000e+00 
 1.08000000e+00  3.43529111e-09  4.59226961e-01  4.59226961e-01  3.46179677e-09  4.59226961e-01  3.34238940e-09  3.42932598e-09  1.62447718e-07  3.38082415e-08  1.08000000e+00 
 1.09000000e+00  3.43529110e-09  4.59226963e-01  4.59226963e-01  3.46179677e-09  4.59226964e-01  3.34238945e-09  3.42932598e-09  1.62447725e-07  3.38080994e-08  1.09000000e+00 
 1.10000000e+00  3.43529105e-09  4.59226970e-01  4.59226970e-01  3.46179683e-09  4.59226970e-01  3.34238940e-09  3.42932598e-09  1.62447733e-07  3.38082131e-08  1.10000000e+00 
 1.11000000e+00  3.43529112e-09  4.59226948e-01  4.59226948e-01  3.46179676e-09  4.59226949e-01  3.34238940e-09  3.42932598e-09  1.62447696e-07  3.38081065e-08  1.11000000e+00 
 1.12000000e+00  3.43529110e-09  4.59226945e-01  4.59226945e-01  3.46179677e-09  4.59226946e-01  3.34238940e-09  3.42932598e-09  1.62447687e-07  3.38080071e-08  1.12000000e+00 
 1.13000000e+00  3.43529111e-09  4.59226966e-01  4.59226966e-01  3.46179677e-09  4.59226966e-01  3.34238940e-09  3.42932598e-09  1.62447738e-07  3.38079005e-08  1.13000000e+00 
 1.14000000e+00  3.43529111e-09  4.59226972e-01  4.59226971e-01  3.46179677e-09  4.59226972e-01  3.34238940e-09  3.42932598e-09  1.62447741e-07  3.38079431e-08  1.14000000e+00 
 1.15000000e+00  3.43529105e-09  4.59226954e-01  4.59226954e-01  3.46179677e-09  4.59226954e-01  3.34238945e-09  3.42932598e-09  1.62447707e-07  3.38078223e-08  1.15000000e+00 
 1.16000000e+00  3.43529106e-09  4.59226965e-01  4.59226965e-01  3.46179677e-09  4.59226965e-01  3.34238940e-09  3.42932598e-09  1.62447733e-07  3.38077513e-08  1.16000000e+00 
 1.17000000e+00  3.43529111e-09  4.59226955e-01  4.59226955e-01  3.46179677e-09  4.59226955e-01  3.34238940e-09  3.42932598e-09  1.62447716e-07  3.38075949e-08  1.17000000e+00 
 1.18000000e+00  3.43529110e-09  4.59226963e-01  4.59226963e-01  3.46179683e-09  4.59226963e-01  3.34238940e-09  3.42932598e-09  1.62447727e-07  3.38075949e-08  1.18000000e+00 
 1.19000000e+00  3.43529111e-09  4.59226959e-01  4.59226959e-01  3.46179676e-09  4.59226959e-01  3.34238940e-09  3.42932604e-09  1.62447718e-07  3.38076518e-08  1.19000000e+00 
 1.20000000e+00  3.43529111e-09  4.59226966e-01  4.59226966e-01  3.46179678e-09  4.59226967e-01  3.34238945e-09  3.42932598e-09  1.62447718e-07  3.38076234e-08  1.20000000e+00 
 1.21000000e+00  3.43529110e-09  4.59226955e-01  4.59226955e-01  3.46179683e-09  4.59226956e-01  3.34238940e-09  3.42932598e-09  1.62447711e-07  3.38072539e-08  1.21000000e+00 
 1.22000000e+00  3.43529111e-09  4.59226956e-01  4.59226956e-01  3.46179676e-09  4.59226956e-01  3.34238940e-09  3.42932604e-09  1.62447719e-07  3.38074670e-08  1.22000000e+00 
 1.23000000e+00  3.43529111e-09  4.59226974e-01  4.59226974e-01  3.46179678e-09  4.59226974e-01  3.34238940e-09  3.42932598e-09  1.62447736e-07  3.38074102e-08  1.23000000e+00 
 1.24000000e+00  3.43529105e-09  4.59226986e-01  4.59226986e-01  3.46179677e-09  4.59226986e-01  3.34238940e-09  3.42932598e-09  1.62447757e-07  3.38073107e-08  1.24000000e+00 
 1.25000000e+00  3.43529112e-09  4.59226973e-01  4.59226972e-01  3.46179683e-09  4.59226973e-01  3.34238940e-09  3.42932598e-09  1.62447737e-07  3.38072255e-08  1.25000000e+00 
 1.26000000e+00  3.43529110e-09  4.59226966e-01  4.59226966e-01  3.46179681e-09  4.59226966e-01  3.34238940e-09  3.42932598e-09  1.62447711e-07  3.38071260e-08  1.26000000e+00 
 1.27000000e+00  3.43529105e-09  4.59226942e-01  4.59226942e-01  3.46179682e-09  4.59226942e-01  3.34238939e-09  3.42932598e-09  1.62447693e-07  3.38070976e-08  1.27000000e+00 
 1.28000000e+00  3.43529112e-09  4.59226968e-01  4.59226968e-01  3.46179676e-09  4.59226968e-01  3.34238940e-09  3.42932604e-09  1.62447714e-07  3.38069412e-08  1.28000000e+00 
 1.29000000e+00  3.43529110e-09  4.59226974e-01  4.59226974e-01  3.46179678e-09  4.59226974e-01  3.34238940e-09  3.42932598e-09  1.62447738e-07  3.38069270e-08  1.29000000e+00 
 1.30000000e+00  3.43529105e-09  4.59226964e-01  4.59226964e-01  3.46179677e-09  4.59226964e-01  3.34238940e-09  3.42932598e-09  1.62447732e-07  3.38068702e-08  1.30000000e+00 
 1.31000000e+00  3.43529106e-09  4.59226964e-01  4.59226964e-01  3.46179683e-09  4.59226965e-01  3.34238940e-09  3.42932598e-09  1.62447725e-07  3.38069128e-08  1.31000000e+00 
 1.32000000e+00  3.43529105e-09  4.59226962e-01  4.59226962e-01  3.46179681e-09  4.59226962e-01  3.34238940e-09  3.42932604e-09  1.62447723e-07  3.38066997e-08  1.32000000e+00 
 1.33000000e+00  3.43529105e-09  4.59226962e-01  4.59226962e-01  3.46179682e-09  4.59226962e-01  3.34238940e-09  3.42932598e-09  1.62447722e-07  3.38066002e-08  1.33000000e+00 
 1.34000000e+00  3.43529111e-09  4.59226961e-01  4.59226960e-01  3.46179682e-09  4.59226961e-01  3.34238945e-09  3.42932598e-09  1.62447708e-07  3.38064865e-08  1.34000000e+00 
 1.35000000e+00  3.43529110e-09  4.59226947e-01  4.59226946e-01  3.46179682e-09  4.59226947e-01  3.34238940e-09  3.42932598e-09  1.62447691e-07  3.38064723e-08  1.35000000e+00 
 1.36000000e+00  3.43529105e-09  4.59226967e-01  4.59226967e-01  3.46179676e-09  4.59226967e-01  3.34238940e-09  3.42932604e-09  1.62447745e-07  3.38064297e-08  1.36000000e+00 
 1.37000000e+00  3.43529106e-09  4.59226967e-01  4.59226967e-01  3.46179683e-09  4.59226967e-01  3.34238940e-09  3.42932598e-09  1.62447744e-07  3.38062733e-08  1.37000000e+00 
 1.38000000e+00  3.43529111e-09  4.59226977e-01  4.59226977e-01  3.46179676e-09  4.59226977e-01  3.34238940e-09  3.42932598e-09  1.62447750e-07  3.38062733e-08  1.38000000e+00 
 1.39000000e+00  3.43529110e-09  4.59226959e-01  4.59226959e-01  3.46179678e-09  4.59226959e-01  3.34238940e-09  3.42932598e-09  1.62447734e-07  3.38062591e-08  1.39000000e+00 
 1.40000000e+00  3.43529105e-09  4.59226958e-01  4.59226958e-01  3.46179677e-09  4.59226959e-01  3.34238945e-09  3.42932598e-09  1.62447722e-07  3.38061596e-08  1.40000000e+00 
 1.41000000e+00  3.43529106e-09  4.59226971e-01  4.59226971e-01  3.46179677e-09  4.59226971e-01  3.34238940e-09  3.42932598e-09  1.62447732e-07  3.38060318e-08  1.41000000e+00 
 1.42000000e+00  3.43529106e-09  4.59226968e-01  4.59226968e-01  3.46179677e-09  4.59226968e-01  3.34238940e-09  3.42932598e-09  1.62447728e-07  3.38059607e-08  1.42000000e+00 
 1.43000000e+00  3.43529105e-09  4.59226964e-01  4.59226964e-01  3.46179683e-09  4.59226965e-01  3.34238940e-09  3.42932598e-09  1.62447724e-07  3.38057191e-08  1.43000000e+00 
 1.44000000e+00  3.43529106e-09  4.59226977e-01  4.59226977e-01  3.46179682e-09  4.59226977e-01  3.34238940e-09  3.42932604e-09  1.62447741e-07  3.38057049e-08  1.44000000e+00 
 1.45000000e+00  3.43529111e-09  4.59226980e-01  4.59226980e-01  3.46179682e-09  4.59226980e-01  3.34238940e-09  3.42932598e-09  1.62447750e-07  3.38056196e-08  1.45000000e+00 
 1.46000000e+00  3.43529110e-09  4.59226942e-01  4.59226942e-01  3.46179676e-09  4.59226942e-01  3.34238939e-09  3.42932598e-09  1.62447695e-07  3.38055912e-08  1.46000000e+00 
 1.47000000e+00  3.43529105e-09  4.59226963e-01  4.59226963e-01  3.46179678e-09  4.59226964e-01  3.34238940e-09  3.42932598e-09  1.62447736e-07  3.38053781e-08  1.47000000e+00 
 1.48000000e+00  3.43529112e-09  4.59226957e-01  4.59226957e-01  3.46179683e-09  4.59226957e-01  3.34238940e-09  3.42932598e-09  1.62447711e-07  3.38052644e-08  1.48000000e+00 
 1.49000000e+00  3.43529110e-09  4.59226963e-01  4.59226963e-01  3.46179681e-09  4.59226963e-01  3.34238940e-09  3.42932598e-09  1.62447730e-07  3.38053070e-08  1.49000000e+00 
 1.50000000e+00  3.43529111e-09  4.59226978e-01  4.59226978e-01  3.46179676e-09  4.59226979e-01  3.34238940e-09  3.42932598e-09  1.62447745e-07  3.38050228e-08  1.50000000e+00 
 1.51000000e+00  3.43529111e-09  4.59226969e-01  4.59226969e-01  3.46179683e-09  4.59226970e-01  3.34238940e-09  3.42932598e-09  1.62447732e-07  3.38048807e-08  1.51000000e+00 
 1.52000000e+00  3.43529110e-09  4.59226953e-01  4.59226953e-01  3.46179681e-09  4.59226954e-01  3.34238940e-09  3.42932604e-09  1.62447707e-07  3.38047954e-08  1.52000000e+00 
 1.53000000e+00  3.43529111e-09  4.59226971e-01  4.59226971e-01  3.46179682e-09  4.59226971e-01  3.34238940e-09  3.42932598e-09  1.62447741e-07  3.38043122e-08  1.53000000e+00 
 1.54000000e+00  3.43529110e-09  4.59226945e-01  4.59226945e-01  3.46179682e-09  4.59226945e-01  3.34238945e-09  3.42932598e-09  1.62447685e-07  3.38041843e-08  1.54000000e+00 
 1.55000000e+00  3.43529105e-09  4.59226970e-01  4.59226970e-01  3.46179676e-09  4.59226970e-01  3.34238940e-09  3.42932598e-09  1.62447722e-07  3.38039712e-08  1.55000000e+00 
 1.56000000e+00  3.43529106e-09  4.59226955e-01  4.59226955e-01  3.46179677e-09  4.59226955e-01  3.34238940e-09  3.42932598e-09  1.62447714e-07  3.38035164e-08  1.56000000e+00 
 1.57000000e+00  3.43529106e-09  4.59226971e-01  4.59226971e-01  3.46179677e-09  4.59226971e-01  3.34238940e-09  3.42932604e-09  1.62447732e-07  3.38030759e-08  1.57000000e+00 
 1.58000000e+00  3.43529106e-09  4.59226971e-01  4.59226971e-01  3.46179683e-09  4.59226971e-01  3.34238940e-09  3.42932598e-09  1.62447736e-07  3.38026069e-08  1.58000000e+00 
 1.59000000e+00  3.43529105e-09  4.59226956e-01  4.59226956e-01  3.46179681e-09  4.59226956e-01  3.34238940e-09  3.42932598e-09  1.62447714e-07  3.38017969e-08  1.59000000e+00 
 1.60000000e+00  3.43529111e-09  4.59226953e-01  4.59226953e-01  3.46179682e-09  4.59226953e-01  3.34238940e-09  3.42932604e-09  1.62447704e-07  3.38005606e-08  1.60000000e+00 
 1.61000000e+00  3.43529110e-09  4.59226963e-01  4.59226963e-01  3.46179682e-09  4.59226963e-01  3.34238940e-09  3.42932598e-09  1.62447721e-07  3.37988979e-08  1.61000000e+00 
 1.62000000e+00  3.43529110e-09  4.59226955e-01  4.59226955e-01  3.46179676e-09  4.59226955e-01  3.34238940e-09  3.42932598e-09  1.62447708e-07  3.37960699e-08  1.62000000e+00 
 1.63000000e+00  3.43529111e-09  4.59226971e-01  4.59226971e-01  3.46179678e-09  4.59226972e-01  3.34238946e-09  3.42932604e-09  1.62447726e-07  3.37913804e-08  1.63000000e+00 
 1.64000000e+00  3.43529110e-09  4.59226951e-01  4.59226951e-01  3.46179683e-09  4.59226952e-01  3.34238940e-09  3.42932598e-09  1.62447695e-07  3.37832375e-08  1.64000000e+00 
 1.65000000e+00  3.43529110e-09  4.59226941e-01  4.59226940e-01  3.46179676e-09  4.59226941e-01  3.34238939e-09  3.42932598e-09  1.62447694e-07  3.37682735e-08  1.65000000e+00 
 1.66000000e+00  3.43529111e-09  4.59226960e-01  4.59226960e-01  3.46179678e-09  4.59226960e-01  3.34238940e-09  3.42932598e-09  1.62447726e-07  3.37398518e-08  1.66000000e+00 
 1.67000000e+00  3.43529105e-09  4.59226970e-01  4.59226970e-01  3.46179676e-09  4.59226970e-01  3.34238940e-09  3.42932598e-09  1.62447748e-07  3.36847705e-08  1.67000000e+00 
 1.68000000e+00  3.43529111e-09  4.59226963e-01  4.59226963e-01  3.46179677e-09  4.59226963e-01  3.34238940e-09  3.42932598e-09  1.62447722e-07  3.35178356e-08  1.68000000e+00 
 1.69000000e+00  3.43529111e-09  4.59226959e-01  4.59226959e-01  3.46179677e-09  4.59226959e-01  3.34238940e-09  3.42932598e-09  1.62447718e-07  3.21909681e-08  1.69000000e+00 
 1.70000000e+00  3.43529111e-09  4.59226961e-01  4.59226961e-01  3.46179682e-09  4.59226961e-01  3.34238940e-09  3.42932604e-09  1.62447704e-07  2.91089179e-08  1.70000000e+00 
 1.71000000e+00  3.43529105e-09  4.59226968e-01  4.59226968e-01  3.46179677e-09  4.59226968e-01  3.34238940e-09  3.42932598e-09  1.62447732e-07  2.25341523e-08  1.71000000e+00 
 1.72000000e+00  3.43529111e-09  4.59226961e-01  4.59226961e-01  3.46179676e-09  4.59226961e-01  3.34238940e-09  3.42932604e-09  1.62447728e-07  1.71591239e-08  1.72000000e+00 
 1.73000000e+00  3.43529105e-09  4.59226953e-01  4.59226953e-01  3.46179676e-09  4.59226953e-01  3.34238940e-09  3.42932598e-09  1.62447712e-07  1.27700162e-08  1.73000000e+00 
 1.74000000e+00  3.43529106e-09  4.59226965e-01  4.59226965e-01  3.46179683e-09  4.59226966e-01  3.34238940e-09  3.42932598e-09  1.62447730e-07  9.18274168e-09  1.74000000e+00 
 1.75000000e+00  3.43529105e-09  4.59226953e-01  4.59226952e-01  3.46179676e-09  4.59226953e-01  3.34238940e-09  3.42932604e-09  1.62447702e-07  6.23647622e-09  1.75000000e+00 
 1.76000000e+00  3.43529106e-09  4.59226966e-01  4.59226966e-01  3.46179678e-09  4.59226967e-01  3.34238940e-09  3.42932598e-09  1.62447735e-07  3.79419873e-09  1.76000000e+00 
 1.77000000e+00  3.43529111e-09  4.59226965e-01  4.59226965e-01  3.46179683e-09  4.59226965e-01  3.34238940e-09  3.42932598e-09  1.62447725e-07  1.74811987e-09  1.77000000e+00 
 1.78000000e+00  3.43529110e-09  4.59226962e-01  4.59226962e-01  3.46179676e-09  4.59226962e-01  3.34238940e-09  3.42932598e-09  1.62447724e-07  3.25997007e-11  1.78000000e+00 
 1.79000000e+00  3.43529110e-09  4.59226950e-01  4.59226950e-01  3.46179683e-09  4.59226950e-01  3.34238940e-09  3.42932598e-09  1.62447701e-07 -1.37181644e-09  1.79000000e+00 
 1.80000000e+00  3.43529105e-09  4.59226949e-01  4.59226949e-01  3.46179681e-09  4.59226949e-01  3.34238940e-09  3.42932598e-09  1.62447714e-07 -2.46201637e-09  1.80000000e+00 
