 v-sweep         v(b0)           v(b1)           v(b2)           v(b3)           v(b4)           v(b5)           v(b6)           i(vbias)        i(viout)        v(vout)        
 0.00000000e+00  4.56828766e-01  3.29800148e-09  3.46448531e-09  4.56828766e-01  3.33970848e-09  3.21783941e-09  4.56828766e-01  1.57440936e-07  1.07915229e-07  0.00000000e+00 
 1.00000000e-02  4.56828750e-01  3.29800145e-09  3.46448529e-09  4.56828750e-01  3.33970850e-09  3.21783938e-09  4.56828750e-01  1.57440909e-07  1.07914819e-07  1.00000000e-02 
 2.00000000e-02  4.56828776e-01  3.29800145e-09  3.46448529e-09  4.56828776e-01  3.33970845e-09  3.21783938e-09  4.56828776e-01  1.57440951e-07  1.07914502e-07  2.00000000e-02 
 3.00000000e-02  4.56828782e-01  3.29800145e-09  3.46448529e-09  4.56828783e-01  3.33970851e-09  3.21783938e-09  4.56828782e-01  1.57440958e-07  1.07914112e-07  3.00000000e-02 
 4.00000000e-02  4.56828763e-01  3.29800145e-09  3.46448529e-09  4.56828763e-01  3.33970851e-09  3.21783938e-09  4.56828763e-01  1.57440939e-07  1.07913758e-07  4.00000000e-02 
 5.00000000e-02  4.56828785e-01  3.29800145e-09  3.46448534e-09  4.56828785e-01  3.33970851e-09  3.21783944e-09  4.56828785e-01  1.57440978e-07  1.07913384e-07  5.00000000e-02 
 6.00000000e-02  4.56828764e-01  3.29800145e-09  3.46448529e-09  4.56828764e-01  3.33970845e-09  3.21783944e-09  4.56828764e-01  1.57440929e-07  1.07913029e-07  6.00000000e-02 
 7.00000000e-02  4.56828770e-01  3.29800145e-09  3.46448529e-09  4.56828771e-01  3.33970851e-09  3.21783944e-09  4.56828770e-01  1.57440957e-07  1.07912719e-07  7.00000000e-02 
 8.00000000e-02  4.56828762e-01  3.29800145e-09  3.46448534e-09  4.56828762e-01  3.33970845e-09  3.21783938e-09  4.56828762e-01  1.57440941e-07  1.07912451e-07  8.00000000e-02 
 9.00000000e-02  4.56828782e-01  3.29800145e-09  3.46448529e-09  4.56828782e-01  3.33970845e-09  3.21783938e-09  4.56828782e-01  1.57440960e-07  1.07912057e-07  9.00000000e-02 
 1.00000000e-01  4.56828789e-01  3.29800145e-09  3.46448529e-09  4.56828789e-01  3.33970845e-09  3.21783938e-09  4.56828789e-01  1.57440983e-07  1.07911902e-07  1.00000000e-01 
 1.10000000e-01  4.56828749e-01  3.29800145e-09  3.46448534e-09  4.56828749e-01  3.33970850e-09  3.21783938e-09  4.56828749e-01  1.57440918e-07  1.07911621e-07  1.10000000e-01 
 1.20000000e-01  4.56828764e-01  3.29800139e-09  3.46448534e-09  4.56828764e-01  3.33970845e-09  3.21783944e-09  4.56828764e-01  1.57440935e-07  1.07911236e-07  1.20000000e-01 
 1.30000000e-01  4.56828773e-01  3.29800146e-09  3.46448529e-09  4.56828773e-01  3.33970845e-09  3.21783938e-09  4.56828773e-01  1.57440939e-07  1.07911121e-07  1.30000000e-01 
 1.40000000e-01  4.56828748e-01  3.29800144e-09  3.46448534e-09  4.56828748e-01  3.33970845e-09  3.21783938e-09  4.56828748e-01  1.57440913e-07  1.07910760e-07  1.40000000e-01 
 1.50000000e-01  4.56828763e-01  3.29800145e-09  3.46448529e-09  4.56828763e-01  3.33970845e-09  3.21783944e-09  4.56828763e-01  1.57440935e-07  1.07910687e-07  1.50000000e-01 
 1.60000000e-01  4.56828774e-01  3.29800145e-09  3.46448529e-09  4.56828774e-01  3.33970845e-09  3.21783938e-09  4.56828774e-01  1.57440943e-07  1.07910470e-07  1.60000000e-01 
 1.70000000e-01  4.56828760e-01  3.29800139e-09  3.46448529e-09  4.56828760e-01  3.33970845e-09  3.21783938e-09  4.56828760e-01  1.57440927e-07  1.07910257e-07  1.70000000e-01 
 1.80000000e-01  4.56828765e-01  3.29800146e-09  3.46448534e-09  4.56828765e-01  3.33970851e-09  3.21783944e-09  4.56828765e-01  1.57440936e-07  1.07910004e-07  1.80000000e-01 
 1.90000000e-01  4.56828753e-01  3.29800144e-09  3.46448529e-09  4.56828753e-01  3.33970845e-09  3.21783944e-09  4.56828753e-01  1.57440915e-07  1.07909832e-07  1.90000000e-01 
 2.00000000e-01  4.56828770e-01  3.29800145e-09  3.46448529e-09  4.56828770e-01  3.33970845e-09  3.21783944e-09  4.56828770e-01  1.57440954e-07  1.07909642e-07  2.00000000e-01 
 2.10000000e-01  4.56828777e-01  3.29800145e-09  3.46448529e-09  4.56828777e-01  3.33970845e-09  3.21783938e-09  4.56828777e-01  1.57440946e-07  1.07909523e-07  2.10000000e-01 
 2.20000000e-01  4.56828751e-01  3.29800145e-09  3.46448529e-09  4.56828751e-01  3.33970845e-09  3.21783944e-09  4.56828751e-01  1.57440917e-07  1.07909278e-07  2.20000000e-01 
 2.30000000e-01  4.56828767e-01  3.29800145e-09  3.46448529e-09  4.56828767e-01  3.33970845e-09  3.21783944e-09  4.56828767e-01  1.57440957e-07  1.07909129e-07  2.30000000e-01 
 2.40000000e-01  4.56828751e-01  3.29800145e-09  3.46448534e-09  4.56828751e-01  3.33970845e-09  3.21783938e-09  4.56828751e-01  1.57440906e-07  1.07908937e-07  2.40000000e-01 
 2.50000000e-01  4.56828747e-01  3.29800145e-09  3.46448534e-09  4.56828747e-01  3.33970850e-09  3.21783938e-09  4.56828747e-01  1.57440907e-07  1.07908933e-07  2.50000000e-01 
 2.60000000e-01  4.56828763e-01  3.29800145e-09  3.46448534e-09  4.56828764e-01  3.33970845e-09  3.21783938e-09  4.56828764e-01  1.57440944e-07  1.07908784e-07  2.60000000e-01 
 2.70000000e-01  4.56828762e-01  3.29800145e-09  3.46448529e-09  4.56828762e-01  3.33970845e-09  3.21783944e-09  4.56828762e-01  1.57440941e-07  1.07908681e-07  2.70000000e-01 
 2.80000000e-01  4.56828763e-01  3.29800145e-09  3.46448529e-09  4.56828763e-01  3.33970845e-09  3.21783938e-09  4.56828763e-01  1.57440946e-07  1.07908484e-07  2.80000000e-01 
 2.90000000e-01  4.56828774e-01  3.29800145e-09  3.46448529e-09  4.56828775e-01  3.33970845e-09  3.21783944e-09  4.56828774e-01  1.57440960e-07  1.07908317e-07  2.90000000e-01 
 3.00000000e-01  4.56828769e-01  3.29800145e-09  3.46448534e-09  4.56828769e-01  3.33970845e-09  3.21783938e-09  4.56828769e-01  1.57440927e-07  1.07908154e-07  3.00000000e-01 
 3.10000000e-01  4.56828749e-01  3.29800145e-09  3.46448534e-09  4.56828749e-01  3.33970845e-09  3.21783938e-09  4.56828749e-01  1.57440907e-07  1.07908061e-07  3.10000000e-01 
 3.20000000e-01  4.56828777e-01  3.29800145e-09  3.46448529e-09  4.56828777e-01  3.33970851e-09  3.21783938e-09  4.56828777e-01  1.57440949e-07  1.07908026e-07  3.20000000e-01 
 3.30000000e-01  4.56828767e-01  3.29800145e-09  3.46448534e-09  4.56828767e-01  3.33970845e-09  3.21783938e-09  4.56828767e-01  1.57440952e-07  1.07907962e-07  3.30000000e-01 
 3.40000000e-01  4.56828733e-01  3.29800144e-09  3.46448528e-09  4.56828734e-01  3.33970850e-09  3.21783944e-09  4.56828733e-01  1.57440890e-07  1.07907653e-07  3.40000000e-01 
 3.50000000e-01  4.56828779e-01  3.29800145e-09  3.46448529e-09  4.56828779e-01  3.33970845e-09  3.21783938e-09  4.56828779e-01  1.57440950e-07  1.07907642e-07  3.50000000e-01 
 3.60000000e-01  4.56828755e-01  3.29800145e-09  3.46448534e-09  4.56828756e-01  3.33970845e-09  3.21783938e-09  4.56828755e-01  1.57440919e-07  1.07907582e-07  3.60000000e-01 
 3.70000000e-01  4.56828741e-01  3.29800145e-09  3.46448528e-09  4.56828741e-01  3.33970845e-09  3.21783938e-09  4.56828741e-01  1.57440889e-07  1.07907397e-07  3.70000000e-01 
 3.80000000e-01  4.56828775e-01  3.29800145e-09  3.46448529e-09  4.56828776e-01  3.33970845e-09  3.21783944e-09  4.56828776e-01  1.57440956e-07  1.07907287e-07  3.80000000e-01 
 3.90000000e-01  4.56828759e-01  3.29800145e-09  3.46448534e-09  4.56828760e-01  3.33970845e-09  3.21783938e-09  4.56828759e-01  1.57440932e-07  1.07907251e-07  3.90000000e-01 
 4.00000000e-01  4.56828766e-01  3.29800145e-09  3.46448534e-09  4.56828767e-01  3.33970851e-09  3.21783938e-09  4.56828766e-01  1.57440943e-07  1.07907194e-07  4.00000000e-01 
 4.10000000e-01  4.56828766e-01  3.29800145e-09  3.46448529e-09  4.56828766e-01  3.33970845e-09  3.21783938e-09  4.56828766e-01  1.57440954e-07  1.07906985e-07  4.10000000e-01 
 4.20000000e-01  4.56828775e-01  3.29800145e-09  3.46448529e-09  4.56828775e-01  3.33970845e-09  3.21783938e-09  4.56828775e-01  1.57440958e-07  1.07907077e-07  4.20000000e-01 
 4.30000000e-01  4.56828760e-01  3.29800145e-09  3.46448534e-09  4.56828760e-01  3.33970845e-09  3.21783944e-09  4.56828760e-01  1.57440934e-07  1.07906811e-07  4.30000000e-01 
 4.40000000e-01  4.56828764e-01  3.29800145e-09  3.46448529e-09  4.56828764e-01  3.33970851e-09  3.21783938e-09  4.56828764e-01  1.57440942e-07  1.07906789e-07  4.40000000e-01 
 4.50000000e-01  4.56828782e-01  3.29800145e-09  3.46448534e-09  4.56828782e-01  3.33970845e-09  3.21783944e-09  4.56828782e-01  1.57440956e-07  1.07906821e-07  4.50000000e-01 
 4.60000000e-01  4.56828754e-01  3.29800145e-09  3.46448534e-09  4.56828754e-01  3.33970845e-09  3.21783944e-09  4.56828754e-01  1.57440928e-07  1.07906637e-07  4.60000000e-01 
 4.70000000e-01  4.56828775e-01  3.29800145e-09  3.46448529e-09  4.56828775e-01  3.33970851e-09  3.21783938e-09  4.56828775e-01  1.57440939e-07  1.07906583e-07  4.70000000e-01 
 4.80000000e-01  4.56828767e-01  3.29800145e-09  3.46448529e-09  4.56828767e-01  3.33970845e-09  3.21783938e-09  4.56828767e-01  1.57440946e-07  1.07906523e-07  4.80000000e-01 
 4.90000000e-01  4.56828773e-01  3.29800145e-09  3.46448534e-09  4.56828774e-01  3.33970845e-09  3.21783938e-09  4.56828774e-01  1.57440948e-07  1.07906434e-07  4.90000000e-01 
 5.00000000e-01  4.56828757e-01  3.29800145e-09  3.46448529e-09  4.56828757e-01  3.33970845e-09  3.21783938e-09  4.56828757e-01  1.57440922e-07  1.07906303e-07  5.00000000e-01 
 5.10000000e-01  4.56828771e-01  3.29800145e-09  3.46448529e-09  4.56828771e-01  3.33970851e-09  3.21783944e-09  4.56828771e-01  1.57440950e-07  1.07906150e-07  5.10000000e-01 
 5.20000000e-01  4.56828753e-01  3.29800145e-09  3.46448534e-09  4.56828753e-01  3.33970850e-09  3.21783938e-09  4.56828753e-01  1.57440906e-07  1.07906128e-07  5.20000000e-01 
 5.30000000e-01  4.56828742e-01  3.29800145e-09  3.46448528e-09  4.56828743e-01  3.33970850e-09  3.21783944e-09  4.56828742e-01  1.57440907e-07  1.07906104e-07  5.30000000e-01 
 5.40000000e-01  4.56828795e-01  3.29800145e-09  3.46448529e-09  4.56828795e-01  3.33970851e-09  3.21783944e-09  4.56828795e-01  1.57440991e-07  1.07906125e-07  5.40000000e-01 
 5.50000000e-01  4.56828764e-01  3.29800145e-09  3.46448529e-09  4.56828764e-01  3.33970845e-09  3.21783938e-09  4.56828764e-01  1.57440944e-07  1.07905887e-07  5.50000000e-01 
 5.60000000e-01  4.56828777e-01  3.29800145e-09  3.46448534e-09  4.56828778e-01  3.33970845e-09  3.21783938e-09  4.56828778e-01  1.57440958e-07  1.07905873e-07  5.60000000e-01 
 5.70000000e-01  4.56828758e-01  3.29800145e-09  3.46448529e-09  4.56828758e-01  3.33970850e-09  3.21783938e-09  4.56828758e-01  1.57440929e-07  1.07905578e-07  5.70000000e-01 
 5.80000000e-01  4.56828773e-01  3.29800145e-09  3.46448534e-09  4.56828773e-01  3.33970845e-09  3.21783944e-09  4.56828773e-01  1.57440943e-07  1.07905826e-07  5.80000000e-01 
 5.90000000e-01  4.56828752e-01  3.29800145e-09  3.46448529e-09  4.56828752e-01  3.33970845e-09  3.21783944e-09  4.56828752e-01  1.57440914e-07  1.07905556e-07  5.90000000e-01 
 6.00000000e-01  4.56828785e-01  3.29800145e-09  3.46448529e-09  4.56828785e-01  3.33970845e-09  3.21783944e-09  4.56828785e-01  1.57440970e-07  1.07905620e-07  6.00000000e-01 
 6.10000000e-01  4.56828774e-01  3.29800145e-09  3.46448529e-09  4.56828774e-01  3.33970845e-09  3.21783944e-09  4.56828774e-01  1.57440946e-07  1.07905507e-07  6.10000000e-01 
 6.20000000e-01  4.56828760e-01  3.29800145e-09  3.46448534e-09  4.56828760e-01  3.33970845e-09  3.21783944e-09  4.56828760e-01  1.57440938e-07  1.07905329e-07  6.20000000e-01 
 6.30000000e-01  4.56828777e-01  3.29800145e-09  3.46448529e-09  4.56828777e-01  3.33970851e-09  3.21783944e-09  4.56828777e-01  1.57440963e-07  1.07905372e-07  6.30000000e-01 
 6.40000000e-01  4.56828765e-01  3.29800145e-09  3.46448534e-09  4.56828765e-01  3.33970845e-09  3.21783938e-09  4.56828765e-01  1.57440936e-07  1.07905201e-07  6.40000000e-01 
 6.50000000e-01  4.56828775e-01  3.29800145e-09  3.46448534e-09  4.56828775e-01  3.33970845e-09  3.21783944e-09  4.56828775e-01  1.57440950e-07  1.07905223e-07  6.50000000e-01 
 6.60000000e-01  4.56828772e-01  3.29800145e-09  3.46448534e-09  4.56828772e-01  3.33970845e-09  3.21783944e-09  4.56828772e-01  1.57440938e-07  1.07905109e-07  6.60000000e-01 
 6.70000000e-01  4.56828772e-01  3.29800139e-09  3.46448529e-09  4.56828772e-01  3.33970845e-09  3.21783938e-09  4.56828772e-01  1.57440947e-07  1.07905024e-07  6.70000000e-01 
 6.80000000e-01  4.56828767e-01  3.29800140e-09  3.46448534e-09  4.56828768e-01  3.33970845e-09  3.21783944e-09  4.56828768e-01  1.57440955e-07  1.07904881e-07  6.80000000e-01 
 6.90000000e-01  4.56828786e-01  3.29800140e-09  3.46448529e-09  4.56828786e-01  3.33970845e-09  3.21783944e-09  4.56828786e-01  1.57440957e-07  1.07904789e-07  6.90000000e-01 
 7.00000000e-01  4.56828774e-01  3.29800145e-09  3.46448534e-09  4.56828774e-01  3.33970845e-09  3.21783938e-09  4.56828774e-01  1.57440960e-07  1.07904839e-07  7.00000000e-01 
 7.10000000e-01  4.56828786e-01  3.29800144e-09  3.46448534e-09  4.56828786e-01  3.33970845e-09  3.21783944e-09  4.56828786e-01  1.57440979e-07  1.07904718e-07  7.10000000e-01 
 7.20000000e-01  4.56828792e-01  3.29800145e-09  3.46448534e-09  4.56828793e-01  3.33970845e-09  3.21783944e-09  4.56828793e-01  1.57440976e-07  1.07904690e-07  7.20000000e-01 
 7.30000000e-01  4.56828777e-01  3.29800145e-09  3.46448529e-09  4.56828778e-01  3.33970845e-09  3.21783938e-09  4.56828778e-01  1.57440965e-07  1.07904498e-07  7.30000000e-01 
 7.40000000e-01  4.56828767e-01  3.29800145e-09  3.46448529e-09  4.56828768e-01  3.33970845e-09  3.21783938e-09  4.56828767e-01  1.57440945e-07  1.07904434e-07  7.40000000e-01 
 7.50000000e-01  4.56828751e-01  3.29800145e-09  3.46448529e-09  4.56828751e-01  3.33970845e-09  3.21783944e-09  4.56828751e-01  1.57440924e-07  1.07904313e-07  7.50000000e-01 
 7.60000000e-01  4.56828773e-01  3.29800145e-09  3.46448534e-09  4.56828773e-01  3.33970845e-09  3.21783938e-09  4.56828773e-01  1.57440957e-07  1.07904405e-07  7.60000000e-01 
 7.70000000e-01  4.56828764e-01  3.29800145e-09  3.46448529e-09  4.56828764e-01  3.33970851e-09  3.21783944e-09  4.56828764e-01  1.57440930e-07  1.07904199e-07  7.70000000e-01 
 7.80000000e-01  4.56828776e-01  3.29800145e-09  3.46448529e-09  4.56828776e-01  3.33970851e-09  3.21783944e-09  4.56828776e-01  1.57440950e-07  1.07904135e-07  7.80000000e-01 
 7.90000000e-01  4.56828754e-01  3.29800145e-09  3.46448529e-09  4.56828754e-01  3.33970850e-09  3.21783938e-09  4.56828754e-01  1.57440913e-07  1.07904057e-07  7.90000000e-01 
 8.00000000e-01  4.56828776e-01  3.29800145e-09  3.46448529e-09  4.56828776e-01  3.33970845e-09  3.21783938e-09  4.56828776e-01  1.57440949e-07  1.07903986e-07  8.00000000e-01 
 8.10000000e-01  4.56828770e-01  3.29800145e-09  3.46448529e-09  4.56828770e-01  3.33970845e-09  3.21783944e-09  4.56828770e-01  1.57440940e-07  1.07904050e-07  8.10000000e-01 
 8.20000000e-01  4.56828772e-01  3.29800145e-09  3.46448529e-09  4.56828772e-01  3.33970845e-09  3.21783938e-09  4.56828772e-01  1.57440947e-07  1.07903901e-07  8.20000000e-01 
 8.30000000e-01  4.56828767e-01  3.29800145e-09  3.46448534e-09  4.56828767e-01  3.33970845e-09  3.21783944e-09  4.56828767e-01  1.57440949e-07  1.07903617e-07  8.30000000e-01 
 8.40000000e-01  4.56828757e-01  3.29800145e-09  3.46448534e-09  4.56828757e-01  3.33970845e-09  3.21783938e-09  4.56828757e-01  1.57440922e-07  1.07903624e-07  8.40000000e-01 
 8.50000000e-01  4.56828758e-01  3.29800145e-09  3.46448529e-09  4.56828758e-01  3.33970845e-09  3.21783938e-09  4.56828758e-01  1.57440927e-07  1.07903560e-07  8.50000000e-01 
 8.60000000e-01  4.56828748e-01  3.29800145e-09  3.46448534e-09  4.56828749e-01  3.33970845e-09  3.21783938e-09  4.56828748e-01  1.57440916e-07  1.07903475e-07  8.60000000e-01 
 8.70000000e-01  4.56828783e-01  3.29800145e-09  3.46448534e-09  4.56828783e-01  3.33970845e-09  3.21783944e-09  4.56828783e-01  1.57440962e-07  1.07903539e-07  8.70000000e-01 
 8.80000000e-01  4.56828777e-01  3.29800145e-09  3.46448529e-09  4.56828777e-01  3.33970845e-09  3.21783938e-09  4.56828777e-01  1.57440955e-07  1.07903318e-07  8.80000000e-01 
 8.90000000e-01  4.56828771e-01  3.29800145e-09  3.46448529e-09  4.56828771e-01  3.33970845e-09  3.21783944e-09  4.56828771e-01  1.57440954e-07  1.07903226e-07  8.90000000e-01 
 9.00000000e-01  4.56828755e-01  3.29800145e-09  3.46448534e-09  4.56828756e-01  3.33970845e-09  3.21783938e-09  4.56828755e-01  1.57440937e-07  1.07903205e-07  9.00000000e-01 
 9.10000000e-01  4.56828790e-01  3.29800145e-09  3.46448534e-09  4.56828790e-01  3.33970851e-09  3.21783938e-09  4.56828790e-01  1.57440989e-07  1.07903126e-07  9.10000000e-01 
 9.20000000e-01  4.56828764e-01  3.29800145e-09  3.46448534e-09  4.56828765e-01  3.33970851e-09  3.21783944e-09  4.56828765e-01  1.57440927e-07  1.07902984e-07  9.20000000e-01 
 9.30000000e-01  4.56828772e-01  3.29800145e-09  3.46448529e-09  4.56828772e-01  3.33970845e-09  3.21783938e-09  4.56828772e-01  1.57440947e-07  1.07902999e-07  9.30000000e-01 
 9.40000000e-01  4.56828770e-01  3.29800145e-09  3.46448529e-09  4.56828770e-01  3.33970851e-09  3.21783938e-09  4.56828770e-01  1.57440946e-07  1.07902828e-07  9.40000000e-01 
 9.50000000e-01  4.56828776e-01  3.29800145e-09  3.46448529e-09  4.56828777e-01  3.33970845e-09  3.21783938e-09  4.56828777e-01  1.57440956e-07  1.07902707e-07  9.50000000e-01 
 9.60000000e-01  4.56828791e-01  3.29800145e-09  3.46448534e-09  4.56828791e-01  3.33970845e-09  3.21783944e-09  4.56828791e-01  1.57440982e-07  1.07902729e-07  9.60000000e-01 
 9.70000000e-01  4.56828779e-01  3.29800145e-09  3.46448534e-09  4.56828779e-01  3.33970845e-09  3.21783938e-09  4.56828779e-01  1.57440955e-07  1.07902650e-07  9.70000000e-01 
 9.80000000e-01  4.56828756e-01  3.29800145e-09  3.46448534e-09  4.56828757e-01  3.33970845e-09  3.21783944e-09  4.56828756e-01  1.57440931e-07  1.07902537e-07  9.80000000e-01 
 9.90000000e-01  4.56828778e-01  3.29800145e-09  3.46448534e-09  4.56828778e-01  3.33970845e-09  3.21783938e-09  4.56828778e-01  1.57440962e-07  1.07902501e-07  9.90000000e-01 
 1.00000000e+00  4.56828752e-01  3.29800145e-09  3.46448534e-09  4.56828753e-01  3.33970845e-09  3.21783938e-09  4.56828752e-01  1.57440921e-07  1.07902423e-07  1.00000000e+00 
 1.01000000e+00  4.56828772e-01  3.29800145e-09  3.46448534e-09  4.56828772e-01  3.33970845e-09  3.21783938e-09  4.56828772e-01  1.57440961e-07  1.07902217e-07  1.01000000e+00 
 1.02000000e+00  4.56828763e-01  3.29800145e-09  3.46448529e-09  4.56828763e-01  3.33970845e-09  3.21783938e-09  4.56828763e-01  1.57440926e-07  1.07902089e-07  1.02000000e+00 
 1.03000000e+00  4.56828766e-01  3.29800145e-09  3.46448529e-09  4.56828767e-01  3.33970851e-09  3.21783944e-09  4.56828767e-01  1.57440937e-07  1.07902096e-07  1.03000000e+00 
 1.04000000e+00  4.56828764e-01  3.29800145e-09  3.46448529e-09  4.56828764e-01  3.33970845e-09  3.21783944e-09  4.56828764e-01  1.57440934e-07  1.07901975e-07  1.04000000e+00 
 1.05000000e+00  4.56828769e-01  3.29800145e-09  3.46448534e-09  4.56828769e-01  3.33970845e-09  3.21783944e-09  4.56828769e-01  1.57440954e-07  1.07901826e-07  1.05000000e+00 
 1.06000000e+00  4.56828760e-01  3.29800145e-09  3.46448529e-09  4.56828760e-01  3.33970845e-09  3.21783938e-09  4.56828760e-01  1.57440917e-07  1.07901840e-07  1.06000000e+00 
 1.07000000e+00  4.56828763e-01  3.29800145e-09  3.46448529e-09  4.56828763e-01  3.33970851e-09  3.21783944e-09  4.56828763e-01  1.57440926e-07  1.07901791e-07  1.07000000e+00 
 1.08000000e+00  4.56828771e-01  3.29800145e-09  3.46448529e-09  4.56828771e-01  3.33970845e-09  3.21783938e-09  4.56828771e-01  1.57440952e-07  1.07901592e-07  1.08000000e+00 
 1.09000000e+00  4.56828757e-01  3.29800145e-09  3.46448529e-09  4.56828757e-01  3.33970850e-09  3.21783938e-09  4.56828757e-01  1.57440918e-07  1.07901485e-07  1.09000000e+00 
 1.10000000e+00  4.56828771e-01  3.29800145e-09  3.46448529e-09  4.56828771e-01  3.33970845e-09  3.21783944e-09  4.56828771e-01  1.57440950e-07  1.07901478e-07  1.10000000e+00 
 1.11000000e+00  4.56828758e-01  3.29800145e-09  3.46448529e-09  4.56828759e-01  3.33970845e-09  3.21783944e-09  4.56828758e-01  1.57440927e-07  1.07901357e-07  1.11000000e+00 
 1.12000000e+00  4.56828763e-01  3.29800145e-09  3.46448534e-09  4.56828763e-01  3.33970845e-09  3.21783938e-09  4.56828763e-01  1.57440932e-07  1.07901222e-07  1.12000000e+00 
 1.13000000e+00  4.56828777e-01  3.29800145e-09  3.46448529e-09  4.56828778e-01  3.33970851e-09  3.21783944e-09  4.56828777e-01  1.57440961e-07  1.07901037e-07  1.13000000e+00 
 1.14000000e+00  4.56828762e-01  3.29800145e-09  3.46448529e-09  4.56828762e-01  3.33970850e-09  3.21783944e-09  4.56828762e-01  1.57440914e-07  1.07901087e-07  1.14000000e+00 
 1.15000000e+00  4.56828766e-01  3.29800145e-09  3.46448529e-09  4.56828766e-01  3.33970851e-09  3.21783938e-09  4.56828766e-01  1.57440944e-07  1.07900966e-07  1.15000000e+00 
 1.16000000e+00  4.56828753e-01  3.29800145e-09  3.46448529e-09  4.56828753e-01  3.33970845e-09  3.21783944e-09  4.56828753e-01  1.57440934e-07  1.07900846e-07  1.16000000e+00 
 1.17000000e+00  4.56828771e-01  3.29800145e-09  3.46448534e-09  4.56828771e-01  3.33970845e-09  3.21783944e-09  4.56828771e-01  1.57440962e-07  1.07900846e-07  1.17000000e+00 
 1.18000000e+00  4.56828783e-01  3.29800145e-09  3.46448529e-09  4.56828783e-01  3.33970845e-09  3.21783938e-09  4.56828783e-01  1.57440948e-07  1.07900689e-07  1.18000000e+00 
 1.19000000e+00  4.56828739e-01  3.29800144e-09  3.46448528e-09  4.56828739e-01  3.33970845e-09  3.21783938e-09  4.56828739e-01  1.57440896e-07  1.07900547e-07  1.19000000e+00 
 1.20000000e+00  4.56828763e-01  3.29800145e-09  3.46448529e-09  4.56828764e-01  3.33970845e-09  3.21783944e-09  4.56828763e-01  1.57440932e-07  1.07900448e-07  1.20000000e+00 
 1.21000000e+00  4.56828780e-01  3.29800145e-09  3.46448529e-09  4.56828781e-01  3.33970845e-09  3.21783938e-09  4.56828780e-01  1.57440958e-07  1.07900405e-07  1.21000000e+00 
 1.22000000e+00  4.56828761e-01  3.29800145e-09  3.46448529e-09  4.56828761e-01  3.33970850e-09  3.21783938e-09  4.56828761e-01  1.57440918e-07  1.07900249e-07  1.22000000e+00 
 1.23000000e+00  4.56828772e-01  3.29800145e-09  3.46448529e-09  4.56828772e-01  3.33970845e-09  3.21783938e-09  4.56828772e-01  1.57440947e-07  1.07900235e-07  1.23000000e+00 
 1.24000000e+00  4.56828783e-01  3.29800145e-09  3.46448529e-09  4.56828783e-01  3.33970851e-09  3.21783938e-09  4.56828783e-01  1.57440961e-07  1.07900007e-07  1.24000000e+00 
 1.25000000e+00  4.56828756e-01  3.29800145e-09  3.46448529e-09  4.56828756e-01  3.33970845e-09  3.21783944e-09  4.56828756e-01  1.57440914e-07  1.07899908e-07  1.25000000e+00 
 1.26000000e+00  4.56828768e-01  3.29800145e-09  3.46448534e-09  4.56828768e-01  3.33970845e-09  3.21783944e-09  4.56828768e-01  1.57440945e-07  1.07899837e-07  1.26000000e+00 
 1.27000000e+00  4.56828763e-01  3.29800145e-09  3.46448529e-09  4.56828763e-01  3.33970845e-09  3.21783938e-09  4.56828763e-01  1.57440934e-07  1.07899680e-07  1.27000000e+00 
 1.28000000e+00  4.56828766e-01  3.29800145e-09  3.46448529e-09  4.56828766e-01  3.33970845e-09  3.21783944e-09  4.56828766e-01  1.57440935e-07  1.07899538e-07  1.28000000e+00 
 1.29000000e+00  4.56828779e-01  3.29800145e-09  3.46448529e-09  4.56828779e-01  3.33970845e-09  3.21783938e-09  4.56828779e-01  1.57440949e-07  1.07899467e-07  1.29000000e+00 
 1.30000000e+00  4.56828781e-01  3.29800145e-09  3.46448529e-09  4.56828781e-01  3.33970845e-09  3.21783938e-09  4.56828781e-01  1.57440950e-07  1.07899325e-07  1.30000000e+00 
 1.31000000e+00  4.56828784e-01  3.29800139e-09  3.46448534e-09  4.56828784e-01  3.33970845e-09  3.21783944e-09  4.56828784e-01  1.57440963e-07  1.07899140e-07  1.31000000e+00 
 1.32000000e+00  4.56828762e-01  3.29800146e-09  3.46448529e-09  4.56828762e-01  3.33970845e-09  3.21783944e-09  4.56828762e-01  1.57440923e-07  1.07899069e-07  1.32000000e+00 
 1.33000000e+00  4.56828765e-01  3.29800144e-09  3.46448529e-09  4.56828766e-01  3.33970845e-09  3.21783938e-09  4.56828766e-01  1.57440937e-07  1.07898970e-07  1.33000000e+00 
 1.34000000e+00  4.56828775e-01  3.29800145e-09  3.46448534e-09  4.56828775e-01  3.33970845e-09  3.21783938e-09  4.56828775e-01  1.57440943e-07  1.07898870e-07  1.34000000e+00 
 1.35000000e+00  4.56828761e-01  3.29800145e-09  3.46448529e-09  4.56828761e-01  3.33970850e-09  3.21783938e-09  4.56828761e-01  1.57440934e-07  1.07898529e-07  1.35000000e+00 
 1.36000000e+00  4.56828758e-01  3.29800145e-09  3.46448529e-09  4.56828759e-01  3.33970850e-09  3.21783938e-09  4.56828758e-01  1.57440933e-07  1.07898430e-07  1.36000000e+00 
 1.37000000e+00  4.56828770e-01  3.29800145e-09  3.46448534e-09  4.56828771e-01  3.33970851e-09  3.21783944e-09  4.56828770e-01  1.57440950e-07  1.07898273e-07  1.37000000e+00 
 1.38000000e+00  4.56828768e-01  3.29800145e-09  3.46448534e-09  4.56828768e-01  3.33970851e-09  3.21783938e-09  4.56828768e-01  1.57440925e-07  1.07898018e-07  1.38000000e+00 
 1.39000000e+00  4.56828761e-01  3.29800145e-09  3.46448529e-09  4.56828762e-01  3.33970845e-09  3.21783938e-09  4.56828761e-01  1.57440936e-07  1.07897947e-07  1.39000000e+00 
 1.40000000e+00  4.56828793e-01  3.29800145e-09  3.46448534e-09  4.56828793e-01  3.33970845e-09  3.21783944e-09  4.56828793e-01  1.57440988e-07  1.07897776e-07  1.40000000e+00 
 1.41000000e+00  4.56828756e-01  3.29800145e-09  3.46448529e-09  4.56828756e-01  3.33970845e-09  3.21783944e-09  4.56828756e-01  1.57440925e-07  1.07897364e-07  1.41000000e+00 
 1.42000000e+00  4.56828752e-01  3.29800145e-09  3.46448534e-09  4.56828752e-01  3.33970845e-09  3.21783938e-09  4.56828752e-01  1.57440912e-07  1.07897151e-07  1.42000000e+00 
 1.43000000e+00  4.56828757e-01  3.29800145e-09  3.46448529e-09  4.56828757e-01  3.33970845e-09  3.21783938e-09  4.56828757e-01  1.57440919e-07  1.07896895e-07  1.43000000e+00 
 1.44000000e+00  4.56828761e-01  3.29800145e-09  3.46448529e-09  4.56828762e-01  3.33970845e-09  3.21783944e-09  4.56828762e-01  1.57440950e-07  1.07896611e-07  1.44000000e+00 
 1.45000000e+00  4.56828774e-01  3.29800145e-09  3.46448534e-09  4.56828774e-01  3.33970845e-09  3.21783944e-09  4.56828774e-01  1.57440955e-07  1.07896426e-07  1.45000000e+00 
 1.46000000e+00  4.56828767e-01  3.29800145e-09  3.46448529e-09  4.56828768e-01  3.33970851e-09  3.21783938e-09  4.56828768e-01  1.57440945e-07  1.07896000e-07  1.46000000e+00 
 1.47000000e+00  4.56828776e-01  3.29800145e-09  3.46448529e-09  4.56828776e-01  3.33970851e-09  3.21783944e-09  4.56828776e-01  1.57440960e-07  1.07895517e-07  1.47000000e+00 
 1.48000000e+00  4.56828788e-01  3.29800145e-09  3.46448529e-09  4.56828788e-01  3.33970845e-09  3.21783944e-09  4.56828788e-01  1.57440964e-07  1.07895048e-07  1.48000000e+00 
 1.49000000e+00  4.56828788e-01  3.29800145e-09  3.46448529e-09  4.56828788e-01  3.33970845e-09  3.21783944e-09  4.56828788e-01  1.57440976e-07  1.07894408e-07  1.49000000e+00 
 1.50000000e+00  4.56828771e-01  3.29800145e-09  3.46448529e-09  4.56828771e-01  3.33970851e-09  3.21783944e-09  4.56828771e-01  1.57440933e-07  1.07893499e-07  1.50000000e+00 
 1.51000000e+00  4.56828764e-01  3.29800145e-09  3.46448534e-09  4.56828765e-01  3.33970845e-09  3.21783944e-09  4.56828764e-01  1.57440938e-07  1.07892362e-07  1.51000000e+00 
 1.52000000e+00  4.56828771e-01  3.29800145e-09  3.46448529e-09  4.56828771e-01  3.33970845e-09  3.21783938e-09  4.56828771e-01  1.57440951e-07  1.07890926e-07  1.52000000e+00 
 1.53000000e+00  4.56828770e-01  3.29800145e-09  3.46448529e-09  4.56828770e-01  3.33970851e-09  3.21783938e-09  4.56828770e-01  1.57440932e-07  1.07889051e-07  1.53000000e+00 
 1.54000000e+00  4.56828780e-01  3.29800145e-09  3.46448534e-09  4.56828780e-01  3.33970845e-09  3.21783938e-09  4.56828780e-01  1.57440964e-07  1.07886279e-07  1.54000000e+00 
 1.55000000e+00  4.56828765e-01  3.29800145e-09  3.46448529e-09  4.56828766e-01  3.33970845e-09  3.21783944e-09  4.56828766e-01  1.57440944e-07  1.07881945e-07  1.55000000e+00 
 1.56000000e+00  4.56828780e-01  3.29800145e-09  3.46448529e-09  4.56828780e-01  3.33970845e-09  3.21783938e-09  4.56828780e-01  1.57440960e-07  1.07875039e-07  1.56000000e+00 
 1.57000000e+00  4.56828744e-01  3.29800145e-09  3.46448528e-09  4.56828744e-01  3.33970845e-09  3.21783938e-09  4.56828744e-01  1.57440892e-07  1.07863627e-07  1.57000000e+00 
 1.58000000e+00  4.56828778e-01  3.29800145e-09  3.46448529e-09  4.56828778e-01  3.33970851e-09  3.21783938e-09  4.56828778e-01  1.57440956e-07  1.07843576e-07  1.58000000e+00 
 1.59000000e+00  4.56828778e-01  3.29800139e-09  3.46448534e-09  4.56828778e-01  3.33970851e-09  3.21783944e-09  4.56828778e-01  1.57440964e-07  1.07806130e-07  1.59000000e+00 
 1.60000000e+00  4.56828764e-01  3.29800146e-09  3.46448534e-09  4.56828764e-01  3.33970851e-09  3.21783938e-09  4.56828764e-01  1.57440937e-07  1.07732873e-07  1.60000000e+00 
 1.61000000e+00  4.56828779e-01  3.29800145e-09  3.46448534e-09  4.56828779e-01  3.33970845e-09  3.21783944e-09  4.56828779e-01  1.57440954e-07  1.07564247e-07  1.61000000e+00 
 1.62000000e+00  4.56828745e-01  3.29800145e-09  3.46448534e-09  4.56828745e-01  3.33970845e-09  3.21783944e-09  4.56828745e-01  1.57440923e-07  1.07060856e-07  1.62000000e+00 
 1.63000000e+00  4.56828775e-01  3.29800145e-09  3.46448529e-09  4.56828775e-01  3.33970845e-09  3.21783944e-09  4.56828775e-01  1.57440955e-07  1.05875472e-07  1.63000000e+00 
 1.64000000e+00  4.56828773e-01  3.29800145e-09  3.46448534e-09  4.56828774e-01  3.33970851e-09  3.21783944e-09  4.56828773e-01  1.57440948e-07  9.67050084e-08  1.64000000e+00 
 1.65000000e+00  4.56828750e-01  3.29800145e-09  3.46448529e-09  4.56828750e-01  3.33970845e-09  3.21783944e-09  4.56828750e-01  1.57440903e-07  7.92432218e-08  1.65000000e+00 
 1.66000000e+00  4.56828755e-01  3.29800145e-09  3.46448534e-09  4.56828755e-01  3.33970850e-09  3.21783938e-09  4.56828755e-01  1.57440913e-07  6.43323688e-08  1.66000000e+00 
 1.67000000e+00  4.56828762e-01  3.29800145e-09  3.46448529e-09  4.56828762e-01  3.33970845e-09  3.21783938e-09  4.56828762e-01  1.57440957e-07  5.17815266e-08  1.67000000e+00 
 1.68000000e+00  4.56828763e-01  3.29800145e-09  3.46448529e-09  4.56828763e-01  3.33970845e-09  3.21783944e-09  4.56828763e-01  1.57440935e-07  4.13319583e-08  1.68000000e+00 
 1.69000000e+00  4.56828765e-01  3.29800145e-09  3.46448529e-09  4.56828765e-01  3.33970845e-09  3.21783938e-09  4.56828765e-01  1.57440952e-07  3.26968745e-08  1.69000000e+00 
 1.70000000e+00  4.56828776e-01  3.29800145e-09  3.46448529e-09  4.56828777e-01  3.33970845e-09  3.21783938e-09  4.56828776e-01  1.57440964e-07  2.55997037e-08  1.70000000e+00 
 1.71000000e+00  4.56828782e-01  3.29800145e-09  3.46448534e-09  4.56828782e-01  3.33970845e-09  3.21783944e-09  4.56828782e-01  1.57440966e-07  1.97913721e-08  1.71000000e+00 
 1.72000000e+00  4.56828772e-01  3.29800145e-09  3.46448529e-09  4.56828772e-01  3.33970851e-09  3.21783944e-09  4.56828772e-01  1.57440947e-07  1.50523363e-08  1.72000000e+00 
 1.73000000e+00  4.56828774e-01  3.29800145e-09  3.46448534e-09  4.56828775e-01  3.33970851e-09  3.21783944e-09  4.56828774e-01  1.57440956e-07  1.11926823e-08  1.73000000e+00 
 1.74000000e+00  4.56828771e-01  3.29800145e-09  3.46448529e-09  4.56828771e-01  3.33970845e-09  3.21783938e-09  4.56828771e-01  1.57440934e-07  8.04865863e-09  1.74000000e+00 
 1.75000000e+00  4.56828754e-01  3.29800139e-09  3.46448529e-09  4.56828754e-01  3.33970850e-09  3.21783944e-09  4.56828754e-01  1.57440929e-07  5.47737500e-09  1.75000000e+00 
 1.76000000e+00  4.56828748e-01  3.29800140e-09  3.46448529e-09  4.56828748e-01  3.33970845e-09  3.21783938e-09  4.56828748e-01  1.57440919e-07  3.35769812e-09  1.76000000e+00 
 1.77000000e+00  4.56828768e-01  3.29800145e-09  3.46448534e-09  4.56828768e-01  3.33970845e-09  3.21783944e-09  4.56828768e-01  1.57440939e-07  1.59423053e-09  1.77000000e+00 
 1.78000000e+00  4.56828750e-01  3.29800144e-09  3.46448534e-09  4.56828750e-01  3.33970850e-09  3.21783938e-09  4.56828750e-01  1.57440898e-07  1.27911903e-10  1.78000000e+00 
 1.79000000e+00  4.56828771e-01  3.29800145e-09  3.46448529e-09  4.56828771e-01  3.33970845e-09  3.21783944e-09  4.56828771e-01  1.57440944e-07 -1.06170717e-09  1.79000000e+00 
 1.80000000e+00  4.56828751e-01  3.29800139e-09  3.46448529e-09  4.56828751e-01  3.33970845e-09  3.21783944e-09  4.56828751e-01  1.57440917e-07 -1.97570671e-09  1.80000000e+00 
