 v-sweep         v(b0)           v(b1)           v(b2)           v(b3)           v(b4)           v(b5)           v(b6)           i(vbias)        i(viout)        v(vout)        
 0.00000000e+00  4.57133339e-01  4.57133339e-01  3.22570865e-09  4.57133339e-01  3.32090519e-09  3.10440679e-09  3.24128889e-09  1.56634753e-07  1.61616646e-08  0.00000000e+00 
 1.00000000e-02  4.57133351e-01  4.57133351e-01  3.22570862e-09  4.57133351e-01  3.32090522e-09  3.10440676e-09  3.24128892e-09  1.56634762e-07  1.61611994e-08  1.00000000e-02 
 2.00000000e-02  4.57133325e-01  4.57133325e-01  3.22570862e-09  4.57133325e-01  3.32090522e-09  3.10440676e-09  3.24128891e-09  1.56634718e-07  1.61608971e-08  2.00000000e-02 
 3.00000000e-02  4.57133320e-01  4.57133320e-01  3.22570862e-09  4.57133320e-01  3.32090522e-09  3.10440670e-09  3.24128891e-09  1.56634712e-07  1.61604314e-08  3.00000000e-02 
 4.00000000e-02  4.57133332e-01  4.57133332e-01  3.22570862e-09  4.57133332e-01  3.32090522e-09  3.10440671e-09  3.24128892e-09  1.56634744e-07  1.61600675e-08  4.00000000e-02 
 5.00000000e-02  4.57133351e-01  4.57133351e-01  3.22570862e-09  4.57133351e-01  3.32090522e-09  3.10440676e-09  3.24128892e-09  1.56634756e-07  1.61598317e-08  5.00000000e-02 
 6.00000000e-02  4.57133317e-01  4.57133317e-01  3.22570862e-09  4.57133318e-01  3.32090522e-09  3.10440675e-09  3.24128891e-09  1.56634726e-07  1.61594840e-08  6.00000000e-02 
 7.00000000e-02  4.57133311e-01  4.57133311e-01  3.22570862e-09  4.57133311e-01  3.32090528e-09  3.10440675e-09  3.24128891e-09  1.56634709e-07  1.61592948e-08  7.00000000e-02 
 8.00000000e-02  4.57133326e-01  4.57133326e-01  3.22570862e-09  4.57133327e-01  3.32090522e-09  3.10440676e-09  3.24128892e-09  1.56634737e-07  1.61589799e-08  8.00000000e-02 
 9.00000000e-02  4.57133356e-01  4.57133356e-01  3.22570862e-09  4.57133356e-01  3.32090522e-09  3.10440676e-09  3.24128886e-09  1.56634764e-07  1.61586815e-08  9.00000000e-02 
 1.00000000e-01  4.57133324e-01  4.57133324e-01  3.22570862e-09  4.57133325e-01  3.32090522e-09  3.10440670e-09  3.24128893e-09  1.56634719e-07  1.61583937e-08  1.00000000e-01 
 1.10000000e-01  4.57133350e-01  4.57133350e-01  3.22570862e-09  4.57133350e-01  3.32090522e-09  3.10440677e-09  3.24128891e-09  1.56634759e-07  1.61582072e-08  1.10000000e-01 
 1.20000000e-01  4.57133339e-01  4.57133340e-01  3.22570862e-09  4.57133340e-01  3.32090522e-09  3.10440675e-09  3.24128892e-09  1.56634720e-07  1.61578990e-08  1.20000000e-01 
 1.30000000e-01  4.57133344e-01  4.57133344e-01  3.22570862e-09  4.57133344e-01  3.32090522e-09  3.10440676e-09  3.24128886e-09  1.56634776e-07  1.61577178e-08  1.30000000e-01 
 1.40000000e-01  4.57133345e-01  4.57133345e-01  3.22570868e-09  4.57133345e-01  3.32090522e-09  3.10440676e-09  3.24128887e-09  1.56634740e-07  1.61573386e-08  1.40000000e-01 
 1.50000000e-01  4.57133330e-01  4.57133330e-01  3.22570862e-09  4.57133330e-01  3.32090522e-09  3.10440670e-09  3.24128886e-09  1.56634739e-07  1.61573919e-08  1.50000000e-01 
 1.60000000e-01  4.57133306e-01  4.57133306e-01  3.22570862e-09  4.57133306e-01  3.32090522e-09  3.10440677e-09  3.24128886e-09  1.56634701e-07  1.61571290e-08  1.60000000e-01 
 1.70000000e-01  4.57133326e-01  4.57133326e-01  3.22570862e-09  4.57133327e-01  3.32090522e-09  3.10440675e-09  3.24128892e-09  1.56634726e-07  1.61568448e-08  1.70000000e-01 
 1.80000000e-01  4.57133328e-01  4.57133328e-01  3.22570862e-09  4.57133328e-01  3.32090522e-09  3.10440670e-09  3.24128891e-09  1.56634746e-07  1.61568039e-08  1.80000000e-01 
 1.90000000e-01  4.57133326e-01  4.57133326e-01  3.22570862e-09  4.57133326e-01  3.32090522e-09  3.10440677e-09  3.24128892e-09  1.56634729e-07  1.61566263e-08  1.90000000e-01 
 2.00000000e-01  4.57133322e-01  4.57133322e-01  3.22570862e-09  4.57133322e-01  3.32090522e-09  3.10440675e-09  3.24128886e-09  1.56634735e-07  1.61564557e-08  2.00000000e-01 
 2.10000000e-01  4.57133326e-01  4.57133326e-01  3.22570868e-09  4.57133326e-01  3.32090522e-09  3.10440676e-09  3.24128893e-09  1.56634731e-07  1.61563634e-08  2.10000000e-01 
 2.20000000e-01  4.57133343e-01  4.57133343e-01  3.22570862e-09  4.57133343e-01  3.32090522e-09  3.10440676e-09  3.24128891e-09  1.56634755e-07  1.61560649e-08  2.20000000e-01 
 2.30000000e-01  4.57133323e-01  4.57133323e-01  3.22570862e-09  4.57133323e-01  3.32090522e-09  3.10440675e-09  3.24128892e-09  1.56634709e-07  1.61560187e-08  2.30000000e-01 
 2.40000000e-01  4.57133337e-01  4.57133337e-01  3.22570862e-09  4.57133337e-01  3.32090522e-09  3.10440670e-09  3.24128892e-09  1.56634747e-07  1.61559033e-08  2.40000000e-01 
 2.50000000e-01  4.57133344e-01  4.57133344e-01  3.22570862e-09  4.57133344e-01  3.32090522e-09  3.10440671e-09  3.24128892e-09  1.56634764e-07  1.61558393e-08  2.50000000e-01 
 2.60000000e-01  4.57133324e-01  4.57133324e-01  3.22570862e-09  4.57133324e-01  3.32090522e-09  3.10440670e-09  3.24128886e-09  1.56634711e-07  1.61556795e-08  2.60000000e-01 
 2.70000000e-01  4.57133325e-01  4.57133325e-01  3.22570862e-09  4.57133325e-01  3.32090522e-09  3.10440676e-09  3.24128893e-09  1.56634726e-07  1.61554254e-08  2.70000000e-01 
 2.80000000e-01  4.57133309e-01  4.57133309e-01  3.22570862e-09  4.57133309e-01  3.32090522e-09  3.10440675e-09  3.24128891e-09  1.56634699e-07  1.61554592e-08  2.80000000e-01 
 2.90000000e-01  4.57133321e-01  4.57133321e-01  3.22570862e-09  4.57133321e-01  3.32090522e-09  3.10440670e-09  3.24128891e-09  1.56634712e-07  1.61553864e-08  2.90000000e-01 
 3.00000000e-01  4.57133340e-01  4.57133340e-01  3.22570862e-09  4.57133340e-01  3.32090522e-09  3.10440671e-09  3.24128886e-09  1.56634749e-07  1.61552798e-08  3.00000000e-01 
 3.10000000e-01  4.57133335e-01  4.57133335e-01  3.22570862e-09  4.57133335e-01  3.32090522e-09  3.10440671e-09  3.24128893e-09  1.56634739e-07  1.61551057e-08  3.10000000e-01 
 3.20000000e-01  4.57133342e-01  4.57133342e-01  3.22570862e-09  4.57133342e-01  3.32090522e-09  3.10440676e-09  3.24128891e-09  1.56634747e-07  1.61551554e-08  3.20000000e-01 
 3.30000000e-01  4.57133309e-01  4.57133309e-01  3.22570862e-09  4.57133309e-01  3.32090522e-09  3.10440675e-09  3.24128886e-09  1.56634708e-07  1.61550027e-08  3.30000000e-01 
 3.40000000e-01  4.57133313e-01  4.57133313e-01  3.22570868e-09  4.57133314e-01  3.32090522e-09  3.10440670e-09  3.24128893e-09  1.56634724e-07  1.61548144e-08  3.40000000e-01 
 3.50000000e-01  4.57133328e-01  4.57133328e-01  3.22570862e-09  4.57133328e-01  3.32090522e-09  3.10440677e-09  3.24128891e-09  1.56634745e-07  1.61547504e-08  3.50000000e-01 
 3.60000000e-01  4.57133312e-01  4.57133312e-01  3.22570862e-09  4.57133312e-01  3.32090522e-09  3.10440675e-09  3.24128886e-09  1.56634692e-07  1.61548499e-08  3.60000000e-01 
 3.70000000e-01  4.57133341e-01  4.57133341e-01  3.22570862e-09  4.57133341e-01  3.32090522e-09  3.10440676e-09  3.24128887e-09  1.56634742e-07  1.61547611e-08  3.70000000e-01 
 3.80000000e-01  4.57133340e-01  4.57133340e-01  3.22570862e-09  4.57133340e-01  3.32090522e-09  3.10440670e-09  3.24128886e-09  1.56634749e-07  1.61545870e-08  3.80000000e-01 
 3.90000000e-01  4.57133345e-01  4.57133345e-01  3.22570862e-09  4.57133345e-01  3.32090522e-09  3.10440677e-09  3.24128886e-09  1.56634769e-07  1.61545906e-08  3.90000000e-01 
 4.00000000e-01  4.57133328e-01  4.57133328e-01  3.22570862e-09  4.57133328e-01  3.32090522e-09  3.10440675e-09  3.24128892e-09  1.56634717e-07  1.61543845e-08  4.00000000e-01 
 4.10000000e-01  4.57133330e-01  4.57133330e-01  3.22570862e-09  4.57133330e-01  3.32090522e-09  3.10440676e-09  3.24128891e-09  1.56634741e-07  1.61543241e-08  4.10000000e-01 
 4.20000000e-01  4.57133344e-01  4.57133344e-01  3.22570862e-09  4.57133344e-01  3.32090522e-09  3.10440670e-09  3.24128892e-09  1.56634754e-07  1.61544023e-08  4.20000000e-01 
 4.30000000e-01  4.57133344e-01  4.57133344e-01  3.22570862e-09  4.57133344e-01  3.32090522e-09  3.10440677e-09  3.24128892e-09  1.56634755e-07  1.61542495e-08  4.30000000e-01 
 4.40000000e-01  4.57133339e-01  4.57133339e-01  3.22570862e-09  4.57133339e-01  3.32090522e-09  3.10440675e-09  3.24128892e-09  1.56634757e-07  1.61543241e-08  4.40000000e-01 
 4.50000000e-01  4.57133318e-01  4.57133318e-01  3.22570862e-09  4.57133318e-01  3.32090522e-09  3.10440675e-09  3.24128886e-09  1.56634717e-07  1.61540292e-08  4.50000000e-01 
 4.60000000e-01  4.57133350e-01  4.57133350e-01  3.22570862e-09  4.57133350e-01  3.32090522e-09  3.10440670e-09  3.24128893e-09  1.56634761e-07  1.61540150e-08  4.60000000e-01 
 4.70000000e-01  4.57133343e-01  4.57133343e-01  3.22570862e-09  4.57133343e-01  3.32090522e-09  3.10440677e-09  3.24128891e-09  1.56634759e-07  1.61538587e-08  4.70000000e-01 
 4.80000000e-01  4.57133344e-01  4.57133344e-01  3.22570868e-09  4.57133344e-01  3.32090522e-09  3.10440675e-09  3.24128886e-09  1.56634761e-07  1.61538978e-08  4.80000000e-01 
 4.90000000e-01  4.57133320e-01  4.57133320e-01  3.22570862e-09  4.57133320e-01  3.32090522e-09  3.10440675e-09  3.24128887e-09  1.56634718e-07  1.61538232e-08  4.90000000e-01 
 5.00000000e-01  4.57133329e-01  4.57133329e-01  3.22570862e-09  4.57133329e-01  3.32090522e-09  3.10440676e-09  3.24128892e-09  1.56634732e-07  1.61537983e-08  5.00000000e-01 
 5.10000000e-01  4.57133338e-01  4.57133338e-01  3.22570862e-09  4.57133338e-01  3.32090522e-09  3.10440676e-09  3.24128891e-09  1.56634750e-07  1.61537486e-08  5.10000000e-01 
 5.20000000e-01  4.57133334e-01  4.57133334e-01  3.22570862e-09  4.57133334e-01  3.32090522e-09  3.10440676e-09  3.24128892e-09  1.56634740e-07  1.61537024e-08  5.20000000e-01 
 5.30000000e-01  4.57133351e-01  4.57133351e-01  3.22570862e-09  4.57133352e-01  3.32090522e-09  3.10440676e-09  3.24128892e-09  1.56634756e-07  1.61536029e-08  5.30000000e-01 
 5.40000000e-01  4.57133304e-01  4.57133304e-01  3.22570862e-09  4.57133304e-01  3.32090522e-09  3.10440675e-09  3.24128891e-09  1.56634677e-07  1.61535461e-08  5.40000000e-01 
 5.50000000e-01  4.57133330e-01  4.57133330e-01  3.22570862e-09  4.57133330e-01  3.32090522e-09  3.10440670e-09  3.24128886e-09  1.56634714e-07  1.61535993e-08  5.50000000e-01 
 5.60000000e-01  4.57133351e-01  4.57133351e-01  3.22570862e-09  4.57133351e-01  3.32090522e-09  3.10440677e-09  3.24128887e-09  1.56634762e-07  1.61535354e-08  5.60000000e-01 
 5.70000000e-01  4.57133350e-01  4.57133350e-01  3.22570862e-09  4.57133350e-01  3.32090522e-09  3.10440669e-09  3.24128886e-09  1.56634745e-07  1.61534217e-08  5.70000000e-01 
 5.80000000e-01  4.57133339e-01  4.57133339e-01  3.22570862e-09  4.57133339e-01  3.32090522e-09  3.10440677e-09  3.24128892e-09  1.56634727e-07  1.61532725e-08  5.80000000e-01 
 5.90000000e-01  4.57133347e-01  4.57133347e-01  3.22570862e-09  4.57133347e-01  3.32090522e-09  3.10440675e-09  3.24128891e-09  1.56634761e-07  1.61532796e-08  5.90000000e-01 
 6.00000000e-01  4.57133329e-01  4.57133329e-01  3.22570862e-09  4.57133329e-01  3.32090522e-09  3.10440676e-09  3.24128892e-09  1.56634731e-07  1.61532299e-08  6.00000000e-01 
 6.10000000e-01  4.57133330e-01  4.57133330e-01  3.22570862e-09  4.57133330e-01  3.32090528e-09  3.10440676e-09  3.24128892e-09  1.56634727e-07  1.61531304e-08  6.10000000e-01 
 6.20000000e-01  4.57133335e-01  4.57133335e-01  3.22570862e-09  4.57133335e-01  3.32090522e-09  3.10440676e-09  3.24128892e-09  1.56634738e-07  1.61531091e-08  6.20000000e-01 
 6.30000000e-01  4.57133361e-01  4.57133361e-01  3.22570862e-09  4.57133361e-01  3.32090522e-09  3.10440670e-09  3.24128886e-09  1.56634781e-07  1.61531659e-08  6.30000000e-01 
 6.40000000e-01  4.57133321e-01  4.57133321e-01  3.22570862e-09  4.57133321e-01  3.32090522e-09  3.10440677e-09  3.24128893e-09  1.56634710e-07  1.61530593e-08  6.40000000e-01 
 6.50000000e-01  4.57133321e-01  4.57133321e-01  3.22570862e-09  4.57133321e-01  3.32090522e-09  3.10440675e-09  3.24128891e-09  1.56634719e-07  1.61529954e-08  6.50000000e-01 
 6.60000000e-01  4.57133349e-01  4.57133349e-01  3.22570862e-09  4.57133349e-01  3.32090522e-09  3.10440676e-09  3.24128892e-09  1.56634779e-07  1.61529883e-08  6.60000000e-01 
 6.70000000e-01  4.57133317e-01  4.57133317e-01  3.22570862e-09  4.57133317e-01  3.32090522e-09  3.10440675e-09  3.24128886e-09  1.56634714e-07  1.61528888e-08  6.70000000e-01 
 6.80000000e-01  4.57133328e-01  4.57133328e-01  3.22570862e-09  4.57133328e-01  3.32090522e-09  3.10440670e-09  3.24128893e-09  1.56634741e-07  1.61527680e-08  6.80000000e-01 
 6.90000000e-01  4.57133336e-01  4.57133336e-01  3.22570868e-09  4.57133336e-01  3.32090522e-09  3.10440671e-09  3.24128885e-09  1.56634747e-07  1.61528462e-08  6.90000000e-01 
 7.00000000e-01  4.57133332e-01  4.57133332e-01  3.22570862e-09  4.57133332e-01  3.32090522e-09  3.10440676e-09  3.24128893e-09  1.56634732e-07  1.61528462e-08  7.00000000e-01 
 7.10000000e-01  4.57133328e-01  4.57133328e-01  3.22570862e-09  4.57133328e-01  3.32090522e-09  3.10440675e-09  3.24128891e-09  1.56634731e-07  1.61526899e-08  7.10000000e-01 
 7.20000000e-01  4.57133336e-01  4.57133336e-01  3.22570862e-09  4.57133336e-01  3.32090522e-09  3.10440676e-09  3.24128892e-09  1.56634739e-07  1.61526472e-08  7.20000000e-01 
 7.30000000e-01  4.57133349e-01  4.57133349e-01  3.22570862e-09  4.57133349e-01  3.32090522e-09  3.10440676e-09  3.24128892e-09  1.56634754e-07  1.61526046e-08  7.30000000e-01 
 7.40000000e-01  4.57133339e-01  4.57133339e-01  3.22570862e-09  4.57133339e-01  3.32090522e-09  3.10440670e-09  3.24128892e-09  1.56634754e-07  1.61524198e-08  7.40000000e-01 
 7.50000000e-01  4.57133357e-01  4.57133357e-01  3.22570862e-09  4.57133358e-01  3.32090522e-09  3.10440671e-09  3.24128892e-09  1.56634780e-07  1.61525620e-08  7.50000000e-01 
 7.60000000e-01  4.57133339e-01  4.57133339e-01  3.22570862e-09  4.57133339e-01  3.32090522e-09  3.10440676e-09  3.24128892e-09  1.56634729e-07  1.61524696e-08  7.60000000e-01 
 7.70000000e-01  4.57133322e-01  4.57133322e-01  3.22570862e-09  4.57133322e-01  3.32090528e-09  3.10440675e-09  3.24128892e-09  1.56634717e-07  1.61524412e-08  7.70000000e-01 
 7.80000000e-01  4.57133326e-01  4.57133326e-01  3.22570862e-09  4.57133326e-01  3.32090522e-09  3.10440676e-09  3.24128892e-09  1.56634728e-07  1.61523843e-08  7.80000000e-01 
 7.90000000e-01  4.57133327e-01  4.57133327e-01  3.22570862e-09  4.57133327e-01  3.32090522e-09  3.10440676e-09  3.24128892e-09  1.56634731e-07  1.61522777e-08  7.90000000e-01 
 8.00000000e-01  4.57133344e-01  4.57133344e-01  3.22570862e-09  4.57133344e-01  3.32090522e-09  3.10440676e-09  3.24128892e-09  1.56634747e-07  1.61522848e-08  8.00000000e-01 
 8.10000000e-01  4.57133335e-01  4.57133335e-01  3.22570862e-09  4.57133335e-01  3.32090522e-09  3.10440670e-09  3.24128886e-09  1.56634727e-07  1.61521854e-08  8.10000000e-01 
 8.20000000e-01  4.57133356e-01  4.57133356e-01  3.22570862e-09  4.57133356e-01  3.32090522e-09  3.10440677e-09  3.24128893e-09  1.56634771e-07  1.61521854e-08  8.20000000e-01 
 8.30000000e-01  4.57133331e-01  4.57133331e-01  3.22570862e-09  4.57133331e-01  3.32090522e-09  3.10440675e-09  3.24128885e-09  1.56634739e-07  1.61521498e-08  8.30000000e-01 
 8.40000000e-01  4.57133316e-01  4.57133316e-01  3.22570862e-09  4.57133316e-01  3.32090522e-09  3.10440675e-09  3.24128893e-09  1.56634715e-07  1.61520575e-08  8.40000000e-01 
 8.50000000e-01  4.57133330e-01  4.57133330e-01  3.22570862e-09  4.57133330e-01  3.32090522e-09  3.10440676e-09  3.24128891e-09  1.56634727e-07  1.61519011e-08  8.50000000e-01 
 8.60000000e-01  4.57133343e-01  4.57133343e-01  3.22570862e-09  4.57133343e-01  3.32090522e-09  3.10440676e-09  3.24128892e-09  1.56634747e-07  1.61520077e-08  8.60000000e-01 
 8.70000000e-01  4.57133357e-01  4.57133357e-01  3.22570862e-09  4.57133357e-01  3.32090528e-09  3.10440676e-09  3.24128892e-09  1.56634764e-07  1.61519225e-08  8.70000000e-01 
 8.80000000e-01  4.57133310e-01  4.57133310e-01  3.22570868e-09  4.57133310e-01  3.32090522e-09  3.10440670e-09  3.24128886e-09  1.56634707e-07  1.61518088e-08  8.80000000e-01 
 8.90000000e-01  4.57133334e-01  4.57133334e-01  3.22570862e-09  4.57133334e-01  3.32090522e-09  3.10440671e-09  3.24128893e-09  1.56634730e-07  1.61518372e-08  8.90000000e-01 
 9.00000000e-01  4.57133323e-01  4.57133323e-01  3.22570862e-09  4.57133323e-01  3.32090522e-09  3.10440676e-09  3.24128891e-09  1.56634729e-07  1.61517590e-08  9.00000000e-01 
 9.10000000e-01  4.57133330e-01  4.57133331e-01  3.22570862e-09  4.57133331e-01  3.32090528e-09  3.10440675e-09  3.24128892e-09  1.56634728e-07  1.61516951e-08  9.10000000e-01 
 9.20000000e-01  4.57133347e-01  4.57133347e-01  3.22570862e-09  4.57133347e-01  3.32090522e-09  3.10440676e-09  3.24128892e-09  1.56634750e-07  1.61516240e-08  9.20000000e-01 
 9.30000000e-01  4.57133334e-01  4.57133334e-01  3.22570862e-09  4.57133334e-01  3.32090522e-09  3.10440676e-09  3.24128892e-09  1.56634732e-07  1.61516098e-08  9.30000000e-01 
 9.40000000e-01  4.57133327e-01  4.57133327e-01  3.22570862e-09  4.57133327e-01  3.32090522e-09  3.10440676e-09  3.24128892e-09  1.56634727e-07  1.61514819e-08  9.40000000e-01 
 9.50000000e-01  4.57133317e-01  4.57133317e-01  3.22570862e-09  4.57133317e-01  3.32090522e-09  3.10440675e-09  3.24128891e-09  1.56634715e-07  1.61515175e-08  9.50000000e-01 
 9.60000000e-01  4.57133317e-01  4.57133317e-01  3.22570862e-09  4.57133317e-01  3.32090522e-09  3.10440675e-09  3.24128891e-09  1.56634713e-07  1.61514748e-08  9.60000000e-01 
 9.70000000e-01  4.57133332e-01  4.57133332e-01  3.22570862e-09  4.57133332e-01  3.32090522e-09  3.10440670e-09  3.24128892e-09  1.56634744e-07  1.61515459e-08  9.70000000e-01 
 9.80000000e-01  4.57133343e-01  4.57133343e-01  3.22570862e-09  4.57133343e-01  3.32090522e-09  3.10440677e-09  3.24128892e-09  1.56634765e-07  1.61514748e-08  9.80000000e-01 
 9.90000000e-01  4.57133338e-01  4.57133338e-01  3.22570862e-09  4.57133339e-01  3.32090522e-09  3.10440675e-09  3.24128886e-09  1.56634748e-07  1.61512759e-08  9.90000000e-01 
 1.00000000e+00  4.57133350e-01  4.57133350e-01  3.22570862e-09  4.57133350e-01  3.32090522e-09  3.10440676e-09  3.24128887e-09  1.56634759e-07  1.61512403e-08  1.00000000e+00 
 1.01000000e+00  4.57133336e-01  4.57133336e-01  3.22570862e-09  4.57133336e-01  3.32090522e-09  3.10440670e-09  3.24128886e-09  1.56634728e-07  1.61512332e-08  1.01000000e+00 
 1.02000000e+00  4.57133335e-01  4.57133336e-01  3.22570862e-09  4.57133336e-01  3.32090522e-09  3.10440677e-09  3.24128886e-09  1.56634744e-07  1.61511693e-08  1.02000000e+00 
 1.03000000e+00  4.57133331e-01  4.57133331e-01  3.22570862e-09  4.57133331e-01  3.32090522e-09  3.10440675e-09  3.24128886e-09  1.56634738e-07  1.61510698e-08  1.03000000e+00 
 1.04000000e+00  4.57133321e-01  4.57133321e-01  3.22570862e-09  4.57133321e-01  3.32090522e-09  3.10440675e-09  3.24128892e-09  1.56634718e-07  1.61510556e-08  1.04000000e+00 
 1.05000000e+00  4.57133355e-01  4.57133355e-01  3.22570862e-09  4.57133355e-01  3.32090522e-09  3.10440670e-09  3.24128891e-09  1.56634765e-07  1.61509277e-08  1.05000000e+00 
 1.06000000e+00  4.57133323e-01  4.57133323e-01  3.22570862e-09  4.57133323e-01  3.32090522e-09  3.10440677e-09  3.24128892e-09  1.56634720e-07  1.61508638e-08  1.06000000e+00 
 1.07000000e+00  4.57133322e-01  4.57133322e-01  3.22570862e-09  4.57133322e-01  3.32090522e-09  3.10440675e-09  3.24128886e-09  1.56634720e-07  1.61508851e-08  1.07000000e+00 
 1.08000000e+00  4.57133307e-01  4.57133307e-01  3.22570868e-09  4.57133307e-01  3.32090522e-09  3.10440675e-09  3.24128893e-09  1.56634699e-07  1.61506790e-08  1.08000000e+00 
 1.09000000e+00  4.57133317e-01  4.57133317e-01  3.22570862e-09  4.57133317e-01  3.32090522e-09  3.10440675e-09  3.24128891e-09  1.56634706e-07  1.61507572e-08  1.09000000e+00 
 1.10000000e+00  4.57133340e-01  4.57133340e-01  3.22570862e-09  4.57133340e-01  3.32090522e-09  3.10440676e-09  3.24128892e-09  1.56634750e-07  1.61506577e-08  1.10000000e+00 
 1.11000000e+00  4.57133345e-01  4.57133345e-01  3.22570862e-09  4.57133346e-01  3.32090522e-09  3.10440676e-09  3.24128892e-09  1.56634751e-07  1.61505298e-08  1.11000000e+00 
 1.12000000e+00  4.57133322e-01  4.57133322e-01  3.22570868e-09  4.57133322e-01  3.32090522e-09  3.10440670e-09  3.24128892e-09  1.56634730e-07  1.61506435e-08  1.12000000e+00 
 1.13000000e+00  4.57133333e-01  4.57133333e-01  3.22570862e-09  4.57133333e-01  3.32090522e-09  3.10440671e-09  3.24128892e-09  1.56634740e-07  1.61504730e-08  1.13000000e+00 
 1.14000000e+00  4.57133337e-01  4.57133337e-01  3.22570862e-09  4.57133337e-01  3.32090522e-09  3.10440671e-09  3.24128886e-09  1.56634725e-07  1.61505511e-08  1.14000000e+00 
 1.15000000e+00  4.57133319e-01  4.57133319e-01  3.22570862e-09  4.57133319e-01  3.32090522e-09  3.10440670e-09  3.24128893e-09  1.56634728e-07  1.61504019e-08  1.15000000e+00 
 1.16000000e+00  4.57133323e-01  4.57133323e-01  3.22570862e-09  4.57133323e-01  3.32090522e-09  3.10440676e-09  3.24128891e-09  1.56634705e-07  1.61503380e-08  1.16000000e+00 
 1.17000000e+00  4.57133335e-01  4.57133335e-01  3.22570862e-09  4.57133336e-01  3.32090522e-09  3.10440675e-09  3.24128892e-09  1.56634759e-07  1.61502953e-08  1.17000000e+00 
 1.18000000e+00  4.57133344e-01  4.57133344e-01  3.22570862e-09  4.57133344e-01  3.32090522e-09  3.10440670e-09  3.24128892e-09  1.56634751e-07  1.61502811e-08  1.18000000e+00 
 1.19000000e+00  4.57133354e-01  4.57133354e-01  3.22570862e-09  4.57133354e-01  3.32090522e-09  3.10440677e-09  3.24128892e-09  1.56634782e-07  1.61502385e-08  1.19000000e+00 
 1.20000000e+00  4.57133323e-01  4.57133323e-01  3.22570862e-09  4.57133323e-01  3.32090522e-09  3.10440675e-09  3.24128892e-09  1.56634700e-07  1.61501958e-08  1.20000000e+00 
 1.21000000e+00  4.57133335e-01  4.57133335e-01  3.22570862e-09  4.57133335e-01  3.32090522e-09  3.10440670e-09  3.24128892e-09  1.56634740e-07  1.61499543e-08  1.21000000e+00 
 1.22000000e+00  4.57133345e-01  4.57133345e-01  3.22570862e-09  4.57133345e-01  3.32090522e-09  3.10440671e-09  3.24128892e-09  1.56634760e-07  1.61500679e-08  1.22000000e+00 
 1.23000000e+00  4.57133360e-01  4.57133360e-01  3.22570862e-09  4.57133360e-01  3.32090522e-09  3.10440676e-09  3.24128892e-09  1.56634782e-07  1.61500395e-08  1.23000000e+00 
 1.24000000e+00  4.57133326e-01  4.57133326e-01  3.22570862e-09  4.57133326e-01  3.32090522e-09  3.10440675e-09  3.24128892e-09  1.56634723e-07  1.61499827e-08  1.24000000e+00 
 1.25000000e+00  4.57133354e-01  4.57133354e-01  3.22570862e-09  4.57133354e-01  3.32090522e-09  3.10440676e-09  3.24128886e-09  1.56634765e-07  1.61498406e-08  1.25000000e+00 
 1.26000000e+00  4.57133328e-01  4.57133328e-01  3.22570862e-09  4.57133328e-01  3.32090528e-09  3.10440676e-09  3.24128893e-09  1.56634732e-07  1.61496985e-08  1.26000000e+00 
 1.27000000e+00  4.57133339e-01  4.57133339e-01  3.22570862e-09  4.57133339e-01  3.32090522e-09  3.10440670e-09  3.24128891e-09  1.56634740e-07  1.61497269e-08  1.27000000e+00 
 1.28000000e+00  4.57133332e-01  4.57133332e-01  3.22570862e-09  4.57133332e-01  3.32090522e-09  3.10440677e-09  3.24128886e-09  1.56634746e-07  1.61496558e-08  1.28000000e+00 
 1.29000000e+00  4.57133339e-01  4.57133339e-01  3.22570862e-09  4.57133339e-01  3.32090522e-09  3.10440669e-09  3.24128893e-09  1.56634754e-07  1.61494569e-08  1.29000000e+00 
 1.30000000e+00  4.57133339e-01  4.57133339e-01  3.22570862e-09  4.57133340e-01  3.32090522e-09  3.10440677e-09  3.24128891e-09  1.56634756e-07  1.61494995e-08  1.30000000e+00 
 1.31000000e+00  4.57133351e-01  4.57133351e-01  3.22570862e-09  4.57133351e-01  3.32090522e-09  3.10440675e-09  3.24128892e-09  1.56634767e-07  1.61495990e-08  1.31000000e+00 
 1.32000000e+00  4.57133321e-01  4.57133321e-01  3.22570862e-09  4.57133321e-01  3.32090522e-09  3.10440675e-09  3.24128891e-09  1.56634719e-07  1.61494285e-08  1.32000000e+00 
 1.33000000e+00  4.57133345e-01  4.57133345e-01  3.22570862e-09  4.57133345e-01  3.32090522e-09  3.10440670e-09  3.24128892e-09  1.56634751e-07  1.61495137e-08  1.33000000e+00 
 1.34000000e+00  4.57133329e-01  4.57133329e-01  3.22570862e-09  4.57133329e-01  3.32090522e-09  3.10440677e-09  3.24128892e-09  1.56634739e-07  1.61494143e-08  1.34000000e+00 
 1.35000000e+00  4.57133322e-01  4.57133322e-01  3.22570862e-09  4.57133322e-01  3.32090522e-09  3.10440675e-09  3.24128892e-09  1.56634718e-07  1.61492864e-08  1.35000000e+00 
 1.36000000e+00  4.57133325e-01  4.57133325e-01  3.22570862e-09  4.57133325e-01  3.32090522e-09  3.10440670e-09  3.24128892e-09  1.56634737e-07  1.61492011e-08  1.36000000e+00 
 1.37000000e+00  4.57133342e-01  4.57133342e-01  3.22570862e-09  4.57133342e-01  3.32090522e-09  3.10440677e-09  3.24128892e-09  1.56634745e-07  1.61492864e-08  1.37000000e+00 
 1.38000000e+00  4.57133318e-01  4.57133318e-01  3.22570862e-09  4.57133318e-01  3.32090522e-09  3.10440675e-09  3.24128891e-09  1.56634709e-07  1.61492011e-08  1.38000000e+00 
 1.39000000e+00  4.57133329e-01  4.57133329e-01  3.22570862e-09  4.57133329e-01  3.32090522e-09  3.10440676e-09  3.24128892e-09  1.56634728e-07  1.61490163e-08  1.39000000e+00 
 1.40000000e+00  4.57133341e-01  4.57133341e-01  3.22570862e-09  4.57133341e-01  3.32090522e-09  3.10440670e-09  3.24128892e-09  1.56634758e-07  1.61490306e-08  1.40000000e+00 
 1.41000000e+00  4.57133328e-01  4.57133328e-01  3.22570862e-09  4.57133328e-01  3.32090522e-09  3.10440671e-09  3.24128892e-09  1.56634742e-07  1.61490306e-08  1.41000000e+00 
 1.42000000e+00  4.57133345e-01  4.57133345e-01  3.22570862e-09  4.57133345e-01  3.32090522e-09  3.10440671e-09  3.24128892e-09  1.56634761e-07  1.61488742e-08  1.42000000e+00 
 1.43000000e+00  4.57133344e-01  4.57133344e-01  3.22570862e-09  4.57133344e-01  3.32090522e-09  3.10440671e-09  3.24128892e-09  1.56634753e-07  1.61486895e-08  1.43000000e+00 
 1.44000000e+00  4.57133324e-01  4.57133324e-01  3.22570862e-09  4.57133325e-01  3.32090522e-09  3.10440676e-09  3.24128892e-09  1.56634719e-07  1.61487037e-08  1.44000000e+00 
 1.45000000e+00  4.57133312e-01  4.57133312e-01  3.22570862e-09  4.57133312e-01  3.32090522e-09  3.10440669e-09  3.24128891e-09  1.56634712e-07  1.61486042e-08  1.45000000e+00 
 1.46000000e+00  4.57133345e-01  4.57133345e-01  3.22570862e-09  4.57133345e-01  3.32090522e-09  3.10440677e-09  3.24128892e-09  1.56634756e-07  1.61485048e-08  1.46000000e+00 
 1.47000000e+00  4.57133345e-01  4.57133345e-01  3.22570862e-09  4.57133345e-01  3.32090522e-09  3.10440675e-09  3.24128886e-09  1.56634737e-07  1.61484905e-08  1.47000000e+00 
 1.48000000e+00  4.57133352e-01  4.57133352e-01  3.22570862e-09  4.57133352e-01  3.32090522e-09  3.10440676e-09  3.24128893e-09  1.56634762e-07  1.61483484e-08  1.48000000e+00 
 1.49000000e+00  4.57133323e-01  4.57133323e-01  3.22570862e-09  4.57133323e-01  3.32090522e-09  3.10440675e-09  3.24128891e-09  1.56634727e-07  1.61483484e-08  1.49000000e+00 
 1.50000000e+00  4.57133333e-01  4.57133333e-01  3.22570862e-09  4.57133333e-01  3.32090522e-09  3.10440676e-09  3.24128892e-09  1.56634736e-07  1.61481779e-08  1.50000000e+00 
 1.51000000e+00  4.57133339e-01  4.57133339e-01  3.22570862e-09  4.57133339e-01  3.32090522e-09  3.10440676e-09  3.24128892e-09  1.56634752e-07  1.61481211e-08  1.51000000e+00 
 1.52000000e+00  4.57133352e-01  4.57133352e-01  3.22570862e-09  4.57133352e-01  3.32090522e-09  3.10440676e-09  3.24128892e-09  1.56634767e-07  1.61480642e-08  1.52000000e+00 
 1.53000000e+00  4.57133338e-01  4.57133338e-01  3.22570862e-09  4.57133338e-01  3.32090522e-09  3.10440676e-09  3.24128892e-09  1.56634745e-07  1.61479079e-08  1.53000000e+00 
 1.54000000e+00  4.57133327e-01  4.57133327e-01  3.22570862e-09  4.57133327e-01  3.32090522e-09  3.10440670e-09  3.24128892e-09  1.56634737e-07  1.61478368e-08  1.54000000e+00 
 1.55000000e+00  4.57133341e-01  4.57133341e-01  3.22570862e-09  4.57133341e-01  3.32090522e-09  3.10440671e-09  3.24128892e-09  1.56634749e-07  1.61476521e-08  1.55000000e+00 
 1.56000000e+00  4.57133337e-01  4.57133337e-01  3.22570862e-09  4.57133337e-01  3.32090522e-09  3.10440671e-09  3.24128886e-09  1.56634746e-07  1.61473963e-08  1.56000000e+00 
 1.57000000e+00  4.57133319e-01  4.57133319e-01  3.22570862e-09  4.57133319e-01  3.32090522e-09  3.10440676e-09  3.24128893e-09  1.56634710e-07  1.61473821e-08  1.57000000e+00 
 1.58000000e+00  4.57133339e-01  4.57133339e-01  3.22570862e-09  4.57133339e-01  3.32090522e-09  3.10440675e-09  3.24128891e-09  1.56634735e-07  1.61469984e-08  1.58000000e+00 
 1.59000000e+00  4.57133338e-01  4.57133338e-01  3.22570862e-09  4.57133338e-01  3.32090522e-09  3.10440670e-09  3.24128892e-09  1.56634746e-07  1.61468137e-08  1.59000000e+00 
 1.60000000e+00  4.57133363e-01  4.57133363e-01  3.22570862e-09  4.57133363e-01  3.32090522e-09  3.10440671e-09  3.24128892e-09  1.56634771e-07  1.61464158e-08  1.60000000e+00 
 1.61000000e+00  4.57133318e-01  4.57133318e-01  3.22570862e-09  4.57133318e-01  3.32090522e-09  3.10440670e-09  3.24128891e-09  1.56634711e-07  1.61459752e-08  1.61000000e+00 
 1.62000000e+00  4.57133327e-01  4.57133327e-01  3.22570862e-09  4.57133327e-01  3.32090528e-09  3.10440676e-09  3.24128892e-09  1.56634733e-07  1.61452789e-08  1.62000000e+00 
 1.63000000e+00  4.57133321e-01  4.57133321e-01  3.22570868e-09  4.57133321e-01  3.32090522e-09  3.10440675e-09  3.24128891e-09  1.56634726e-07  1.61443552e-08  1.63000000e+00 
 1.64000000e+00  4.57133310e-01  4.57133310e-01  3.22570862e-09  4.57133311e-01  3.32090522e-09  3.10440670e-09  3.24128886e-09  1.56634708e-07  1.61429057e-08  1.64000000e+00 
 1.65000000e+00  4.57133352e-01  4.57133352e-01  3.22570862e-09  4.57133352e-01  3.32090522e-09  3.10440671e-09  3.24128893e-09  1.56634771e-07  1.61407314e-08  1.65000000e+00 
 1.66000000e+00  4.57133290e-01  4.57133290e-01  3.22570862e-09  4.57133290e-01  3.32090522e-09  3.10440676e-09  3.24128891e-09  1.56634674e-07  1.61365108e-08  1.66000000e+00 
 1.67000000e+00  4.57133328e-01  4.57133328e-01  3.22570862e-09  4.57133328e-01  3.32090522e-09  3.10440675e-09  3.24128892e-09  1.56634722e-07  1.61294480e-08  1.67000000e+00 
 1.68000000e+00  4.57133341e-01  4.57133341e-01  3.22570862e-09  4.57133341e-01  3.32090522e-09  3.10440676e-09  3.24128892e-09  1.56634731e-07  1.61162887e-08  1.68000000e+00 
 1.69000000e+00  4.57133339e-01  4.57133339e-01  3.22570868e-09  4.57133339e-01  3.32090522e-09  3.10440676e-09  3.24128892e-09  1.56634749e-07  1.60916045e-08  1.69000000e+00 
 1.70000000e+00  4.57133339e-01  4.57133339e-01  3.22570868e-09  4.57133339e-01  3.32090522e-09  3.10440676e-09  3.24128892e-09  1.56634748e-07  1.60416391e-08  1.70000000e+00 
 1.71000000e+00  4.57133340e-01  4.57133340e-01  3.22570862e-09  4.57133340e-01  3.32090522e-09  3.10440676e-09  3.24128892e-09  1.56634739e-07  1.56288564e-08  1.71000000e+00 
 1.72000000e+00  4.57133336e-01  4.57133336e-01  3.22570862e-09  4.57133336e-01  3.32090522e-09  3.10440671e-09  3.24128886e-09  1.56634745e-07  1.42247956e-08  1.72000000e+00 
 1.73000000e+00  4.57133341e-01  4.57133341e-01  3.22570862e-09  4.57133341e-01  3.32090522e-09  3.10440676e-09  3.24128892e-09  1.56634747e-07  1.15839498e-08  1.73000000e+00 
 1.74000000e+00  4.57133326e-01  4.57133326e-01  3.22570862e-09  4.57133326e-01  3.32090522e-09  3.10440676e-09  3.24128892e-09  1.56634745e-07  8.32476132e-09  1.74000000e+00 
 1.75000000e+00  4.57133334e-01  4.57133334e-01  3.22570862e-09  4.57133334e-01  3.32090522e-09  3.10440670e-09  3.24128886e-09  1.56634736e-07  5.65624703e-09  1.75000000e+00 
 1.76000000e+00  4.57133312e-01  4.57133312e-01  3.22570868e-09  4.57133313e-01  3.32090522e-09  3.10440671e-09  3.24128893e-09  1.56634695e-07  3.45292506e-09  1.76000000e+00 
 1.77000000e+00  4.57133324e-01  4.57133324e-01  3.22570862e-09  4.57133324e-01  3.32090528e-09  3.10440676e-09  3.24128891e-09  1.56634728e-07  1.61614366e-09  1.77000000e+00 
 1.78000000e+00  4.57133344e-01  4.57133344e-01  3.22570862e-09  4.57133344e-01  3.32090522e-09  3.10440675e-09  3.24128892e-09  1.56634750e-07  8.51230197e-11  1.78000000e+00 
 1.79000000e+00  4.57133355e-01  4.57133355e-01  3.22570862e-09  4.57133355e-01  3.32090522e-09  3.10440670e-09  3.24128886e-09  1.56634758e-07 -1.15984733e-09  1.79000000e+00 
 1.80000000e+00  4.57133346e-01  4.57133346e-01  3.22570862e-09  4.57133346e-01  3.32090522e-09  3.10440671e-09  3.24128887e-09  1.56634760e-07 -2.11913687e-09  1.80000000e+00 
