 v-sweep         v(b0)           v(b1)           v(b2)           v(b3)           v(b4)           v(b5)           v(b6)           i(vbias)        i(viout)        v(vout)        
 0.00000000e+00  3.74285792e-09  3.41712761e-09  3.58096370e-09  3.58948596e-09  4.57631982e-01  3.22666905e-09  4.57631982e-01  1.60227090e-07  1.15147585e-07  0.00000000e+00 
 1.00000000e-02  3.74285795e-09  3.41712764e-09  3.58096367e-09  3.58948593e-09  4.57631977e-01  3.22666902e-09  4.57631977e-01  1.60227092e-07  1.15147212e-07  1.00000000e-02 
 2.00000000e-02  3.74285789e-09  3.41712763e-09  3.58096367e-09  3.58948593e-09  4.57631991e-01  3.22666902e-09  4.57631991e-01  1.60227104e-07  1.15146830e-07  2.00000000e-02 
 3.00000000e-02  3.74285791e-09  3.41712758e-09  3.58096367e-09  3.58948593e-09  4.57631993e-01  3.22666902e-09  4.57631993e-01  1.60227122e-07  1.15146414e-07  3.00000000e-02 
 4.00000000e-02  3.74285796e-09  3.41712765e-09  3.58096367e-09  3.58948593e-09  4.57631981e-01  3.22666902e-09  4.57631981e-01  1.60227102e-07  1.15146065e-07  4.00000000e-02 
 5.00000000e-02  3.74285789e-09  3.41712763e-09  3.58096373e-09  3.58948593e-09  4.57632001e-01  3.22666902e-09  4.57632001e-01  1.60227130e-07  1.15145744e-07  5.00000000e-02 
 6.00000000e-02  3.74285790e-09  3.41712758e-09  3.58096372e-09  3.58948587e-09  4.57631961e-01  3.22666902e-09  4.57631961e-01  1.60227057e-07  1.15145414e-07  6.00000000e-02 
 7.00000000e-02  3.74285795e-09  3.41712759e-09  3.58096367e-09  3.58948594e-09  4.57631970e-01  3.22666902e-09  4.57631970e-01  1.60227081e-07  1.15145070e-07  7.00000000e-02 
 8.00000000e-02  3.74285794e-09  3.41712758e-09  3.58096367e-09  3.58948592e-09  4.57631985e-01  3.22666902e-09  4.57631985e-01  1.60227118e-07  1.15144755e-07  8.00000000e-02 
 9.00000000e-02  3.74285795e-09  3.41712764e-09  3.58096373e-09  3.58948593e-09  4.57631978e-01  3.22666902e-09  4.57631978e-01  1.60227088e-07  1.15144397e-07  9.00000000e-02 
 1.00000000e-01  3.74285789e-09  3.41712757e-09  3.58096367e-09  3.58948593e-09  4.57631972e-01  3.22666902e-09  4.57631972e-01  1.60227077e-07  1.15144101e-07  1.00000000e-01 
 1.10000000e-01  3.74285790e-09  3.41712759e-09  3.58096367e-09  3.58948593e-09  4.57631984e-01  3.22666902e-09  4.57631984e-01  1.60227093e-07  1.15143989e-07  1.10000000e-01 
 1.20000000e-01  3.74285796e-09  3.41712764e-09  3.58096367e-09  3.58948593e-09  4.57631983e-01  3.22666902e-09  4.57631983e-01  1.60227115e-07  1.15143635e-07  1.20000000e-01 
 1.30000000e-01  3.74285789e-09  3.41712763e-09  3.58096367e-09  3.58948593e-09  4.57631984e-01  3.22666902e-09  4.57631984e-01  1.60227105e-07  1.15143389e-07  1.30000000e-01 
 1.40000000e-01  3.74285790e-09  3.41712764e-09  3.58096373e-09  3.58948593e-09  4.57631978e-01  3.22666902e-09  4.57631978e-01  1.60227087e-07  1.15143134e-07  1.40000000e-01 
 1.50000000e-01  3.74285790e-09  3.41712758e-09  3.58096373e-09  3.58948593e-09  4.57631987e-01  3.22666902e-09  4.57631987e-01  1.60227111e-07  1.15142885e-07  1.50000000e-01 
 1.60000000e-01  3.74285790e-09  3.41712759e-09  3.58096373e-09  3.58948593e-09  4.57631987e-01  3.22666902e-09  4.57631987e-01  1.60227115e-07  1.15142729e-07  1.60000000e-01 
 1.70000000e-01  3.74285795e-09  3.41712758e-09  3.58096367e-09  3.58948593e-09  4.57631972e-01  3.22666902e-09  4.57631972e-01  1.60227081e-07  1.15142523e-07  1.70000000e-01 
 1.80000000e-01  3.74285794e-09  3.41712764e-09  3.58096373e-09  3.58948593e-09  4.57631993e-01  3.22666902e-09  4.57631993e-01  1.60227140e-07  1.15142397e-07  1.80000000e-01 
 1.90000000e-01  3.74285789e-09  3.41712763e-09  3.58096367e-09  3.58948593e-09  4.57631992e-01  3.22666902e-09  4.57631992e-01  1.60227113e-07  1.15142207e-07  1.90000000e-01 
 2.00000000e-01  3.74285791e-09  3.41712764e-09  3.58096367e-09  3.58948587e-09  4.57631991e-01  3.22666902e-09  4.57631991e-01  1.60227112e-07  1.15141994e-07  2.00000000e-01 
 2.10000000e-01  3.74285790e-09  3.41712758e-09  3.58096367e-09  3.58948588e-09  4.57631986e-01  3.22666902e-09  4.57631986e-01  1.60227115e-07  1.15141885e-07  2.10000000e-01 
 2.20000000e-01  3.74285790e-09  3.41712759e-09  3.58096373e-09  3.58948588e-09  4.57631990e-01  3.22666902e-09  4.57631990e-01  1.60227112e-07  1.15141662e-07  2.20000000e-01 
 2.30000000e-01  3.74285790e-09  3.41712758e-09  3.58096367e-09  3.58948593e-09  4.57631981e-01  3.22666896e-09  4.57631981e-01  1.60227083e-07  1.15141505e-07  2.30000000e-01 
 2.40000000e-01  3.74285790e-09  3.41712764e-09  3.58096367e-09  3.58948593e-09  4.57632008e-01  3.22666903e-09  4.57632008e-01  1.60227149e-07  1.15141381e-07  2.40000000e-01 
 2.50000000e-01  3.74285796e-09  3.41712763e-09  3.58096373e-09  3.58948593e-09  4.57631992e-01  3.22666901e-09  4.57631992e-01  1.60227111e-07  1.15141280e-07  2.50000000e-01 
 2.60000000e-01  3.74285794e-09  3.41712758e-09  3.58096367e-09  3.58948593e-09  4.57631975e-01  3.22666902e-09  4.57631975e-01  1.60227082e-07  1.15141020e-07  2.60000000e-01 
 2.70000000e-01  3.74285789e-09  3.41712759e-09  3.58096367e-09  3.58948593e-09  4.57631976e-01  3.22666902e-09  4.57631976e-01  1.60227084e-07  1.15140880e-07  2.70000000e-01 
 2.80000000e-01  3.74285790e-09  3.41712758e-09  3.58096367e-09  3.58948593e-09  4.57631975e-01  3.22666902e-09  4.57631975e-01  1.60227087e-07  1.15140766e-07  2.80000000e-01 
 2.90000000e-01  3.74285796e-09  3.41712764e-09  3.58096373e-09  3.58948593e-09  4.57631985e-01  3.22666902e-09  4.57631985e-01  1.60227102e-07  1.15140640e-07  2.90000000e-01 
 3.00000000e-01  3.74285789e-09  3.41712763e-09  3.58096367e-09  3.58948593e-09  4.57631986e-01  3.22666902e-09  4.57631986e-01  1.60227103e-07  1.15140526e-07  3.00000000e-01 
 3.10000000e-01  3.74285791e-09  3.41712764e-09  3.58096367e-09  3.58948593e-09  4.57632008e-01  3.22666902e-09  4.57632008e-01  1.60227145e-07  1.15140399e-07  3.10000000e-01 
 3.20000000e-01  3.74285795e-09  3.41712758e-09  3.58096367e-09  3.58948593e-09  4.57631969e-01  3.22666902e-09  4.57631969e-01  1.60227075e-07  1.15140342e-07  3.20000000e-01 
 3.30000000e-01  3.74285794e-09  3.41712765e-09  3.58096367e-09  3.58948593e-09  4.57631985e-01  3.22666902e-09  4.57631985e-01  1.60227115e-07  1.15140146e-07  3.30000000e-01 
 3.40000000e-01  3.74285789e-09  3.41712763e-09  3.58096373e-09  3.58948593e-09  4.57631975e-01  3.22666902e-09  4.57631975e-01  1.60227093e-07  1.15140047e-07  3.40000000e-01 
 3.50000000e-01  3.74285796e-09  3.41712763e-09  3.58096367e-09  3.58948593e-09  4.57631969e-01  3.22666902e-09  4.57631969e-01  1.60227067e-07  1.15139869e-07  3.50000000e-01 
 3.60000000e-01  3.74285789e-09  3.41712764e-09  3.58096373e-09  3.58948587e-09  4.57631977e-01  3.22666902e-09  4.57631977e-01  1.60227095e-07  1.15139763e-07  3.60000000e-01 
 3.70000000e-01  3.74285791e-09  3.41712764e-09  3.58096367e-09  3.58948594e-09  4.57631998e-01  3.22666902e-09  4.57631998e-01  1.60227126e-07  1.15139759e-07  3.70000000e-01 
 3.80000000e-01  3.74285790e-09  3.41712763e-09  3.58096367e-09  3.58948592e-09  4.57631959e-01  3.22666902e-09  4.57631959e-01  1.60227065e-07  1.15139539e-07  3.80000000e-01 
 3.90000000e-01  3.74285796e-09  3.41712758e-09  3.58096367e-09  3.58948593e-09  4.57631990e-01  3.22666902e-09  4.57631990e-01  1.60227114e-07  1.15139638e-07  3.90000000e-01 
 4.00000000e-01  3.74285794e-09  3.41712759e-09  3.58096373e-09  3.58948593e-09  4.57631983e-01  3.22666902e-09  4.57631983e-01  1.60227097e-07  1.15139301e-07  4.00000000e-01 
 4.10000000e-01  3.74285789e-09  3.41712759e-09  3.58096373e-09  3.58948593e-09  4.57632009e-01  3.22666902e-09  4.57632009e-01  1.60227134e-07  1.15139411e-07  4.10000000e-01 
 4.20000000e-01  3.74285790e-09  3.41712764e-09  3.58096367e-09  3.58948593e-09  4.57631988e-01  3.22666902e-09  4.57631988e-01  1.60227111e-07  1.15139240e-07  4.20000000e-01 
 4.30000000e-01  3.74285795e-09  3.41712757e-09  3.58096373e-09  3.58948593e-09  4.57631972e-01  3.22666902e-09  4.57631972e-01  1.60227086e-07  1.15139088e-07  4.30000000e-01 
 4.40000000e-01  3.74285789e-09  3.41712765e-09  3.58096373e-09  3.58948593e-09  4.57631998e-01  3.22666902e-09  4.57631998e-01  1.60227114e-07  1.15139105e-07  4.40000000e-01 
 4.50000000e-01  3.74285790e-09  3.41712763e-09  3.58096373e-09  3.58948593e-09  4.57631983e-01  3.22666902e-09  4.57631983e-01  1.60227089e-07  1.15139052e-07  4.50000000e-01 
 4.60000000e-01  3.74285790e-09  3.41712758e-09  3.58096367e-09  3.58948593e-09  4.57631985e-01  3.22666902e-09  4.57631985e-01  1.60227098e-07  1.15138874e-07  4.60000000e-01 
 4.70000000e-01  3.74285796e-09  3.41712759e-09  3.58096373e-09  3.58948593e-09  4.57631985e-01  3.22666902e-09  4.57631985e-01  1.60227116e-07  1.15138789e-07  4.70000000e-01 
 4.80000000e-01  3.74285794e-09  3.41712758e-09  3.58096367e-09  3.58948593e-09  4.57631983e-01  3.22666896e-09  4.57631983e-01  1.60227096e-07  1.15138725e-07  4.80000000e-01 
 4.90000000e-01  3.74285795e-09  3.41712764e-09  3.58096367e-09  3.58948593e-09  4.57632013e-01  3.22666903e-09  4.57632013e-01  1.60227156e-07  1.15138658e-07  4.90000000e-01 
 5.00000000e-01  3.74285795e-09  3.41712757e-09  3.58096373e-09  3.58948587e-09  4.57631987e-01  3.22666901e-09  4.57631987e-01  1.60227102e-07  1.15138469e-07  5.00000000e-01 
 5.10000000e-01  3.74285789e-09  3.41712765e-09  3.58096367e-09  3.58948588e-09  4.57631979e-01  3.22666902e-09  4.57631979e-01  1.60227102e-07  1.15138445e-07  5.10000000e-01 
 5.20000000e-01  3.74285790e-09  3.41712763e-09  3.58096367e-09  3.58948593e-09  4.57631981e-01  3.22666902e-09  4.57631981e-01  1.60227105e-07  1.15138338e-07  5.20000000e-01 
 5.30000000e-01  3.74285790e-09  3.41712764e-09  3.58096367e-09  3.58948592e-09  4.57631997e-01  3.22666902e-09  4.57631997e-01  1.60227117e-07  1.15138395e-07  5.30000000e-01 
 5.40000000e-01  3.74285796e-09  3.41712764e-09  3.58096373e-09  3.58948587e-09  4.57631987e-01  3.22666902e-09  4.57631987e-01  1.60227113e-07  1.15138249e-07  5.40000000e-01 
 5.50000000e-01  3.74285788e-09  3.41712763e-09  3.58096367e-09  3.58948594e-09  4.57631972e-01  3.22666902e-09  4.57631972e-01  1.60227076e-07  1.15138114e-07  5.50000000e-01 
 5.60000000e-01  3.74285791e-09  3.41712758e-09  3.58096367e-09  3.58948593e-09  4.57632003e-01  3.22666902e-09  4.57632003e-01  1.60227133e-07  1.15138153e-07  5.60000000e-01 
 5.70000000e-01  3.74285790e-09  3.41712765e-09  3.58096373e-09  3.58948593e-09  4.57631973e-01  3.22666902e-09  4.57631973e-01  1.60227067e-07  1.15137915e-07  5.70000000e-01 
 5.80000000e-01  3.74285795e-09  3.41712763e-09  3.58096367e-09  3.58948587e-09  4.57631971e-01  3.22666902e-09  4.57631971e-01  1.60227079e-07  1.15137809e-07  5.80000000e-01 
 5.90000000e-01  3.74285794e-09  3.41712763e-09  3.58096367e-09  3.58948594e-09  4.57631974e-01  3.22666902e-09  4.57631974e-01  1.60227092e-07  1.15137738e-07  5.90000000e-01 
 6.00000000e-01  3.74285789e-09  3.41712764e-09  3.58096367e-09  3.58948592e-09  4.57631977e-01  3.22666902e-09  4.57631977e-01  1.60227097e-07  1.15137688e-07  6.00000000e-01 
 6.10000000e-01  3.74285790e-09  3.41712764e-09  3.58096367e-09  3.58948593e-09  4.57631987e-01  3.22666902e-09  4.57631987e-01  1.60227109e-07  1.15137702e-07  6.10000000e-01 
 6.20000000e-01  3.74285790e-09  3.41712763e-09  3.58096367e-09  3.58948593e-09  4.57631973e-01  3.22666902e-09  4.57631973e-01  1.60227092e-07  1.15137546e-07  6.20000000e-01 
 6.30000000e-01  3.74285790e-09  3.41712764e-09  3.58096373e-09  3.58948593e-09  4.57631981e-01  3.22666902e-09  4.57631981e-01  1.60227110e-07  1.15137496e-07  6.30000000e-01 
 6.40000000e-01  3.74285795e-09  3.41712758e-09  3.58096367e-09  3.58948593e-09  4.57631980e-01  3.22666902e-09  4.57631980e-01  1.60227100e-07  1.15137482e-07  6.40000000e-01 
 6.50000000e-01  3.74285789e-09  3.41712759e-09  3.58096367e-09  3.58948587e-09  4.57631993e-01  3.22666902e-09  4.57631993e-01  1.60227120e-07  1.15137269e-07  6.50000000e-01 
 6.60000000e-01  3.74285796e-09  3.41712758e-09  3.58096367e-09  3.58948589e-09  4.57631994e-01  3.22666902e-09  4.57631994e-01  1.60227112e-07  1.15137276e-07  6.60000000e-01 
 6.70000000e-01  3.74285789e-09  3.41712764e-09  3.58096367e-09  3.58948594e-09  4.57631983e-01  3.22666902e-09  4.57631983e-01  1.60227091e-07  1.15137169e-07  6.70000000e-01 
 6.80000000e-01  3.74285791e-09  3.41712757e-09  3.58096367e-09  3.58948592e-09  4.57631991e-01  3.22666902e-09  4.57631991e-01  1.60227128e-07  1.15137091e-07  6.80000000e-01 
 6.90000000e-01  3.74285795e-09  3.41712765e-09  3.58096367e-09  3.58948593e-09  4.57631976e-01  3.22666902e-09  4.57631976e-01  1.60227085e-07  1.15136963e-07  6.90000000e-01 
 7.00000000e-01  3.74285794e-09  3.41712763e-09  3.58096373e-09  3.58948593e-09  4.57631964e-01  3.22666902e-09  4.57631964e-01  1.60227082e-07  1.15136856e-07  7.00000000e-01 
 7.10000000e-01  3.74285789e-09  3.41712764e-09  3.58096367e-09  3.58948593e-09  4.57631981e-01  3.22666908e-09  4.57631981e-01  1.60227092e-07  1.15136721e-07  7.10000000e-01 
 7.20000000e-01  3.74285796e-09  3.41712758e-09  3.58096367e-09  3.58948593e-09  4.57631982e-01  3.22666902e-09  4.57631982e-01  1.60227100e-07  1.15136793e-07  7.20000000e-01 
 7.30000000e-01  3.74285794e-09  3.41712765e-09  3.58096367e-09  3.58948593e-09  4.57631991e-01  3.22666902e-09  4.57631991e-01  1.60227115e-07  1.15136736e-07  7.30000000e-01 
 7.40000000e-01  3.74285795e-09  3.41712763e-09  3.58096367e-09  3.58948593e-09  4.57631983e-01  3.22666902e-09  4.57631983e-01  1.60227111e-07  1.15136544e-07  7.40000000e-01 
 7.50000000e-01  3.74285795e-09  3.41712764e-09  3.58096367e-09  3.58948593e-09  4.57631992e-01  3.22666902e-09  4.57631992e-01  1.60227115e-07  1.15136572e-07  7.50000000e-01 
 7.60000000e-01  3.74285795e-09  3.41712758e-09  3.58096367e-09  3.58948593e-09  4.57631977e-01  3.22666902e-09  4.57631977e-01  1.60227087e-07  1.15136395e-07  7.60000000e-01 
 7.70000000e-01  3.74285789e-09  3.41712765e-09  3.58096373e-09  3.58948593e-09  4.57631986e-01  3.22666902e-09  4.57631986e-01  1.60227113e-07  1.15136409e-07  7.70000000e-01 
 7.80000000e-01  3.74285790e-09  3.41712763e-09  3.58096367e-09  3.58948593e-09  4.57631969e-01  3.22666896e-09  4.57631969e-01  1.60227076e-07  1.15136260e-07  7.80000000e-01 
 7.90000000e-01  3.74285796e-09  3.41712764e-09  3.58096367e-09  3.58948593e-09  4.57631986e-01  3.22666903e-09  4.57631986e-01  1.60227128e-07  1.15136309e-07  7.90000000e-01 
 8.00000000e-01  3.74285789e-09  3.41712764e-09  3.58096367e-09  3.58948587e-09  4.57631988e-01  3.22666901e-09  4.57631988e-01  1.60227106e-07  1.15136089e-07  8.00000000e-01 
 8.10000000e-01  3.74285790e-09  3.41712764e-09  3.58096373e-09  3.58948594e-09  4.57631979e-01  3.22666902e-09  4.57631979e-01  1.60227094e-07  1.15135926e-07  8.10000000e-01 
 8.20000000e-01  3.74285795e-09  3.41712758e-09  3.58096367e-09  3.58948592e-09  4.57631978e-01  3.22666902e-09  4.57631978e-01  1.60227105e-07  1.15135883e-07  8.20000000e-01 
 8.30000000e-01  3.74285794e-09  3.41712765e-09  3.58096373e-09  3.58948593e-09  4.57631986e-01  3.22666902e-09  4.57631986e-01  1.60227119e-07  1.15135848e-07  8.30000000e-01 
 8.40000000e-01  3.74285795e-09  3.41712763e-09  3.58096367e-09  3.58948593e-09  4.57631973e-01  3.22666902e-09  4.57631973e-01  1.60227102e-07  1.15135862e-07  8.40000000e-01 
 8.50000000e-01  3.74285789e-09  3.41712764e-09  3.58096367e-09  3.58948593e-09  4.57631985e-01  3.22666902e-09  4.57631985e-01  1.60227106e-07  1.15135755e-07  8.50000000e-01 
 8.60000000e-01  3.74285790e-09  3.41712758e-09  3.58096367e-09  3.58948593e-09  4.57631986e-01  3.22666902e-09  4.57631986e-01  1.60227109e-07  1.15135748e-07  8.60000000e-01 
 8.70000000e-01  3.74285790e-09  3.41712759e-09  3.58096373e-09  3.58948593e-09  4.57631966e-01  3.22666902e-09  4.57631966e-01  1.60227093e-07  1.15135492e-07  8.70000000e-01 
 8.80000000e-01  3.74285790e-09  3.41712764e-09  3.58096373e-09  3.58948593e-09  4.57631995e-01  3.22666902e-09  4.57631995e-01  1.60227122e-07  1.15135421e-07  8.80000000e-01 
 8.90000000e-01  3.74285790e-09  3.41712763e-09  3.58096367e-09  3.58948593e-09  4.57631979e-01  3.22666902e-09  4.57631979e-01  1.60227087e-07  1.15135443e-07  8.90000000e-01 
 9.00000000e-01  3.74285790e-09  3.41712764e-09  3.58096373e-09  3.58948593e-09  4.57631981e-01  3.22666902e-09  4.57631981e-01  1.60227092e-07  1.15135251e-07  9.00000000e-01 
 9.10000000e-01  3.74285790e-09  3.41712763e-09  3.58096367e-09  3.58948593e-09  4.57631974e-01  3.22666902e-09  4.57631974e-01  1.60227089e-07  1.15135073e-07  9.10000000e-01 
 9.20000000e-01  3.74285790e-09  3.41712764e-09  3.58096367e-09  3.58948593e-09  4.57632004e-01  3.22666902e-09  4.57632004e-01  1.60227133e-07  1.15135215e-07  9.20000000e-01 
 9.30000000e-01  3.74285795e-09  3.41712758e-09  3.58096367e-09  3.58948593e-09  4.57631979e-01  3.22666902e-09  4.57631979e-01  1.60227099e-07  1.15134945e-07  9.30000000e-01 
 9.40000000e-01  3.74285794e-09  3.41712759e-09  3.58096367e-09  3.58948593e-09  4.57631998e-01  3.22666902e-09  4.57631998e-01  1.60227119e-07  1.15135030e-07  9.40000000e-01 
 9.50000000e-01  3.74285789e-09  3.41712758e-09  3.58096367e-09  3.58948593e-09  4.57631976e-01  3.22666902e-09  4.57631976e-01  1.60227095e-07  1.15134874e-07  9.50000000e-01 
 9.60000000e-01  3.74285790e-09  3.41712758e-09  3.58096373e-09  3.58948593e-09  4.57631988e-01  3.22666902e-09  4.57631988e-01  1.60227114e-07  1.15134753e-07  9.60000000e-01 
 9.70000000e-01  3.74285790e-09  3.41712764e-09  3.58096367e-09  3.58948593e-09  4.57631964e-01  3.22666902e-09  4.57631964e-01  1.60227068e-07  1.15134497e-07  9.70000000e-01 
 9.80000000e-01  3.74285795e-09  3.41712763e-09  3.58096367e-09  3.58948593e-09  4.57631974e-01  3.22666902e-09  4.57631974e-01  1.60227107e-07  1.15134476e-07  9.80000000e-01 
 9.90000000e-01  3.74285794e-09  3.41712758e-09  3.58096373e-09  3.58948593e-09  4.57631973e-01  3.22666902e-09  4.57631973e-01  1.60227089e-07  1.15134419e-07  9.90000000e-01 
 1.00000000e+00  3.74285795e-09  3.41712765e-09  3.58096373e-09  3.58948593e-09  4.57631976e-01  3.22666902e-09  4.57631976e-01  1.60227088e-07  1.15134462e-07  1.00000000e+00 
 1.01000000e+00  3.74285789e-09  3.41712763e-09  3.58096373e-09  3.58948593e-09  4.57631969e-01  3.22666902e-09  4.57631970e-01  1.60227077e-07  1.15134341e-07  1.01000000e+00 
 1.02000000e+00  3.74285790e-09  3.41712764e-09  3.58096367e-09  3.58948593e-09  4.57631987e-01  3.22666902e-09  4.57631987e-01  1.60227108e-07  1.15134270e-07  1.02000000e+00 
 1.03000000e+00  3.74285790e-09  3.41712764e-09  3.58096367e-09  3.58948593e-09  4.57631984e-01  3.22666902e-09  4.57631984e-01  1.60227092e-07  1.15134092e-07  1.03000000e+00 
 1.04000000e+00  3.74285790e-09  3.41712758e-09  3.58096367e-09  3.58948593e-09  4.57631994e-01  3.22666902e-09  4.57631994e-01  1.60227119e-07  1.15133965e-07  1.04000000e+00 
 1.05000000e+00  3.74285790e-09  3.41712765e-09  3.58096367e-09  3.58948593e-09  4.57631975e-01  3.22666902e-09  4.57631975e-01  1.60227084e-07  1.15133830e-07  1.05000000e+00 
 1.06000000e+00  3.74285790e-09  3.41712763e-09  3.58096367e-09  3.58948593e-09  4.57632007e-01  3.22666902e-09  4.57632007e-01  1.60227153e-07  1.15133915e-07  1.06000000e+00 
 1.07000000e+00  3.74285795e-09  3.41712758e-09  3.58096367e-09  3.58948593e-09  4.57631979e-01  3.22666902e-09  4.57631979e-01  1.60227100e-07  1.15133695e-07  1.07000000e+00 
 1.08000000e+00  3.74285794e-09  3.41712765e-09  3.58096367e-09  3.58948593e-09  4.57631981e-01  3.22666902e-09  4.57631981e-01  1.60227122e-07  1.15133524e-07  1.08000000e+00 
 1.09000000e+00  3.74285789e-09  3.41712763e-09  3.58096367e-09  3.58948593e-09  4.57631999e-01  3.22666902e-09  4.57631999e-01  1.60227124e-07  1.15133531e-07  1.09000000e+00 
 1.10000000e+00  3.74285790e-09  3.41712764e-09  3.58096367e-09  3.58948593e-09  4.57631982e-01  3.22666902e-09  4.57631982e-01  1.60227100e-07  1.15133396e-07  1.10000000e+00 
 1.11000000e+00  3.74285790e-09  3.41712758e-09  3.58096367e-09  3.58948587e-09  4.57631972e-01  3.22666902e-09  4.57631972e-01  1.60227096e-07  1.15133368e-07  1.11000000e+00 
 1.12000000e+00  3.74285790e-09  3.41712759e-09  3.58096373e-09  3.58948589e-09  4.57631991e-01  3.22666908e-09  4.57631991e-01  1.60227120e-07  1.15133254e-07  1.12000000e+00 
 1.13000000e+00  3.74285790e-09  3.41712758e-09  3.58096367e-09  3.58948588e-09  4.57631990e-01  3.22666902e-09  4.57631990e-01  1.60227101e-07  1.15133069e-07  1.13000000e+00 
 1.14000000e+00  3.74285795e-09  3.41712764e-09  3.58096367e-09  3.58948593e-09  4.57631971e-01  3.22666902e-09  4.57631971e-01  1.60227086e-07  1.15133140e-07  1.14000000e+00 
 1.15000000e+00  3.74285794e-09  3.41712763e-09  3.58096367e-09  3.58948592e-09  4.57631988e-01  3.22666896e-09  4.57631988e-01  1.60227108e-07  1.15132870e-07  1.15000000e+00 
 1.16000000e+00  3.74285789e-09  3.41712764e-09  3.58096367e-09  3.58948593e-09  4.57631993e-01  3.22666903e-09  4.57631993e-01  1.60227116e-07  1.15132835e-07  1.16000000e+00 
 1.17000000e+00  3.74285790e-09  3.41712763e-09  3.58096367e-09  3.58948593e-09  4.57631971e-01  3.22666901e-09  4.57631971e-01  1.60227080e-07  1.15132750e-07  1.17000000e+00 
 1.18000000e+00  3.74285790e-09  3.41712763e-09  3.58096367e-09  3.58948592e-09  4.57631953e-01  3.22666902e-09  4.57631953e-01  1.60227060e-07  1.15132551e-07  1.18000000e+00 
 1.19000000e+00  3.74285796e-09  3.41712764e-09  3.58096367e-09  3.58948593e-09  4.57632002e-01  3.22666902e-09  4.57632002e-01  1.60227144e-07  1.15132650e-07  1.19000000e+00 
 1.20000000e+00  3.74285789e-09  3.41712764e-09  3.58096367e-09  3.58948593e-09  4.57631984e-01  3.22666902e-09  4.57631984e-01  1.60227103e-07  1.15132480e-07  1.20000000e+00 
 1.21000000e+00  3.74285796e-09  3.41712758e-09  3.58096373e-09  3.58948593e-09  4.57631991e-01  3.22666902e-09  4.57631991e-01  1.60227119e-07  1.15132323e-07  1.21000000e+00 
 1.22000000e+00  3.74285788e-09  3.41712765e-09  3.58096367e-09  3.58948593e-09  4.57631966e-01  3.22666902e-09  4.57631966e-01  1.60227078e-07  1.15132238e-07  1.22000000e+00 
 1.23000000e+00  3.74285796e-09  3.41712763e-09  3.58096367e-09  3.58948593e-09  4.57631992e-01  3.22666902e-09  4.57631992e-01  1.60227127e-07  1.15132039e-07  1.23000000e+00 
 1.24000000e+00  3.74285794e-09  3.41712763e-09  3.58096367e-09  3.58948593e-09  4.57631974e-01  3.22666902e-09  4.57631974e-01  1.60227078e-07  1.15131868e-07  1.24000000e+00 
 1.25000000e+00  3.74285789e-09  3.41712764e-09  3.58096373e-09  3.58948593e-09  4.57631995e-01  3.22666902e-09  4.57631995e-01  1.60227122e-07  1.15131812e-07  1.25000000e+00 
 1.26000000e+00  3.74285790e-09  3.41712763e-09  3.58096367e-09  3.58948593e-09  4.57631968e-01  3.22666902e-09  4.57631968e-01  1.60227076e-07  1.15131613e-07  1.26000000e+00 
 1.27000000e+00  3.74285790e-09  3.41712763e-09  3.58096373e-09  3.58948593e-09  4.57631975e-01  3.22666902e-09  4.57631975e-01  1.60227104e-07  1.15131542e-07  1.27000000e+00 
 1.28000000e+00  3.74285790e-09  3.41712758e-09  3.58096367e-09  3.58948593e-09  4.57631985e-01  3.22666902e-09  4.57631985e-01  1.60227096e-07  1.15131428e-07  1.28000000e+00 
 1.29000000e+00  3.74285795e-09  3.41712765e-09  3.58096367e-09  3.58948593e-09  4.57631973e-01  3.22666896e-09  4.57631973e-01  1.60227097e-07  1.15131257e-07  1.29000000e+00 
 1.30000000e+00  3.74285794e-09  3.41712757e-09  3.58096367e-09  3.58948593e-09  4.57631995e-01  3.22666897e-09  4.57631995e-01  1.60227121e-07  1.15131229e-07  1.30000000e+00 
 1.31000000e+00  3.74285789e-09  3.41712759e-09  3.58096367e-09  3.58948593e-09  4.57631956e-01  3.22666902e-09  4.57631956e-01  1.60227048e-07  1.15130987e-07  1.31000000e+00 
 1.32000000e+00  3.74285796e-09  3.41712759e-09  3.58096373e-09  3.58948593e-09  4.57632014e-01  3.22666907e-09  4.57632014e-01  1.60227138e-07  1.15130959e-07  1.32000000e+00 
 1.33000000e+00  3.74285794e-09  3.41712758e-09  3.58096373e-09  3.58948593e-09  4.57631995e-01  3.22666902e-09  4.57631995e-01  1.60227119e-07  1.15130717e-07  1.33000000e+00 
 1.34000000e+00  3.74285789e-09  3.41712764e-09  3.58096367e-09  3.58948593e-09  4.57631979e-01  3.22666902e-09  4.57631979e-01  1.60227095e-07  1.15130533e-07  1.34000000e+00 
 1.35000000e+00  3.74285791e-09  3.41712763e-09  3.58096373e-09  3.58948593e-09  4.57631991e-01  3.22666902e-09  4.57631991e-01  1.60227101e-07  1.15130447e-07  1.35000000e+00 
 1.36000000e+00  3.74285796e-09  3.41712758e-09  3.58096367e-09  3.58948587e-09  4.57631984e-01  3.22666902e-09  4.57631984e-01  1.60227097e-07  1.15130348e-07  1.36000000e+00 
 1.37000000e+00  3.74285794e-09  3.41712765e-09  3.58096373e-09  3.58948589e-09  4.57631995e-01  3.22666902e-09  4.57631995e-01  1.60227124e-07  1.15129964e-07  1.37000000e+00 
 1.38000000e+00  3.74285795e-09  3.41712763e-09  3.58096367e-09  3.58948588e-09  4.57631979e-01  3.22666902e-09  4.57631979e-01  1.60227087e-07  1.15129851e-07  1.38000000e+00 
 1.39000000e+00  3.74285795e-09  3.41712758e-09  3.58096367e-09  3.58948588e-09  4.57631986e-01  3.22666902e-09  4.57631986e-01  1.60227119e-07  1.15129708e-07  1.39000000e+00 
 1.40000000e+00  3.74285795e-09  3.41712765e-09  3.58096367e-09  3.58948594e-09  4.57631989e-01  3.22666902e-09  4.57631989e-01  1.60227100e-07  1.15129552e-07  1.40000000e+00 
 1.41000000e+00  3.74285795e-09  3.41712763e-09  3.58096373e-09  3.58948593e-09  4.57632014e-01  3.22666902e-09  4.57632014e-01  1.60227140e-07  1.15129339e-07  1.41000000e+00 
 1.42000000e+00  3.74285789e-09  3.41712764e-09  3.58096373e-09  3.58948593e-09  4.57631993e-01  3.22666902e-09  4.57631993e-01  1.60227125e-07  1.15129012e-07  1.42000000e+00 
 1.43000000e+00  3.74285790e-09  3.41712758e-09  3.58096367e-09  3.58948593e-09  4.57631982e-01  3.22666902e-09  4.57631982e-01  1.60227108e-07  1.15128699e-07  1.43000000e+00 
 1.44000000e+00  3.74285790e-09  3.41712765e-09  3.58096373e-09  3.58948593e-09  4.57631988e-01  3.22666902e-09  4.57631988e-01  1.60227097e-07  1.15128330e-07  1.44000000e+00 
 1.45000000e+00  3.74285790e-09  3.41712763e-09  3.58096367e-09  3.58948593e-09  4.57631976e-01  3.22666902e-09  4.57631976e-01  1.60227086e-07  1.15128074e-07  1.45000000e+00 
 1.46000000e+00  3.74285790e-09  3.41712758e-09  3.58096367e-09  3.58948593e-09  4.57632013e-01  3.22666902e-09  4.57632013e-01  1.60227133e-07  1.15127591e-07  1.46000000e+00 
 1.47000000e+00  3.74285790e-09  3.41712759e-09  3.58096367e-09  3.58948593e-09  4.57631980e-01  3.22666902e-09  4.57631980e-01  1.60227109e-07  1.15126994e-07  1.47000000e+00 
 1.48000000e+00  3.74285790e-09  3.41712764e-09  3.58096367e-09  3.58948593e-09  4.57631984e-01  3.22666902e-09  4.57631984e-01  1.60227101e-07  1.15126596e-07  1.48000000e+00 
 1.49000000e+00  3.74285796e-09  3.41712763e-09  3.58096367e-09  3.58948593e-09  4.57631996e-01  3.22666902e-09  4.57631996e-01  1.60227112e-07  1.15125928e-07  1.49000000e+00 
 1.50000000e+00  3.74285789e-09  3.41712764e-09  3.58096367e-09  3.58948593e-09  4.57631978e-01  3.22666902e-09  4.57631978e-01  1.60227097e-07  1.15124877e-07  1.50000000e+00 
 1.51000000e+00  3.74285790e-09  3.41712764e-09  3.58096367e-09  3.58948593e-09  4.57631976e-01  3.22666902e-09  4.57631976e-01  1.60227095e-07  1.15123768e-07  1.51000000e+00 
 1.52000000e+00  3.74285790e-09  3.41712764e-09  3.58096373e-09  3.58948593e-09  4.57632006e-01  3.22666902e-09  4.57632006e-01  1.60227142e-07  1.15122461e-07  1.52000000e+00 
 1.53000000e+00  3.74285790e-09  3.41712758e-09  3.58096373e-09  3.58948593e-09  4.57631979e-01  3.22666902e-09  4.57631979e-01  1.60227093e-07  1.15120272e-07  1.53000000e+00 
 1.54000000e+00  3.74285790e-09  3.41712765e-09  3.58096367e-09  3.58948593e-09  4.57631981e-01  3.22666902e-09  4.57631981e-01  1.60227117e-07  1.15117146e-07  1.54000000e+00 
 1.55000000e+00  3.74285790e-09  3.41712763e-09  3.58096367e-09  3.58948593e-09  4.57631988e-01  3.22666902e-09  4.57631988e-01  1.60227111e-07  1.15112684e-07  1.55000000e+00 
 1.56000000e+00  3.74285790e-09  3.41712758e-09  3.58096367e-09  3.58948593e-09  4.57631989e-01  3.22666902e-09  4.57631989e-01  1.60227110e-07  1.15105408e-07  1.56000000e+00 
 1.57000000e+00  3.74285795e-09  3.41712765e-09  3.58096367e-09  3.58948593e-09  4.57631977e-01  3.22666902e-09  4.57631977e-01  1.60227094e-07  1.15093485e-07  1.57000000e+00 
 1.58000000e+00  3.74285788e-09  3.41712763e-09  3.58096367e-09  3.58948593e-09  4.57631971e-01  3.22666902e-09  4.57631971e-01  1.60227070e-07  1.15072339e-07  1.58000000e+00 
 1.59000000e+00  3.74285796e-09  3.41712764e-09  3.58096367e-09  3.58948593e-09  4.57632000e-01  3.22666902e-09  4.57632000e-01  1.60227138e-07  1.15033657e-07  1.59000000e+00 
 1.60000000e+00  3.74285794e-09  3.41712764e-09  3.58096373e-09  3.58948593e-09  4.57631976e-01  3.22666902e-09  4.57631976e-01  1.60227091e-07  1.14957530e-07  1.60000000e+00 
 1.61000000e+00  3.74285796e-09  3.41712758e-09  3.58096373e-09  3.58948593e-09  4.57631990e-01  3.22666902e-09  4.57631990e-01  1.60227111e-07  1.14785507e-07  1.61000000e+00 
 1.62000000e+00  3.74285789e-09  3.41712764e-09  3.58096373e-09  3.58948593e-09  4.57631984e-01  3.22666902e-09  4.57631984e-01  1.60227103e-07  1.14278720e-07  1.62000000e+00 
 1.63000000e+00  3.74285790e-09  3.41712764e-09  3.58096367e-09  3.58948593e-09  4.57631989e-01  3.22666902e-09  4.57631989e-01  1.60227108e-07  1.13049168e-07  1.63000000e+00 
 1.64000000e+00  3.74285790e-09  3.41712764e-09  3.58096367e-09  3.58948593e-09  4.57631979e-01  3.22666902e-09  4.57631979e-01  1.60227094e-07  1.06196339e-07  1.64000000e+00 
 1.65000000e+00  3.74285789e-09  3.41712763e-09  3.58096373e-09  3.58948593e-09  4.57631974e-01  3.22666902e-09  4.57631974e-01  1.60227074e-07  8.71462333e-08  1.65000000e+00 
 1.66000000e+00  3.74285790e-09  3.41712763e-09  3.58096367e-09  3.58948593e-09  4.57631958e-01  3.22666902e-09  4.57631958e-01  1.60227071e-07  7.08414944e-08  1.66000000e+00 
 1.67000000e+00  3.74285796e-09  3.41712764e-09  3.58096373e-09  3.58948593e-09  4.57631998e-01  3.22666902e-09  4.57631998e-01  1.60227119e-07  5.70968979e-08  1.67000000e+00 
 1.68000000e+00  3.74285789e-09  3.41712764e-09  3.58096367e-09  3.58948593e-09  4.57631994e-01  3.22666902e-09  4.57631994e-01  1.60227121e-07  4.56351472e-08  1.68000000e+00 
 1.69000000e+00  3.74285790e-09  3.41712764e-09  3.58096373e-09  3.58948593e-09  4.57631983e-01  3.22666902e-09  4.57631983e-01  1.60227107e-07  3.61539776e-08  1.69000000e+00 
 1.70000000e+00  3.74285796e-09  3.41712758e-09  3.58096367e-09  3.58948593e-09  4.57631985e-01  3.22666902e-09  4.57631985e-01  1.60227101e-07  2.83533836e-08  1.70000000e+00 
 1.71000000e+00  3.74285794e-09  3.41712765e-09  3.58096367e-09  3.58948593e-09  4.57631973e-01  3.22666902e-09  4.57631973e-01  1.60227079e-07  2.19614691e-08  1.71000000e+00 
 1.72000000e+00  3.74285795e-09  3.41712763e-09  3.58096367e-09  3.58948593e-09  4.57631961e-01  3.22666902e-09  4.57631961e-01  1.60227073e-07  1.67386816e-08  1.72000000e+00 
 1.73000000e+00  3.74285795e-09  3.41712764e-09  3.58096373e-09  3.58948593e-09  4.57631998e-01  3.22666902e-09  4.57631998e-01  1.60227127e-07  1.24766188e-08  1.73000000e+00 
 1.74000000e+00  3.74285795e-09  3.41712764e-09  3.58096367e-09  3.58948593e-09  4.57631991e-01  3.22666902e-09  4.57631991e-01  1.60227120e-07  8.99593999e-09  1.74000000e+00 
 1.75000000e+00  3.74285795e-09  3.41712764e-09  3.58096367e-09  3.58948593e-09  4.57631977e-01  3.22666902e-09  4.57631977e-01  1.60227102e-07  6.14058138e-09  1.75000000e+00 
 1.76000000e+00  3.74285795e-09  3.41712758e-09  3.58096367e-09  3.58948593e-09  4.57631988e-01  3.22666902e-09  4.57631988e-01  1.60227113e-07  3.77704623e-09  1.76000000e+00 
 1.77000000e+00  3.74285795e-09  3.41712765e-09  3.58096367e-09  3.58948593e-09  4.57631978e-01  3.22666902e-09  4.57631978e-01  1.60227091e-07  1.80048687e-09  1.77000000e+00 
 1.78000000e+00  3.74285789e-09  3.41712763e-09  3.58096367e-09  3.58948593e-09  4.57631983e-01  3.22666902e-09  4.57631983e-01  1.60227111e-07  1.47110768e-10  1.78000000e+00 
 1.79000000e+00  3.74285790e-09  3.41712758e-09  3.58096373e-09  3.58948593e-09  4.57631970e-01  3.22666902e-09  4.57631970e-01  1.60227072e-07 -1.20320465e-09  1.79000000e+00 
 1.80000000e+00  3.74285790e-09  3.41712759e-09  3.58096367e-09  3.58948593e-09  4.57631987e-01  3.22666902e-09  4.57631987e-01  1.60227107e-07 -2.24852670e-09  1.80000000e+00 
