 v-sweep         v(b0)           v(b1)           v(b2)           v(b3)           v(b4)           v(b5)           v(b6)           i(vbias)        i(viout)        v(vout)        
 0.00000000e+00  3.48889135e-09  4.60920187e-01  3.44974568e-09  4.60920187e-01  4.60920187e-01  3.36031995e-09  4.60920187e-01  1.67139764e-07  1.46499078e-07  0.00000000e+00 
 1.00000000e-02  3.48889133e-09  4.60920207e-01  3.44974566e-09  4.60920207e-01  4.60920207e-01  3.36031993e-09  4.60920207e-01  1.67139824e-07  1.46498703e-07  1.00000000e-02 
 2.00000000e-02  3.48889133e-09  4.60920198e-01  3.44974566e-09  4.60920198e-01  4.60920198e-01  3.36031999e-09  4.60920198e-01  1.67139793e-07  1.46498281e-07  2.00000000e-02 
 3.00000000e-02  3.48889139e-09  4.60920213e-01  3.44974566e-09  4.60920213e-01  4.60920213e-01  3.36031994e-09  4.60920213e-01  1.67139820e-07  1.46497934e-07  3.00000000e-02 
 4.00000000e-02  3.48889133e-09  4.60920198e-01  3.44974566e-09  4.60920198e-01  4.60920198e-01  3.36031993e-09  4.60920198e-01  1.67139792e-07  1.46497477e-07  4.00000000e-02 
 5.00000000e-02  3.48889133e-09  4.60920220e-01  3.44974566e-09  4.60920220e-01  4.60920220e-01  3.36031994e-09  4.60920220e-01  1.67139828e-07  1.46497272e-07  5.00000000e-02 
 6.00000000e-02  3.48889133e-09  4.60920175e-01  3.44974566e-09  4.60920175e-01  4.60920175e-01  3.36031993e-09  4.60920175e-01  1.67139769e-07  1.46496685e-07  6.00000000e-02 
 7.00000000e-02  3.48889139e-09  4.60920217e-01  3.44974566e-09  4.60920217e-01  4.60920217e-01  3.36031999e-09  4.60920217e-01  1.67139825e-07  1.46496608e-07  7.00000000e-02 
 8.00000000e-02  3.48889139e-09  4.60920192e-01  3.44974566e-09  4.60920192e-01  4.60920192e-01  3.36031993e-09  4.60920192e-01  1.67139781e-07  1.46496097e-07  8.00000000e-02 
 9.00000000e-02  3.48889139e-09  4.60920199e-01  3.44974566e-09  4.60920198e-01  4.60920198e-01  3.36031999e-09  4.60920199e-01  1.67139787e-07  1.46495795e-07  9.00000000e-02 
 1.00000000e-01  3.48889139e-09  4.60920188e-01  3.44974566e-09  4.60920188e-01  4.60920188e-01  3.36031999e-09  4.60920188e-01  1.67139769e-07  1.46495505e-07  1.00000000e-01 
 1.10000000e-01  3.48889133e-09  4.60920185e-01  3.44974566e-09  4.60920185e-01  4.60920185e-01  3.36031999e-09  4.60920185e-01  1.67139773e-07  1.46495205e-07  1.10000000e-01 
 1.20000000e-01  3.48889139e-09  4.60920198e-01  3.44974566e-09  4.60920198e-01  4.60920198e-01  3.36031993e-09  4.60920198e-01  1.67139805e-07  1.46494918e-07  1.20000000e-01 
 1.30000000e-01  3.48889133e-09  4.60920203e-01  3.44974572e-09  4.60920203e-01  4.60920203e-01  3.36031993e-09  4.60920203e-01  1.67139810e-07  1.46494679e-07  1.30000000e-01 
 1.40000000e-01  3.48889139e-09  4.60920196e-01  3.44974565e-09  4.60920196e-01  4.60920196e-01  3.36031993e-09  4.60920196e-01  1.67139797e-07  1.46494426e-07  1.40000000e-01 
 1.50000000e-01  3.48889139e-09  4.60920194e-01  3.44974566e-09  4.60920194e-01  4.60920194e-01  3.36031999e-09  4.60920194e-01  1.67139792e-07  1.46494266e-07  1.50000000e-01 
 1.60000000e-01  3.48889133e-09  4.60920193e-01  3.44974566e-09  4.60920193e-01  4.60920193e-01  3.36031993e-09  4.60920193e-01  1.67139789e-07  1.46493905e-07  1.60000000e-01 
 1.70000000e-01  3.48889139e-09  4.60920200e-01  3.44974566e-09  4.60920200e-01  4.60920200e-01  3.36031999e-09  4.60920200e-01  1.67139802e-07  1.46493653e-07  1.70000000e-01 
 1.80000000e-01  3.48889139e-09  4.60920194e-01  3.44974566e-09  4.60920194e-01  4.60920194e-01  3.36031993e-09  4.60920194e-01  1.67139791e-07  1.46493447e-07  1.80000000e-01 
 1.90000000e-01  3.48889139e-09  4.60920209e-01  3.44974566e-09  4.60920209e-01  4.60920209e-01  3.36031999e-09  4.60920209e-01  1.67139817e-07  1.46493317e-07  1.90000000e-01 
 2.00000000e-01  3.48889133e-09  4.60920180e-01  3.44974571e-09  4.60920180e-01  4.60920180e-01  3.36031999e-09  4.60920180e-01  1.67139773e-07  1.46493059e-07  2.00000000e-01 
 2.10000000e-01  3.48889133e-09  4.60920183e-01  3.44974565e-09  4.60920183e-01  4.60920183e-01  3.36031993e-09  4.60920183e-01  1.67139769e-07  1.46492738e-07  2.10000000e-01 
 2.20000000e-01  3.48889139e-09  4.60920191e-01  3.44974566e-09  4.60920191e-01  4.60920191e-01  3.36031999e-09  4.60920191e-01  1.67139789e-07  1.46492642e-07  2.20000000e-01 
 2.30000000e-01  3.48889133e-09  4.60920177e-01  3.44974566e-09  4.60920177e-01  4.60920177e-01  3.36031999e-09  4.60920177e-01  1.67139763e-07  1.46492386e-07  2.30000000e-01 
 2.40000000e-01  3.48889133e-09  4.60920204e-01  3.44974566e-09  4.60920204e-01  4.60920204e-01  3.36031993e-09  4.60920204e-01  1.67139794e-07  1.46492354e-07  2.40000000e-01 
 2.50000000e-01  3.48889139e-09  4.60920214e-01  3.44974566e-09  4.60920214e-01  4.60920214e-01  3.36031994e-09  4.60920214e-01  1.67139814e-07  1.46492200e-07  2.50000000e-01 
 2.60000000e-01  3.48889133e-09  4.60920188e-01  3.44974566e-09  4.60920188e-01  4.60920188e-01  3.36031999e-09  4.60920188e-01  1.67139775e-07  1.46491974e-07  2.60000000e-01 
 2.70000000e-01  3.48889133e-09  4.60920189e-01  3.44974566e-09  4.60920189e-01  4.60920189e-01  3.36031993e-09  4.60920189e-01  1.67139782e-07  1.46491814e-07  2.70000000e-01 
 2.80000000e-01  3.48889133e-09  4.60920198e-01  3.44974572e-09  4.60920198e-01  4.60920198e-01  3.36031993e-09  4.60920198e-01  1.67139803e-07  1.46491692e-07  2.80000000e-01 
 2.90000000e-01  3.48889139e-09  4.60920201e-01  3.44974565e-09  4.60920201e-01  4.60920201e-01  3.36031999e-09  4.60920201e-01  1.67139807e-07  1.46491590e-07  2.90000000e-01 
 3.00000000e-01  3.48889139e-09  4.60920191e-01  3.44974566e-09  4.60920191e-01  4.60920191e-01  3.36031993e-09  4.60920191e-01  1.67139789e-07  1.46491352e-07  3.00000000e-01 
 3.10000000e-01  3.48889139e-09  4.60920203e-01  3.44974566e-09  4.60920203e-01  4.60920203e-01  3.36031999e-09  4.60920203e-01  1.67139812e-07  1.46491281e-07  3.10000000e-01 
 3.20000000e-01  3.48889139e-09  4.60920201e-01  3.44974566e-09  4.60920201e-01  4.60920201e-01  3.36031993e-09  4.60920201e-01  1.67139800e-07  1.46491168e-07  3.20000000e-01 
 3.30000000e-01  3.48889133e-09  4.60920190e-01  3.44974572e-09  4.60920190e-01  4.60920190e-01  3.36031993e-09  4.60920190e-01  1.67139792e-07  1.46491026e-07  3.30000000e-01 
 3.40000000e-01  3.48889133e-09  4.60920181e-01  3.44974565e-09  4.60920181e-01  4.60920181e-01  3.36031993e-09  4.60920181e-01  1.67139758e-07  1.46490802e-07  3.40000000e-01 
 3.50000000e-01  3.48889139e-09  4.60920200e-01  3.44974566e-09  4.60920200e-01  4.60920200e-01  3.36031999e-09  4.60920200e-01  1.67139808e-07  1.46490741e-07  3.50000000e-01 
 3.60000000e-01  3.48889139e-09  4.60920199e-01  3.44974566e-09  4.60920199e-01  4.60920199e-01  3.36031993e-09  4.60920199e-01  1.67139799e-07  1.46490549e-07  3.60000000e-01 
 3.70000000e-01  3.48889139e-09  4.60920192e-01  3.44974572e-09  4.60920192e-01  4.60920192e-01  3.36031993e-09  4.60920192e-01  1.67139790e-07  1.46490404e-07  3.70000000e-01 
 3.80000000e-01  3.48889133e-09  4.60920178e-01  3.44974565e-09  4.60920178e-01  4.60920178e-01  3.36031993e-09  4.60920178e-01  1.67139768e-07  1.46490223e-07  3.80000000e-01 
 3.90000000e-01  3.48889139e-09  4.60920188e-01  3.44974566e-09  4.60920188e-01  4.60920188e-01  3.36031999e-09  4.60920188e-01  1.67139787e-07  1.46490180e-07  3.90000000e-01 
 4.00000000e-01  3.48889139e-09  4.60920193e-01  3.44974566e-09  4.60920193e-01  4.60920193e-01  3.36031999e-09  4.60920193e-01  1.67139796e-07  1.46490034e-07  4.00000000e-01 
 4.10000000e-01  3.48889133e-09  4.60920210e-01  3.44974566e-09  4.60920210e-01  4.60920210e-01  3.36031994e-09  4.60920210e-01  1.67139814e-07  1.46490006e-07  4.10000000e-01 
 4.20000000e-01  3.48889133e-09  4.60920211e-01  3.44974566e-09  4.60920211e-01  4.60920211e-01  3.36031994e-09  4.60920211e-01  1.67139818e-07  1.46489828e-07  4.20000000e-01 
 4.30000000e-01  3.48889134e-09  4.60920228e-01  3.44974572e-09  4.60920228e-01  4.60920228e-01  3.36031994e-09  4.60920228e-01  1.67139848e-07  1.46489917e-07  4.30000000e-01 
 4.40000000e-01  3.48889139e-09  4.60920193e-01  3.44974565e-09  4.60920193e-01  4.60920193e-01  3.36031993e-09  4.60920193e-01  1.67139772e-07  1.46489636e-07  4.40000000e-01 
 4.50000000e-01  3.48889139e-09  4.60920199e-01  3.44974566e-09  4.60920198e-01  4.60920198e-01  3.36031993e-09  4.60920199e-01  1.67139793e-07  1.46489498e-07  4.50000000e-01 
 4.60000000e-01  3.48889133e-09  4.60920214e-01  3.44974566e-09  4.60920214e-01  4.60920214e-01  3.36031994e-09  4.60920214e-01  1.67139824e-07  1.46489413e-07  4.60000000e-01 
 4.70000000e-01  3.48889139e-09  4.60920183e-01  3.44974566e-09  4.60920183e-01  4.60920183e-01  3.36031999e-09  4.60920183e-01  1.67139767e-07  1.46489231e-07  4.70000000e-01 
 4.80000000e-01  3.48889139e-09  4.60920195e-01  3.44974566e-09  4.60920195e-01  4.60920195e-01  3.36031999e-09  4.60920195e-01  1.67139801e-07  1.46489196e-07  4.80000000e-01 
 4.90000000e-01  3.48889133e-09  4.60920187e-01  3.44974566e-09  4.60920187e-01  4.60920187e-01  3.36031993e-09  4.60920187e-01  1.67139775e-07  1.46489040e-07  4.90000000e-01 
 5.00000000e-01  3.48889139e-09  4.60920216e-01  3.44974566e-09  4.60920216e-01  4.60920216e-01  3.36031994e-09  4.60920216e-01  1.67139812e-07  1.46489061e-07  5.00000000e-01 
 5.10000000e-01  3.48889139e-09  4.60920197e-01  3.44974566e-09  4.60920197e-01  4.60920197e-01  3.36031993e-09  4.60920197e-01  1.67139785e-07  1.46488834e-07  5.10000000e-01 
 5.20000000e-01  3.48889139e-09  4.60920187e-01  3.44974566e-09  4.60920187e-01  4.60920187e-01  3.36031999e-09  4.60920187e-01  1.67139782e-07  1.46488706e-07  5.20000000e-01 
 5.30000000e-01  3.48889139e-09  4.60920197e-01  3.44974566e-09  4.60920197e-01  4.60920197e-01  3.36031993e-09  4.60920197e-01  1.67139780e-07  1.46488624e-07  5.30000000e-01 
 5.40000000e-01  3.48889133e-09  4.60920209e-01  3.44974566e-09  4.60920209e-01  4.60920209e-01  3.36031999e-09  4.60920209e-01  1.67139824e-07  1.46488581e-07  5.40000000e-01 
 5.50000000e-01  3.48889133e-09  4.60920189e-01  3.44974566e-09  4.60920189e-01  4.60920189e-01  3.36031999e-09  4.60920189e-01  1.67139795e-07  1.46488301e-07  5.50000000e-01 
 5.60000000e-01  3.48889139e-09  4.60920198e-01  3.44974566e-09  4.60920198e-01  4.60920198e-01  3.36031999e-09  4.60920198e-01  1.67139801e-07  1.46488357e-07  5.60000000e-01 
 5.70000000e-01  3.48889133e-09  4.60920179e-01  3.44974566e-09  4.60920179e-01  4.60920179e-01  3.36031993e-09  4.60920179e-01  1.67139767e-07  1.46488212e-07  5.70000000e-01 
 5.80000000e-01  3.48889133e-09  4.60920199e-01  3.44974566e-09  4.60920199e-01  4.60920199e-01  3.36031999e-09  4.60920199e-01  1.67139804e-07  1.46488112e-07  5.80000000e-01 
 5.90000000e-01  3.48889139e-09  4.60920202e-01  3.44974566e-09  4.60920202e-01  4.60920202e-01  3.36031993e-09  4.60920202e-01  1.67139788e-07  1.46488119e-07  5.90000000e-01 
 6.00000000e-01  3.48889133e-09  4.60920204e-01  3.44974566e-09  4.60920204e-01  4.60920204e-01  3.36031993e-09  4.60920204e-01  1.67139798e-07  1.46487864e-07  6.00000000e-01 
 6.10000000e-01  3.48889133e-09  4.60920188e-01  3.44974566e-09  4.60920188e-01  4.60920188e-01  3.36031993e-09  4.60920188e-01  1.67139780e-07  1.46487842e-07  6.10000000e-01 
 6.20000000e-01  3.48889133e-09  4.60920209e-01  3.44974566e-09  4.60920209e-01  4.60920209e-01  3.36031994e-09  4.60920209e-01  1.67139815e-07  1.46487842e-07  6.20000000e-01 
 6.30000000e-01  3.48889133e-09  4.60920172e-01  3.44974571e-09  4.60920172e-01  4.60920172e-01  3.36031999e-09  4.60920172e-01  1.67139752e-07  1.46487551e-07  6.30000000e-01 
 6.40000000e-01  3.48889139e-09  4.60920201e-01  3.44974570e-09  4.60920201e-01  4.60920201e-01  3.36031999e-09  4.60920201e-01  1.67139798e-07  1.46487587e-07  6.40000000e-01 
 6.50000000e-01  3.48889139e-09  4.60920188e-01  3.44974566e-09  4.60920188e-01  4.60920188e-01  3.36031993e-09  4.60920188e-01  1.67139772e-07  1.46487416e-07  6.50000000e-01 
 6.60000000e-01  3.48889139e-09  4.60920186e-01  3.44974572e-09  4.60920186e-01  4.60920186e-01  3.36031999e-09  4.60920186e-01  1.67139772e-07  1.46487224e-07  6.60000000e-01 
 6.70000000e-01  3.48889133e-09  4.60920198e-01  3.44974570e-09  4.60920198e-01  4.60920198e-01  3.36031993e-09  4.60920198e-01  1.67139794e-07  1.46487181e-07  6.70000000e-01 
 6.80000000e-01  3.48889139e-09  4.60920209e-01  3.44974567e-09  4.60920209e-01  4.60920208e-01  3.36031994e-09  4.60920209e-01  1.67139819e-07  1.46487217e-07  6.80000000e-01 
 6.90000000e-01  3.48889139e-09  4.60920165e-01  3.44974566e-09  4.60920165e-01  4.60920165e-01  3.36031993e-09  4.60920165e-01  1.67139748e-07  1.46486983e-07  6.90000000e-01 
 7.00000000e-01  3.48889133e-09  4.60920213e-01  3.44974566e-09  4.60920213e-01  4.60920213e-01  3.36031999e-09  4.60920213e-01  1.67139815e-07  1.46486855e-07  7.00000000e-01 
 7.10000000e-01  3.48889139e-09  4.60920163e-01  3.44974566e-09  4.60920163e-01  4.60920163e-01  3.36031993e-09  4.60920163e-01  1.67139737e-07  1.46486620e-07  7.10000000e-01 
 7.20000000e-01  3.48889139e-09  4.60920194e-01  3.44974566e-09  4.60920194e-01  4.60920194e-01  3.36031993e-09  4.60920194e-01  1.67139778e-07  1.46486748e-07  7.20000000e-01 
 7.30000000e-01  3.48889139e-09  4.60920197e-01  3.44974566e-09  4.60920197e-01  4.60920197e-01  3.36031993e-09  4.60920197e-01  1.67139797e-07  1.46486535e-07  7.30000000e-01 
 7.40000000e-01  3.48889133e-09  4.60920198e-01  3.44974566e-09  4.60920198e-01  4.60920198e-01  3.36031993e-09  4.60920198e-01  1.67139808e-07  1.46486542e-07  7.40000000e-01 
 7.50000000e-01  3.48889133e-09  4.60920197e-01  3.44974566e-09  4.60920197e-01  4.60920197e-01  3.36031993e-09  4.60920197e-01  1.67139790e-07  1.46486450e-07  7.50000000e-01 
 7.60000000e-01  3.48889139e-09  4.60920173e-01  3.44974566e-09  4.60920173e-01  4.60920173e-01  3.36031999e-09  4.60920173e-01  1.67139769e-07  1.46486258e-07  7.60000000e-01 
 7.70000000e-01  3.48889139e-09  4.60920182e-01  3.44974566e-09  4.60920182e-01  4.60920182e-01  3.36031999e-09  4.60920182e-01  1.67139779e-07  1.46486194e-07  7.70000000e-01 
 7.80000000e-01  3.48889139e-09  4.60920203e-01  3.44974566e-09  4.60920203e-01  4.60920203e-01  3.36031993e-09  4.60920203e-01  1.67139809e-07  1.46486016e-07  7.80000000e-01 
 7.90000000e-01  3.48889139e-09  4.60920202e-01  3.44974566e-09  4.60920202e-01  4.60920202e-01  3.36031993e-09  4.60920202e-01  1.67139801e-07  1.46485959e-07  7.90000000e-01 
 8.00000000e-01  3.48889139e-09  4.60920193e-01  3.44974566e-09  4.60920193e-01  4.60920193e-01  3.36031993e-09  4.60920193e-01  1.67139786e-07  1.46485746e-07  8.00000000e-01 
 8.10000000e-01  3.48889139e-09  4.60920191e-01  3.44974566e-09  4.60920191e-01  4.60920191e-01  3.36031999e-09  4.60920191e-01  1.67139786e-07  1.46485725e-07  8.10000000e-01 
 8.20000000e-01  3.48889133e-09  4.60920205e-01  3.44974566e-09  4.60920205e-01  4.60920205e-01  3.36031993e-09  4.60920205e-01  1.67139817e-07  1.46485689e-07  8.20000000e-01 
 8.30000000e-01  3.48889139e-09  4.60920189e-01  3.44974566e-09  4.60920189e-01  4.60920189e-01  3.36031993e-09  4.60920189e-01  1.67139781e-07  1.46485405e-07  8.30000000e-01 
 8.40000000e-01  3.48889133e-09  4.60920204e-01  3.44974566e-09  4.60920204e-01  4.60920204e-01  3.36031999e-09  4.60920204e-01  1.67139802e-07  1.46485398e-07  8.40000000e-01 
 8.50000000e-01  3.48889133e-09  4.60920193e-01  3.44974572e-09  4.60920193e-01  4.60920193e-01  3.36031993e-09  4.60920193e-01  1.67139795e-07  1.46485348e-07  8.50000000e-01 
 8.60000000e-01  3.48889139e-09  4.60920172e-01  3.44974570e-09  4.60920172e-01  4.60920172e-01  3.36031993e-09  4.60920172e-01  1.67139755e-07  1.46485100e-07  8.60000000e-01 
 8.70000000e-01  3.48889133e-09  4.60920179e-01  3.44974566e-09  4.60920179e-01  4.60920179e-01  3.36031993e-09  4.60920179e-01  1.67139777e-07  1.46485057e-07  8.70000000e-01 
 8.80000000e-01  3.48889139e-09  4.60920182e-01  3.44974566e-09  4.60920182e-01  4.60920182e-01  3.36031999e-09  4.60920182e-01  1.67139768e-07  1.46484865e-07  8.80000000e-01 
 8.90000000e-01  3.48889133e-09  4.60920196e-01  3.44974566e-09  4.60920196e-01  4.60920196e-01  3.36031999e-09  4.60920196e-01  1.67139784e-07  1.46484815e-07  8.90000000e-01 
 9.00000000e-01  3.48889139e-09  4.60920209e-01  3.44974566e-09  4.60920209e-01  4.60920209e-01  3.36031994e-09  4.60920209e-01  1.67139808e-07  1.46484780e-07  9.00000000e-01 
 9.10000000e-01  3.48889139e-09  4.60920218e-01  3.44974566e-09  4.60920218e-01  4.60920218e-01  3.36031994e-09  4.60920218e-01  1.67139816e-07  1.46484730e-07  9.10000000e-01 
 9.20000000e-01  3.48889133e-09  4.60920175e-01  3.44974566e-09  4.60920175e-01  4.60920175e-01  3.36031993e-09  4.60920175e-01  1.67139749e-07  1.46484417e-07  9.20000000e-01 
 9.30000000e-01  3.48889139e-09  4.60920194e-01  3.44974566e-09  4.60920194e-01  4.60920194e-01  3.36031993e-09  4.60920194e-01  1.67139790e-07  1.46484332e-07  9.30000000e-01 
 9.40000000e-01  3.48889139e-09  4.60920200e-01  3.44974566e-09  4.60920200e-01  4.60920200e-01  3.36031993e-09  4.60920200e-01  1.67139799e-07  1.46484318e-07  9.40000000e-01 
 9.50000000e-01  3.48889133e-09  4.60920206e-01  3.44974566e-09  4.60920206e-01  4.60920206e-01  3.36031993e-09  4.60920206e-01  1.67139803e-07  1.46484254e-07  9.50000000e-01 
 9.60000000e-01  3.48889133e-09  4.60920184e-01  3.44974572e-09  4.60920184e-01  4.60920184e-01  3.36031999e-09  4.60920184e-01  1.67139782e-07  1.46483977e-07  9.60000000e-01 
 9.70000000e-01  3.48889133e-09  4.60920199e-01  3.44974570e-09  4.60920199e-01  4.60920199e-01  3.36031999e-09  4.60920199e-01  1.67139790e-07  1.46483970e-07  9.70000000e-01 
 9.80000000e-01  3.48889139e-09  4.60920223e-01  3.44974567e-09  4.60920223e-01  4.60920223e-01  3.36031994e-09  4.60920223e-01  1.67139832e-07  1.46483771e-07  9.80000000e-01 
 9.90000000e-01  3.48889139e-09  4.60920200e-01  3.44974566e-09  4.60920200e-01  4.60920200e-01  3.36031993e-09  4.60920200e-01  1.67139795e-07  1.46483728e-07  9.90000000e-01 
 1.00000000e+00  3.48889139e-09  4.60920202e-01  3.44974566e-09  4.60920201e-01  4.60920201e-01  3.36031999e-09  4.60920202e-01  1.67139796e-07  1.46483522e-07  1.00000000e+00 
 1.01000000e+00  3.48889133e-09  4.60920200e-01  3.44974566e-09  4.60920200e-01  4.60920200e-01  3.36031993e-09  4.60920200e-01  1.67139796e-07  1.46483487e-07  1.01000000e+00 
 1.02000000e+00  3.48889139e-09  4.60920190e-01  3.44974566e-09  4.60920190e-01  4.60920190e-01  3.36031993e-09  4.60920190e-01  1.67139785e-07  1.46483295e-07  1.02000000e+00 
 1.03000000e+00  3.48889133e-09  4.60920200e-01  3.44974566e-09  4.60920200e-01  4.60920200e-01  3.36031993e-09  4.60920200e-01  1.67139792e-07  1.46483174e-07  1.03000000e+00 
 1.04000000e+00  3.48889133e-09  4.60920204e-01  3.44974566e-09  4.60920204e-01  4.60920204e-01  3.36031993e-09  4.60920204e-01  1.67139803e-07  1.46483018e-07  1.04000000e+00 
 1.05000000e+00  3.48889139e-09  4.60920223e-01  3.44974566e-09  4.60920223e-01  4.60920223e-01  3.36031994e-09  4.60920223e-01  1.67139841e-07  1.46483004e-07  1.05000000e+00 
 1.06000000e+00  3.48889133e-09  4.60920186e-01  3.44974566e-09  4.60920186e-01  4.60920186e-01  3.36031993e-09  4.60920186e-01  1.67139756e-07  1.46482677e-07  1.06000000e+00 
 1.07000000e+00  3.48889133e-09  4.60920183e-01  3.44974566e-09  4.60920183e-01  4.60920183e-01  3.36031999e-09  4.60920183e-01  1.67139782e-07  1.46482513e-07  1.07000000e+00 
 1.08000000e+00  3.48889139e-09  4.60920208e-01  3.44974566e-09  4.60920208e-01  4.60920208e-01  3.36031999e-09  4.60920208e-01  1.67139820e-07  1.46482542e-07  1.08000000e+00 
 1.09000000e+00  3.48889139e-09  4.60920182e-01  3.44974566e-09  4.60920182e-01  4.60920182e-01  3.36031999e-09  4.60920182e-01  1.67139759e-07  1.46482371e-07  1.09000000e+00 
 1.10000000e+00  3.48889133e-09  4.60920198e-01  3.44974566e-09  4.60920198e-01  4.60920198e-01  3.36031999e-09  4.60920198e-01  1.67139792e-07  1.46482321e-07  1.10000000e+00 
 1.11000000e+00  3.48889133e-09  4.60920193e-01  3.44974566e-09  4.60920193e-01  4.60920193e-01  3.36031999e-09  4.60920193e-01  1.67139783e-07  1.46482137e-07  1.11000000e+00 
 1.12000000e+00  3.48889139e-09  4.60920187e-01  3.44974566e-09  4.60920187e-01  4.60920187e-01  3.36031999e-09  4.60920187e-01  1.67139780e-07  1.46481909e-07  1.12000000e+00 
 1.13000000e+00  3.48889139e-09  4.60920207e-01  3.44974566e-09  4.60920207e-01  4.60920207e-01  3.36031999e-09  4.60920207e-01  1.67139806e-07  1.46481916e-07  1.13000000e+00 
 1.14000000e+00  3.48889139e-09  4.60920202e-01  3.44974566e-09  4.60920202e-01  4.60920202e-01  3.36031993e-09  4.60920202e-01  1.67139790e-07  1.46481703e-07  1.14000000e+00 
 1.15000000e+00  3.48889139e-09  4.60920197e-01  3.44974566e-09  4.60920197e-01  4.60920197e-01  3.36031999e-09  4.60920197e-01  1.67139797e-07  1.46481462e-07  1.15000000e+00 
 1.16000000e+00  3.48889133e-09  4.60920207e-01  3.44974566e-09  4.60920207e-01  4.60920207e-01  3.36031993e-09  4.60920207e-01  1.67139814e-07  1.46481440e-07  1.16000000e+00 
 1.17000000e+00  3.48889139e-09  4.60920188e-01  3.44974566e-09  4.60920188e-01  4.60920188e-01  3.36031999e-09  4.60920188e-01  1.67139779e-07  1.46481312e-07  1.17000000e+00 
 1.18000000e+00  3.48889133e-09  4.60920194e-01  3.44974572e-09  4.60920194e-01  4.60920194e-01  3.36031993e-09  4.60920194e-01  1.67139790e-07  1.46481071e-07  1.18000000e+00 
 1.19000000e+00  3.48889139e-09  4.60920188e-01  3.44974570e-09  4.60920188e-01  4.60920188e-01  3.36031993e-09  4.60920188e-01  1.67139781e-07  1.46480957e-07  1.19000000e+00 
 1.20000000e+00  3.48889133e-09  4.60920195e-01  3.44974566e-09  4.60920195e-01  4.60920194e-01  3.36031999e-09  4.60920195e-01  1.67139795e-07  1.46480886e-07  1.20000000e+00 
 1.21000000e+00  3.48889139e-09  4.60920197e-01  3.44974566e-09  4.60920197e-01  4.60920197e-01  3.36031993e-09  4.60920197e-01  1.67139800e-07  1.46480588e-07  1.21000000e+00 
 1.22000000e+00  3.48889139e-09  4.60920202e-01  3.44974566e-09  4.60920202e-01  4.60920202e-01  3.36031993e-09  4.60920202e-01  1.67139797e-07  1.46480460e-07  1.22000000e+00 
 1.23000000e+00  3.48889133e-09  4.60920205e-01  3.44974566e-09  4.60920205e-01  4.60920205e-01  3.36031993e-09  4.60920205e-01  1.67139806e-07  1.46480389e-07  1.23000000e+00 
 1.24000000e+00  3.48889133e-09  4.60920186e-01  3.44974566e-09  4.60920186e-01  4.60920186e-01  3.36031993e-09  4.60920186e-01  1.67139782e-07  1.46480104e-07  1.24000000e+00 
 1.25000000e+00  3.48889139e-09  4.60920199e-01  3.44974566e-09  4.60920199e-01  4.60920199e-01  3.36031999e-09  4.60920199e-01  1.67139793e-07  1.46479863e-07  1.25000000e+00 
 1.26000000e+00  3.48889139e-09  4.60920203e-01  3.44974566e-09  4.60920203e-01  4.60920203e-01  3.36031999e-09  4.60920203e-01  1.67139806e-07  1.46479792e-07  1.26000000e+00 
 1.27000000e+00  3.48889139e-09  4.60920206e-01  3.44974566e-09  4.60920206e-01  4.60920206e-01  3.36031993e-09  4.60920206e-01  1.67139816e-07  1.46479607e-07  1.27000000e+00 
 1.28000000e+00  3.48889139e-09  4.60920211e-01  3.44974566e-09  4.60920211e-01  4.60920211e-01  3.36031999e-09  4.60920211e-01  1.67139825e-07  1.46479564e-07  1.28000000e+00 
 1.29000000e+00  3.48889139e-09  4.60920199e-01  3.44974566e-09  4.60920199e-01  4.60920199e-01  3.36031999e-09  4.60920199e-01  1.67139790e-07  1.46479195e-07  1.29000000e+00 
 1.30000000e+00  3.48889139e-09  4.60920203e-01  3.44974566e-09  4.60920203e-01  4.60920203e-01  3.36031999e-09  4.60920203e-01  1.67139814e-07  1.46479067e-07  1.30000000e+00 
 1.31000000e+00  3.48889133e-09  4.60920215e-01  3.44974566e-09  4.60920215e-01  4.60920215e-01  3.36031994e-09  4.60920215e-01  1.67139813e-07  1.46478854e-07  1.31000000e+00 
 1.32000000e+00  3.48889139e-09  4.60920176e-01  3.44974566e-09  4.60920176e-01  4.60920176e-01  3.36031993e-09  4.60920176e-01  1.67139763e-07  1.46478556e-07  1.32000000e+00 
 1.33000000e+00  3.48889133e-09  4.60920185e-01  3.44974566e-09  4.60920185e-01  4.60920185e-01  3.36031993e-09  4.60920185e-01  1.67139777e-07  1.46478300e-07  1.33000000e+00 
 1.34000000e+00  3.48889139e-09  4.60920190e-01  3.44974566e-09  4.60920190e-01  4.60920190e-01  3.36031999e-09  4.60920190e-01  1.67139775e-07  1.46478129e-07  1.34000000e+00 
 1.35000000e+00  3.48889133e-09  4.60920208e-01  3.44974566e-09  4.60920208e-01  4.60920208e-01  3.36031994e-09  4.60920208e-01  1.67139827e-07  1.46477859e-07  1.35000000e+00 
 1.36000000e+00  3.48889139e-09  4.60920190e-01  3.44974566e-09  4.60920190e-01  4.60920190e-01  3.36031993e-09  4.60920190e-01  1.67139773e-07  1.46477646e-07  1.36000000e+00 
 1.37000000e+00  3.48889133e-09  4.60920181e-01  3.44974566e-09  4.60920181e-01  4.60920181e-01  3.36031993e-09  4.60920181e-01  1.67139766e-07  1.46477291e-07  1.37000000e+00 
 1.38000000e+00  3.48889139e-09  4.60920195e-01  3.44974566e-09  4.60920195e-01  4.60920195e-01  3.36031993e-09  4.60920195e-01  1.67139787e-07  1.46477063e-07  1.38000000e+00 
 1.39000000e+00  3.48889139e-09  4.60920226e-01  3.44974566e-09  4.60920226e-01  4.60920226e-01  3.36031999e-09  4.60920226e-01  1.67139838e-07  1.46476808e-07  1.39000000e+00 
 1.40000000e+00  3.48889139e-09  4.60920190e-01  3.44974572e-09  4.60920190e-01  4.60920190e-01  3.36031999e-09  4.60920190e-01  1.67139773e-07  1.46476225e-07  1.40000000e+00 
 1.41000000e+00  3.48889139e-09  4.60920206e-01  3.44974570e-09  4.60920206e-01  4.60920206e-01  3.36031993e-09  4.60920206e-01  1.67139805e-07  1.46475998e-07  1.41000000e+00 
 1.42000000e+00  3.48889133e-09  4.60920219e-01  3.44974567e-09  4.60920219e-01  4.60920219e-01  3.36031994e-09  4.60920219e-01  1.67139815e-07  1.46475656e-07  1.42000000e+00 
 1.43000000e+00  3.48889139e-09  4.60920178e-01  3.44974566e-09  4.60920178e-01  4.60920178e-01  3.36031993e-09  4.60920178e-01  1.67139766e-07  1.46474832e-07  1.43000000e+00 
 1.44000000e+00  3.48889133e-09  4.60920218e-01  3.44974566e-09  4.60920218e-01  4.60920218e-01  3.36031994e-09  4.60920218e-01  1.67139824e-07  1.46474392e-07  1.44000000e+00 
 1.45000000e+00  3.48889139e-09  4.60920184e-01  3.44974566e-09  4.60920184e-01  4.60920184e-01  3.36031999e-09  4.60920184e-01  1.67139767e-07  1.46473653e-07  1.45000000e+00 
 1.46000000e+00  3.48889139e-09  4.60920185e-01  3.44974566e-09  4.60920185e-01  4.60920185e-01  3.36031999e-09  4.60920185e-01  1.67139784e-07  1.46472829e-07  1.46000000e+00 
 1.47000000e+00  3.48889139e-09  4.60920203e-01  3.44974566e-09  4.60920203e-01  4.60920203e-01  3.36031999e-09  4.60920203e-01  1.67139803e-07  1.46471976e-07  1.47000000e+00 
 1.48000000e+00  3.48889139e-09  4.60920191e-01  3.44974566e-09  4.60920191e-01  4.60920191e-01  3.36031999e-09  4.60920191e-01  1.67139784e-07  1.46470725e-07  1.48000000e+00 
 1.49000000e+00  3.48889133e-09  4.60920188e-01  3.44974566e-09  4.60920188e-01  4.60920188e-01  3.36031993e-09  4.60920188e-01  1.67139783e-07  1.46469262e-07  1.49000000e+00 
 1.50000000e+00  3.48889139e-09  4.60920211e-01  3.44974566e-09  4.60920211e-01  4.60920211e-01  3.36031999e-09  4.60920211e-01  1.67139823e-07  1.46467414e-07  1.50000000e+00 
 1.51000000e+00  3.48889139e-09  4.60920190e-01  3.44974566e-09  4.60920190e-01  4.60920190e-01  3.36031993e-09  4.60920190e-01  1.67139781e-07  1.46464942e-07  1.51000000e+00 
 1.52000000e+00  3.48889133e-09  4.60920190e-01  3.44974566e-09  4.60920190e-01  4.60920190e-01  3.36031999e-09  4.60920190e-01  1.67139787e-07  1.46461460e-07  1.52000000e+00 
 1.53000000e+00  3.48889133e-09  4.60920196e-01  3.44974566e-09  4.60920196e-01  4.60920196e-01  3.36031993e-09  4.60920196e-01  1.67139809e-07  1.46456301e-07  1.53000000e+00 
 1.54000000e+00  3.48889133e-09  4.60920192e-01  3.44974566e-09  4.60920192e-01  4.60920192e-01  3.36031993e-09  4.60920192e-01  1.67139784e-07  1.46448457e-07  1.54000000e+00 
 1.55000000e+00  3.48889133e-09  4.60920195e-01  3.44974566e-09  4.60920195e-01  4.60920195e-01  3.36031993e-09  4.60920195e-01  1.67139800e-07  1.46436221e-07  1.55000000e+00 
 1.56000000e+00  3.48889139e-09  4.60920188e-01  3.44974566e-09  4.60920188e-01  4.60920188e-01  3.36031999e-09  4.60920188e-01  1.67139785e-07  1.46415118e-07  1.56000000e+00 
 1.57000000e+00  3.48889133e-09  4.60920201e-01  3.44974566e-09  4.60920201e-01  4.60920201e-01  3.36031993e-09  4.60920201e-01  1.67139808e-07  1.46377602e-07  1.57000000e+00 
 1.58000000e+00  3.48889133e-09  4.60920194e-01  3.44974566e-09  4.60920194e-01  4.60920194e-01  3.36031993e-09  4.60920194e-01  1.67139786e-07  1.46306462e-07  1.58000000e+00 
 1.59000000e+00  3.48889139e-09  4.60920209e-01  3.44974566e-09  4.60920209e-01  4.60920209e-01  3.36031999e-09  4.60920209e-01  1.67139819e-07  1.46162051e-07  1.59000000e+00 
 1.60000000e+00  3.48889139e-09  4.60920182e-01  3.44974566e-09  4.60920182e-01  4.60920182e-01  3.36031993e-09  4.60920182e-01  1.67139778e-07  1.45842620e-07  1.60000000e+00 
 1.61000000e+00  3.48889133e-09  4.60920182e-01  3.44974566e-09  4.60920182e-01  4.60920182e-01  3.36031993e-09  4.60920182e-01  1.67139777e-07  1.45134123e-07  1.61000000e+00 
 1.62000000e+00  3.48889139e-09  4.60920201e-01  3.44974566e-09  4.60920201e-01  4.60920201e-01  3.36031999e-09  4.60920201e-01  1.67139795e-07  1.43773903e-07  1.62000000e+00 
 1.63000000e+00  3.48889139e-09  4.60920201e-01  3.44974566e-09  4.60920201e-01  4.60920201e-01  3.36031993e-09  4.60920201e-01  1.67139803e-07  1.31301988e-07  1.63000000e+00 
 1.64000000e+00  3.48889133e-09  4.60920202e-01  3.44974566e-09  4.60920202e-01  4.60920202e-01  3.36031993e-09  4.60920202e-01  1.67139806e-07  1.09190992e-07  1.64000000e+00 
 1.65000000e+00  3.48889139e-09  4.60920183e-01  3.44974566e-09  4.60920183e-01  4.60920183e-01  3.36031999e-09  4.60920183e-01  1.67139777e-07  8.97704950e-08  1.65000000e+00 
 1.66000000e+00  3.48889139e-09  4.60920184e-01  3.44974566e-09  4.60920184e-01  4.60920184e-01  3.36031993e-09  4.60920184e-01  1.67139783e-07  7.30746308e-08  1.66000000e+00 
 1.67000000e+00  3.48889139e-09  4.60920186e-01  3.44974566e-09  4.60920186e-01  4.60920186e-01  3.36031993e-09  4.60920186e-01  1.67139784e-07  5.89611489e-08  1.67000000e+00 
 1.68000000e+00  3.48889139e-09  4.60920199e-01  3.44974566e-09  4.60920199e-01  4.60920199e-01  3.36031993e-09  4.60920199e-01  1.67139797e-07  4.71673616e-08  1.68000000e+00 
 1.69000000e+00  3.48889139e-09  4.60920211e-01  3.44974566e-09  4.60920211e-01  4.60920211e-01  3.36031994e-09  4.60920211e-01  1.67139811e-07  3.73952247e-08  1.69000000e+00 
 1.70000000e+00  3.48889139e-09  4.60920168e-01  3.44974566e-09  4.60920168e-01  4.60920168e-01  3.36031993e-09  4.60920168e-01  1.67139731e-07  2.93456424e-08  1.70000000e+00 
 1.71000000e+00  3.48889133e-09  4.60920210e-01  3.44974566e-09  4.60920210e-01  4.60920210e-01  3.36031994e-09  4.60920210e-01  1.67139825e-07  2.27442030e-08  1.71000000e+00 
 1.72000000e+00  3.48889139e-09  4.60920191e-01  3.44974566e-09  4.60920191e-01  4.60920191e-01  3.36031993e-09  4.60920191e-01  1.67139777e-07  1.73455987e-08  1.72000000e+00 
 1.73000000e+00  3.48889133e-09  4.60920198e-01  3.44974572e-09  4.60920198e-01  4.60920198e-01  3.36031993e-09  4.60920198e-01  1.67139799e-07  1.29365532e-08  1.73000000e+00 
 1.74000000e+00  3.48889139e-09  4.60920193e-01  3.44974565e-09  4.60920193e-01  4.60920193e-01  3.36031993e-09  4.60920193e-01  1.67139786e-07  9.33199829e-09  1.74000000e+00 
 1.75000000e+00  3.48889133e-09  4.60920187e-01  3.44974566e-09  4.60920187e-01  4.60920187e-01  3.36031993e-09  4.60920187e-01  1.67139775e-07  6.37133724e-09  1.75000000e+00 
 1.76000000e+00  3.48889133e-09  4.60920183e-01  3.44974566e-09  4.60920183e-01  4.60920183e-01  3.36031993e-09  4.60920183e-01  1.67139777e-07  3.91683841e-09  1.76000000e+00 
 1.77000000e+00  3.48889133e-09  4.60920183e-01  3.44974566e-09  4.60920183e-01  4.60920183e-01  3.36031999e-09  4.60920183e-01  1.67139776e-07  1.86004456e-09  1.77000000e+00 
 1.78000000e+00  3.48889133e-09  4.60920196e-01  3.44974566e-09  4.60920196e-01  4.60920196e-01  3.36031993e-09  4.60920196e-01  1.67139796e-07  1.35401024e-10  1.78000000e+00 
 1.79000000e+00  3.48889133e-09  4.60920198e-01  3.44974566e-09  4.60920198e-01  4.60920198e-01  3.36031999e-09  4.60920198e-01  1.67139801e-07 -1.27663213e-09  1.79000000e+00 
 1.80000000e+00  3.48889133e-09  4.60920184e-01  3.44974566e-09  4.60920184e-01  4.60920184e-01  3.36031999e-09  4.60920184e-01  1.67139767e-07 -2.37301379e-09  1.80000000e+00 
