 v-sweep         v(b0)           v(b1)           v(b2)           v(b3)           v(b4)           v(b5)           v(b6)           i(vbias)        i(viout)        v(vout)        
 0.00000000e+00  3.19979906e-09  4.59316181e-01  3.40321632e-09  3.51435389e-09  3.35402888e-09  3.12005814e-09  4.59316181e-01  1.59793962e-07  1.00458866e-07  0.00000000e+00 
 1.00000000e-02  3.19979910e-09  4.59316171e-01  3.40321629e-09  3.51435392e-09  3.35402891e-09  3.12005817e-09  4.59316171e-01  1.59793956e-07  1.00458478e-07  1.00000000e-02 
 2.00000000e-02  3.19979910e-09  4.59316160e-01  3.40321629e-09  3.51435385e-09  3.35402890e-09  3.12005811e-09  4.59316160e-01  1.59793935e-07  1.00458031e-07  2.00000000e-02 
 3.00000000e-02  3.19979910e-09  4.59316155e-01  3.40321635e-09  3.51435387e-09  3.35402886e-09  3.12005812e-09  4.59316155e-01  1.59793923e-07  1.00457679e-07  3.00000000e-02 
 4.00000000e-02  3.19979910e-09  4.59316154e-01  3.40321628e-09  3.51435392e-09  3.35402885e-09  3.12005816e-09  4.59316154e-01  1.59793920e-07  1.00457233e-07  4.00000000e-02 
 5.00000000e-02  3.19979910e-09  4.59316172e-01  3.40321635e-09  3.51435391e-09  3.35402885e-09  3.12005817e-09  4.59316172e-01  1.59793946e-07  1.00456941e-07  5.00000000e-02 
 6.00000000e-02  3.19979910e-09  4.59316173e-01  3.40321628e-09  3.51435386e-09  3.35402891e-09  3.12005817e-09  4.59316173e-01  1.59793940e-07  1.00456653e-07  6.00000000e-02 
 7.00000000e-02  3.19979910e-09  4.59316164e-01  3.40321635e-09  3.51435387e-09  3.35402884e-09  3.12005817e-09  4.59316164e-01  1.59793933e-07  1.00456360e-07  7.00000000e-02 
 8.00000000e-02  3.19979910e-09  4.59316181e-01  3.40321634e-09  3.51435386e-09  3.35402886e-09  3.12005817e-09  4.59316180e-01  1.59793958e-07  1.00456100e-07  8.00000000e-02 
 9.00000000e-02  3.19979910e-09  4.59316169e-01  3.40321630e-09  3.51435386e-09  3.35402891e-09  3.12005811e-09  4.59316169e-01  1.59793942e-07  1.00455682e-07  9.00000000e-02 
 1.00000000e-01  3.19979910e-09  4.59316188e-01  3.40321635e-09  3.51435386e-09  3.35402890e-09  3.12005812e-09  4.59316187e-01  1.59793965e-07  1.00455476e-07  1.00000000e-01 
 1.10000000e-01  3.19979910e-09  4.59316174e-01  3.40321634e-09  3.51435392e-09  3.35402886e-09  3.12005816e-09  4.59316174e-01  1.59793963e-07  1.00455125e-07  1.10000000e-01 
 1.20000000e-01  3.19979910e-09  4.59316169e-01  3.40321635e-09  3.51435391e-09  3.35402885e-09  3.12005811e-09  4.59316168e-01  1.59793941e-07  1.00454936e-07  1.20000000e-01 
 1.30000000e-01  3.19979910e-09  4.59316152e-01  3.40321628e-09  3.51435391e-09  3.35402885e-09  3.12005818e-09  4.59316152e-01  1.59793919e-07  1.00454614e-07  1.30000000e-01 
 1.40000000e-01  3.19979910e-09  4.59316174e-01  3.40321630e-09  3.51435386e-09  3.35402891e-09  3.12005810e-09  4.59316174e-01  1.59793956e-07  1.00454450e-07  1.40000000e-01 
 1.50000000e-01  3.19979910e-09  4.59316157e-01  3.40321629e-09  3.51435387e-09  3.35402890e-09  3.12005818e-09  4.59316157e-01  1.59793920e-07  1.00454239e-07  1.50000000e-01 
 1.60000000e-01  3.19979910e-09  4.59316185e-01  3.40321629e-09  3.51435392e-09  3.35402886e-09  3.12005816e-09  4.59316185e-01  1.59793960e-07  1.00454072e-07  1.60000000e-01 
 1.70000000e-01  3.19979910e-09  4.59316157e-01  3.40321635e-09  3.51435391e-09  3.35402891e-09  3.12005811e-09  4.59316157e-01  1.59793912e-07  1.00453734e-07  1.70000000e-01 
 1.80000000e-01  3.19979910e-09  4.59316153e-01  3.40321634e-09  3.51435386e-09  3.35402884e-09  3.12005812e-09  4.59316153e-01  1.59793911e-07  1.00453562e-07  1.80000000e-01 
 1.90000000e-01  3.19979910e-09  4.59316179e-01  3.40321630e-09  3.51435387e-09  3.35402886e-09  3.12005810e-09  4.59316179e-01  1.59793948e-07  1.00453448e-07  1.90000000e-01 
 2.00000000e-01  3.19979910e-09  4.59316180e-01  3.40321629e-09  3.51435386e-09  3.35402886e-09  3.12005818e-09  4.59316180e-01  1.59793964e-07  1.00453418e-07  2.00000000e-01 
 2.10000000e-01  3.19979910e-09  4.59316157e-01  3.40321635e-09  3.51435386e-09  3.35402891e-09  3.12005816e-09  4.59316157e-01  1.59793922e-07  1.00453127e-07  2.10000000e-01 
 2.20000000e-01  3.19979910e-09  4.59316164e-01  3.40321634e-09  3.51435386e-09  3.35402884e-09  3.12005811e-09  4.59316164e-01  1.59793921e-07  1.00452953e-07  2.20000000e-01 
 2.30000000e-01  3.19979910e-09  4.59316146e-01  3.40321635e-09  3.51435386e-09  3.35402886e-09  3.12005818e-09  4.59316146e-01  1.59793913e-07  1.00452823e-07  2.30000000e-01 
 2.40000000e-01  3.19979910e-09  4.59316156e-01  3.40321634e-09  3.51435392e-09  3.35402885e-09  3.12005816e-09  4.59316156e-01  1.59793913e-07  1.00452665e-07  2.40000000e-01 
 2.50000000e-01  3.19979910e-09  4.59316161e-01  3.40321630e-09  3.51435385e-09  3.35402891e-09  3.12005817e-09  4.59316161e-01  1.59793927e-07  1.00452565e-07  2.50000000e-01 
 2.60000000e-01  3.19979910e-09  4.59316175e-01  3.40321635e-09  3.51435387e-09  3.35402884e-09  3.12005811e-09  4.59316174e-01  1.59793950e-07  1.00452342e-07  2.60000000e-01 
 2.70000000e-01  3.19979910e-09  4.59316160e-01  3.40321628e-09  3.51435392e-09  3.35402886e-09  3.12005818e-09  4.59316160e-01  1.59793933e-07  1.00452260e-07  2.70000000e-01 
 2.80000000e-01  3.19979910e-09  4.59316164e-01  3.40321630e-09  3.51435391e-09  3.35402885e-09  3.12005810e-09  4.59316164e-01  1.59793938e-07  1.00451940e-07  2.80000000e-01 
 2.90000000e-01  3.19979910e-09  4.59316164e-01  3.40321629e-09  3.51435391e-09  3.35402891e-09  3.12005812e-09  4.59316164e-01  1.59793935e-07  1.00451885e-07  2.90000000e-01 
 3.00000000e-01  3.19979910e-09  4.59316174e-01  3.40321635e-09  3.51435391e-09  3.35402890e-09  3.12005816e-09  4.59316174e-01  1.59793952e-07  1.00451956e-07  3.00000000e-01 
 3.10000000e-01  3.19979910e-09  4.59316165e-01  3.40321628e-09  3.51435391e-09  3.35402892e-09  3.12005811e-09  4.59316165e-01  1.59793949e-07  1.00451754e-07  3.10000000e-01 
 3.20000000e-01  3.19979910e-09  4.59316152e-01  3.40321635e-09  3.51435391e-09  3.35402884e-09  3.12005818e-09  4.59316152e-01  1.59793926e-07  1.00451558e-07  3.20000000e-01 
 3.30000000e-01  3.19979910e-09  4.59316166e-01  3.40321634e-09  3.51435391e-09  3.35402886e-09  3.12005816e-09  4.59316166e-01  1.59793936e-07  1.00451583e-07  3.30000000e-01 
 3.40000000e-01  3.19979910e-09  4.59316140e-01  3.40321630e-09  3.51435386e-09  3.35402885e-09  3.12005811e-09  4.59316140e-01  1.59793898e-07  1.00451427e-07  3.40000000e-01 
 3.50000000e-01  3.19979910e-09  4.59316160e-01  3.40321629e-09  3.51435387e-09  3.35402891e-09  3.12005818e-09  4.59316160e-01  1.59793915e-07  1.00451349e-07  3.50000000e-01 
 3.60000000e-01  3.19979910e-09  4.59316154e-01  3.40321635e-09  3.51435386e-09  3.35402890e-09  3.12005816e-09  4.59316154e-01  1.59793922e-07  1.00451107e-07  3.60000000e-01 
 3.70000000e-01  3.19979910e-09  4.59316154e-01  3.40321628e-09  3.51435392e-09  3.35402886e-09  3.12005817e-09  4.59316154e-01  1.59793920e-07  1.00451071e-07  3.70000000e-01 
 3.80000000e-01  3.19979910e-09  4.59316176e-01  3.40321630e-09  3.51435385e-09  3.35402885e-09  3.12005817e-09  4.59316176e-01  1.59793950e-07  1.00450983e-07  3.80000000e-01 
 3.90000000e-01  3.19979910e-09  4.59316158e-01  3.40321635e-09  3.51435387e-09  3.35402891e-09  3.12005811e-09  4.59316158e-01  1.59793930e-07  1.00450841e-07  3.90000000e-01 
 4.00000000e-01  3.19979910e-09  4.59316154e-01  3.40321628e-09  3.51435386e-09  3.35402884e-09  3.12005812e-09  4.59316153e-01  1.59793922e-07  1.00450752e-07  4.00000000e-01 
 4.10000000e-01  3.19979910e-09  4.59316161e-01  3.40321630e-09  3.51435386e-09  3.35402886e-09  3.12005816e-09  4.59316161e-01  1.59793929e-07  1.00450730e-07  4.10000000e-01 
 4.20000000e-01  3.19979910e-09  4.59316169e-01  3.40321635e-09  3.51435392e-09  3.35402891e-09  3.12005811e-09  4.59316169e-01  1.59793939e-07  1.00450613e-07  4.20000000e-01 
 4.30000000e-01  3.19979910e-09  4.59316176e-01  3.40321628e-09  3.51435385e-09  3.35402890e-09  3.12005818e-09  4.59316176e-01  1.59793954e-07  1.00450553e-07  4.30000000e-01 
 4.40000000e-01  3.19979910e-09  4.59316162e-01  3.40321630e-09  3.51435393e-09  3.35402886e-09  3.12005816e-09  4.59316162e-01  1.59793931e-07  1.00450407e-07  4.40000000e-01 
 4.50000000e-01  3.19979910e-09  4.59316154e-01  3.40321635e-09  3.51435385e-09  3.35402891e-09  3.12005817e-09  4.59316154e-01  1.59793923e-07  1.00450382e-07  4.50000000e-01 
 4.60000000e-01  3.19979910e-09  4.59316153e-01  3.40321634e-09  3.51435387e-09  3.35402884e-09  3.12005817e-09  4.59316153e-01  1.59793913e-07  1.00450258e-07  4.60000000e-01 
 4.70000000e-01  3.19979910e-09  4.59316167e-01  3.40321630e-09  3.51435392e-09  3.35402892e-09  3.12005811e-09  4.59316167e-01  1.59793927e-07  1.00450244e-07  4.70000000e-01 
 4.80000000e-01  3.19979910e-09  4.59316174e-01  3.40321635e-09  3.51435391e-09  3.35402884e-09  3.12005812e-09  4.59316174e-01  1.59793934e-07  1.00450169e-07  4.80000000e-01 
 4.90000000e-01  3.19979910e-09  4.59316176e-01  3.40321628e-09  3.51435386e-09  3.35402886e-09  3.12005816e-09  4.59316176e-01  1.59793946e-07  1.00450091e-07  4.90000000e-01 
 5.00000000e-01  3.19979910e-09  4.59316168e-01  3.40321630e-09  3.51435387e-09  3.35402885e-09  3.12005811e-09  4.59316167e-01  1.59793945e-07  1.00450041e-07  5.00000000e-01 
 5.10000000e-01  3.19979910e-09  4.59316154e-01  3.40321629e-09  3.51435392e-09  3.35402891e-09  3.12005812e-09  4.59316154e-01  1.59793913e-07  1.00449906e-07  5.10000000e-01 
 5.20000000e-01  3.19979910e-09  4.59316181e-01  3.40321629e-09  3.51435391e-09  3.35402890e-09  3.12005816e-09  4.59316181e-01  1.59793941e-07  1.00449842e-07  5.20000000e-01 
 5.30000000e-01  3.19979910e-09  4.59316176e-01  3.40321635e-09  3.51435391e-09  3.35402892e-09  3.12005811e-09  4.59316176e-01  1.59793949e-07  1.00449792e-07  5.30000000e-01 
 5.40000000e-01  3.19979910e-09  4.59316147e-01  3.40321628e-09  3.51435386e-09  3.35402890e-09  3.12005812e-09  4.59316147e-01  1.59793894e-07  1.00449611e-07  5.40000000e-01 
 5.50000000e-01  3.19979910e-09  4.59316162e-01  3.40321630e-09  3.51435393e-09  3.35402886e-09  3.12005816e-09  4.59316161e-01  1.59793918e-07  1.00449618e-07  5.50000000e-01 
 5.60000000e-01  3.19979910e-09  4.59316178e-01  3.40321629e-09  3.51435391e-09  3.35402886e-09  3.12005817e-09  4.59316177e-01  1.59793945e-07  1.00449569e-07  5.60000000e-01 
 5.70000000e-01  3.19979910e-09  4.59316157e-01  3.40321635e-09  3.51435386e-09  3.35402891e-09  3.12005817e-09  4.59316157e-01  1.59793924e-07  1.00449370e-07  5.70000000e-01 
 5.80000000e-01  3.19979910e-09  4.59316174e-01  3.40321628e-09  3.51435387e-09  3.35402890e-09  3.12005811e-09  4.59316174e-01  1.59793942e-07  1.00449363e-07  5.80000000e-01 
 5.90000000e-01  3.19979910e-09  4.59316177e-01  3.40321630e-09  3.51435392e-09  3.35402886e-09  3.12005812e-09  4.59316177e-01  1.59793949e-07  1.00449348e-07  5.90000000e-01 
 6.00000000e-01  3.19979910e-09  4.59316159e-01  3.40321635e-09  3.51435391e-09  3.35402885e-09  3.12005810e-09  4.59316159e-01  1.59793919e-07  1.00449263e-07  6.00000000e-01 
 6.10000000e-01  3.19979910e-09  4.59316177e-01  3.40321634e-09  3.51435391e-09  3.35402891e-09  3.12005812e-09  4.59316177e-01  1.59793937e-07  1.00449242e-07  6.10000000e-01 
 6.20000000e-01  3.19979910e-09  4.59316166e-01  3.40321630e-09  3.51435391e-09  3.35402890e-09  3.12005816e-09  4.59316166e-01  1.59793938e-07  1.00449157e-07  6.20000000e-01 
 6.30000000e-01  3.19979910e-09  4.59316179e-01  3.40321629e-09  3.51435386e-09  3.35402892e-09  3.12005817e-09  4.59316178e-01  1.59793973e-07  1.00448972e-07  6.30000000e-01 
 6.40000000e-01  3.19979910e-09  4.59316155e-01  3.40321629e-09  3.51435387e-09  3.35402890e-09  3.12005811e-09  4.59316155e-01  1.59793916e-07  1.00448858e-07  6.40000000e-01 
 6.50000000e-01  3.19979910e-09  4.59316170e-01  3.40321629e-09  3.51435392e-09  3.35402892e-09  3.12005812e-09  4.59316170e-01  1.59793928e-07  1.00448844e-07  6.50000000e-01 
 6.60000000e-01  3.19979910e-09  4.59316171e-01  3.40321635e-09  3.51435391e-09  3.35402884e-09  3.12005816e-09  4.59316171e-01  1.59793953e-07  1.00448844e-07  6.60000000e-01 
 6.70000000e-01  3.19979910e-09  4.59316168e-01  3.40321634e-09  3.51435386e-09  3.35402886e-09  3.12005817e-09  4.59316168e-01  1.59793955e-07  1.00448609e-07  6.70000000e-01 
 6.80000000e-01  3.19979910e-09  4.59316168e-01  3.40321630e-09  3.51435387e-09  3.35402885e-09  3.12005811e-09  4.59316168e-01  1.59793940e-07  1.00448652e-07  6.80000000e-01 
 6.90000000e-01  3.19979910e-09  4.59316159e-01  3.40321635e-09  3.51435386e-09  3.35402891e-09  3.12005812e-09  4.59316159e-01  1.59793920e-07  1.00448531e-07  6.90000000e-01 
 7.00000000e-01  3.19979910e-09  4.59316162e-01  3.40321628e-09  3.51435386e-09  3.35402890e-09  3.12005810e-09  4.59316162e-01  1.59793932e-07  1.00448382e-07  7.00000000e-01 
 7.10000000e-01  3.19979910e-09  4.59316162e-01  3.40321635e-09  3.51435392e-09  3.35402886e-09  3.12005818e-09  4.59316162e-01  1.59793927e-07  1.00448325e-07  7.10000000e-01 
 7.20000000e-01  3.19979910e-09  4.59316171e-01  3.40321634e-09  3.51435391e-09  3.35402891e-09  3.12005816e-09  4.59316170e-01  1.59793933e-07  1.00448318e-07  7.20000000e-01 
 7.30000000e-01  3.19979910e-09  4.59316164e-01  3.40321630e-09  3.51435386e-09  3.35402890e-09  3.12005811e-09  4.59316164e-01  1.59793934e-07  1.00448226e-07  7.30000000e-01 
 7.40000000e-01  3.19979910e-09  4.59316140e-01  3.40321635e-09  3.51435387e-09  3.35402886e-09  3.12005812e-09  4.59316140e-01  1.59793902e-07  1.00448048e-07  7.40000000e-01 
 7.50000000e-01  3.19979910e-09  4.59316145e-01  3.40321633e-09  3.51435392e-09  3.35402885e-09  3.12005816e-09  4.59316145e-01  1.59793895e-07  1.00447934e-07  7.50000000e-01 
 7.60000000e-01  3.19979910e-09  4.59316159e-01  3.40321630e-09  3.51435391e-09  3.35402885e-09  3.12005811e-09  4.59316159e-01  1.59793913e-07  1.00447885e-07  7.60000000e-01 
 7.70000000e-01  3.19979910e-09  4.59316162e-01  3.40321629e-09  3.51435386e-09  3.35402891e-09  3.12005812e-09  4.59316162e-01  1.59793918e-07  1.00447870e-07  7.70000000e-01 
 7.80000000e-01  3.19979910e-09  4.59316163e-01  3.40321629e-09  3.51435387e-09  3.35402884e-09  3.12005816e-09  4.59316163e-01  1.59793929e-07  1.00447906e-07  7.80000000e-01 
 7.90000000e-01  3.19979910e-09  4.59316161e-01  3.40321635e-09  3.51435386e-09  3.35402886e-09  3.12005817e-09  4.59316161e-01  1.59793920e-07  1.00447778e-07  7.90000000e-01 
 8.00000000e-01  3.19979910e-09  4.59316168e-01  3.40321628e-09  3.51435392e-09  3.35402891e-09  3.12005811e-09  4.59316168e-01  1.59793943e-07  1.00447750e-07  8.00000000e-01 
 8.10000000e-01  3.19979910e-09  4.59316175e-01  3.40321630e-09  3.51435391e-09  3.35402890e-09  3.12005818e-09  4.59316174e-01  1.59793950e-07  1.00447608e-07  8.10000000e-01 
 8.20000000e-01  3.19979910e-09  4.59316155e-01  3.40321629e-09  3.51435391e-09  3.35402886e-09  3.12005810e-09  4.59316155e-01  1.59793927e-07  1.00447593e-07  8.20000000e-01 
 8.30000000e-01  3.19979910e-09  4.59316164e-01  3.40321635e-09  3.51435391e-09  3.35402885e-09  3.12005812e-09  4.59316164e-01  1.59793926e-07  1.00447494e-07  8.30000000e-01 
 8.40000000e-01  3.19979910e-09  4.59316148e-01  3.40321633e-09  3.51435386e-09  3.35402885e-09  3.12005816e-09  4.59316148e-01  1.59793910e-07  1.00447529e-07  8.40000000e-01 
 8.50000000e-01  3.19979910e-09  4.59316148e-01  3.40321635e-09  3.51435387e-09  3.35402891e-09  3.12005817e-09  4.59316148e-01  1.59793882e-07  1.00447430e-07  8.50000000e-01 
 8.60000000e-01  3.19979910e-09  4.59316161e-01  3.40321628e-09  3.51435386e-09  3.35402890e-09  3.12005817e-09  4.59316160e-01  1.59793912e-07  1.00447224e-07  8.60000000e-01 
 8.70000000e-01  3.19979910e-09  4.59316184e-01  3.40321630e-09  3.51435392e-09  3.35402886e-09  3.12005817e-09  4.59316184e-01  1.59793955e-07  1.00447195e-07  8.70000000e-01 
 8.80000000e-01  3.19979910e-09  4.59316167e-01  3.40321629e-09  3.51435385e-09  3.35402891e-09  3.12005811e-09  4.59316166e-01  1.59793933e-07  1.00447025e-07  8.80000000e-01 
 8.90000000e-01  3.19979910e-09  4.59316164e-01  3.40321635e-09  3.51435387e-09  3.35402890e-09  3.12005818e-09  4.59316163e-01  1.59793936e-07  1.00446975e-07  8.90000000e-01 
 9.00000000e-01  3.19979910e-09  4.59316168e-01  3.40321628e-09  3.51435392e-09  3.35402886e-09  3.12005816e-09  4.59316167e-01  1.59793947e-07  1.00446897e-07  9.00000000e-01 
 9.10000000e-01  3.19979910e-09  4.59316156e-01  3.40321630e-09  3.51435391e-09  3.35402891e-09  3.12005817e-09  4.59316155e-01  1.59793918e-07  1.00446726e-07  9.10000000e-01 
 9.20000000e-01  3.19979910e-09  4.59316150e-01  3.40321635e-09  3.51435391e-09  3.35402884e-09  3.12005817e-09  4.59316150e-01  1.59793897e-07  1.00446819e-07  9.20000000e-01 
 9.30000000e-01  3.19979910e-09  4.59316154e-01  3.40321628e-09  3.51435386e-09  3.35402886e-09  3.12005817e-09  4.59316153e-01  1.59793910e-07  1.00446748e-07  9.30000000e-01 
 9.40000000e-01  3.19979910e-09  4.59316166e-01  3.40321630e-09  3.51435387e-09  3.35402885e-09  3.12005811e-09  4.59316166e-01  1.59793931e-07  1.00446641e-07  9.40000000e-01 
 9.50000000e-01  3.19979910e-09  4.59316145e-01  3.40321629e-09  3.51435386e-09  3.35402891e-09  3.12005812e-09  4.59316145e-01  1.59793897e-07  1.00446520e-07  9.50000000e-01 
 9.60000000e-01  3.19979910e-09  4.59316146e-01  3.40321635e-09  3.51435386e-09  3.35402890e-09  3.12005816e-09  4.59316146e-01  1.59793912e-07  1.00446364e-07  9.60000000e-01 
 9.70000000e-01  3.19979910e-09  4.59316144e-01  3.40321633e-09  3.51435386e-09  3.35402886e-09  3.12005811e-09  4.59316144e-01  1.59793888e-07  1.00446300e-07  9.70000000e-01 
 9.80000000e-01  3.19979910e-09  4.59316153e-01  3.40321630e-09  3.51435386e-09  3.35402891e-09  3.12005818e-09  4.59316153e-01  1.59793908e-07  1.00446293e-07  9.80000000e-01 
 9.90000000e-01  3.19979910e-09  4.59316171e-01  3.40321635e-09  3.51435386e-09  3.35402884e-09  3.12005816e-09  4.59316170e-01  1.59793958e-07  1.00446144e-07  9.90000000e-01 
 1.00000000e+00  3.19979910e-09  4.59316161e-01  3.40321628e-09  3.51435392e-09  3.35402886e-09  3.12005811e-09  4.59316161e-01  1.59793933e-07  1.00446080e-07  1.00000000e+00 
 1.01000000e+00  3.19979910e-09  4.59316152e-01  3.40321635e-09  3.51435391e-09  3.35402885e-09  3.12005818e-09  4.59316152e-01  1.59793910e-07  1.00446051e-07  1.01000000e+00 
 1.02000000e+00  3.19979910e-09  4.59316146e-01  3.40321633e-09  3.51435386e-09  3.35402891e-09  3.12005810e-09  4.59316146e-01  1.59793902e-07  1.00445924e-07  1.02000000e+00 
 1.03000000e+00  3.19979910e-09  4.59316171e-01  3.40321635e-09  3.51435387e-09  3.35402884e-09  3.12005812e-09  4.59316171e-01  1.59793939e-07  1.00445874e-07  1.03000000e+00 
 1.04000000e+00  3.19979910e-09  4.59316141e-01  3.40321628e-09  3.51435386e-09  3.35402886e-09  3.12005810e-09  4.59316141e-01  1.59793912e-07  1.00445646e-07  1.04000000e+00 
 1.05000000e+00  3.19979910e-09  4.59316165e-01  3.40321630e-09  3.51435392e-09  3.35402885e-09  3.12005812e-09  4.59316165e-01  1.59793922e-07  1.00445519e-07  1.05000000e+00 
 1.06000000e+00  3.19979910e-09  4.59316166e-01  3.40321629e-09  3.51435385e-09  3.35402885e-09  3.12005816e-09  4.59316166e-01  1.59793944e-07  1.00445583e-07  1.06000000e+00 
 1.07000000e+00  3.19979910e-09  4.59316165e-01  3.40321629e-09  3.51435387e-09  3.35402885e-09  3.12005817e-09  4.59316165e-01  1.59793916e-07  1.00445568e-07  1.07000000e+00 
 1.08000000e+00  3.19979910e-09  4.59316169e-01  3.40321635e-09  3.51435386e-09  3.35402885e-09  3.12005811e-09  4.59316169e-01  1.59793938e-07  1.00445412e-07  1.08000000e+00 
 1.09000000e+00  3.19979910e-09  4.59316171e-01  3.40321628e-09  3.51435386e-09  3.35402885e-09  3.12005818e-09  4.59316171e-01  1.59793947e-07  1.00445369e-07  1.09000000e+00 
 1.10000000e+00  3.19979910e-09  4.59316170e-01  3.40321630e-09  3.51435386e-09  3.35402885e-09  3.12005816e-09  4.59316170e-01  1.59793930e-07  1.00445178e-07  1.10000000e+00 
 1.11000000e+00  3.19979910e-09  4.59316162e-01  3.40321629e-09  3.51435386e-09  3.35402885e-09  3.12005817e-09  4.59316162e-01  1.59793918e-07  1.00445192e-07  1.11000000e+00 
 1.12000000e+00  3.19979910e-09  4.59316167e-01  3.40321629e-09  3.51435386e-09  3.35402891e-09  3.12005817e-09  4.59316167e-01  1.59793929e-07  1.00445035e-07  1.12000000e+00 
 1.13000000e+00  3.19979910e-09  4.59316176e-01  3.40321629e-09  3.51435386e-09  3.35402884e-09  3.12005817e-09  4.59316175e-01  1.59793938e-07  1.00445078e-07  1.13000000e+00 
 1.14000000e+00  3.19979910e-09  4.59316167e-01  3.40321635e-09  3.51435392e-09  3.35402886e-09  3.12005811e-09  4.59316167e-01  1.59793938e-07  1.00444886e-07  1.14000000e+00 
 1.15000000e+00  3.19979910e-09  4.59316158e-01  3.40321634e-09  3.51435385e-09  3.35402891e-09  3.12005812e-09  4.59316158e-01  1.59793923e-07  1.00444737e-07  1.15000000e+00 
 1.16000000e+00  3.19979910e-09  4.59316172e-01  3.40321630e-09  3.51435393e-09  3.35402890e-09  3.12005810e-09  4.59316171e-01  1.59793948e-07  1.00444723e-07  1.16000000e+00 
 1.17000000e+00  3.19979910e-09  4.59316183e-01  3.40321635e-09  3.51435391e-09  3.35402892e-09  3.12005812e-09  4.59316183e-01  1.59793971e-07  1.00444666e-07  1.17000000e+00 
 1.18000000e+00  3.19979910e-09  4.59316177e-01  3.40321628e-09  3.51435391e-09  3.35402884e-09  3.12005816e-09  4.59316177e-01  1.59793954e-07  1.00444581e-07  1.18000000e+00 
 1.19000000e+00  3.19979910e-09  4.59316165e-01  3.40321635e-09  3.51435386e-09  3.35402886e-09  3.12005811e-09  4.59316165e-01  1.59793945e-07  1.00444424e-07  1.19000000e+00 
 1.20000000e+00  3.19979910e-09  4.59316156e-01  3.40321634e-09  3.51435393e-09  3.35402891e-09  3.12005812e-09  4.59316156e-01  1.59793918e-07  1.00444282e-07  1.20000000e+00 
 1.21000000e+00  3.19979910e-09  4.59316156e-01  3.40321630e-09  3.51435391e-09  3.35402884e-09  3.12005816e-09  4.59316156e-01  1.59793932e-07  1.00444055e-07  1.21000000e+00 
 1.22000000e+00  3.19979910e-09  4.59316144e-01  3.40321635e-09  3.51435386e-09  3.35402886e-09  3.12005817e-09  4.59316144e-01  1.59793902e-07  1.00444140e-07  1.22000000e+00 
 1.23000000e+00  3.19979910e-09  4.59316147e-01  3.40321633e-09  3.51435387e-09  3.35402885e-09  3.12005817e-09  4.59316147e-01  1.59793898e-07  1.00443984e-07  1.23000000e+00 
 1.24000000e+00  3.19979910e-09  4.59316152e-01  3.40321630e-09  3.51435392e-09  3.35402891e-09  3.12005811e-09  4.59316152e-01  1.59793901e-07  1.00443813e-07  1.24000000e+00 
 1.25000000e+00  3.19979910e-09  4.59316177e-01  3.40321635e-09  3.51435385e-09  3.35402890e-09  3.12005812e-09  4.59316177e-01  1.59793947e-07  1.00443742e-07  1.25000000e+00 
 1.26000000e+00  3.19979910e-09  4.59316170e-01  3.40321634e-09  3.51435387e-09  3.35402886e-09  3.12005810e-09  4.59316170e-01  1.59793933e-07  1.00443586e-07  1.26000000e+00 
 1.27000000e+00  3.19979910e-09  4.59316159e-01  3.40321630e-09  3.51435392e-09  3.35402891e-09  3.12005812e-09  4.59316159e-01  1.59793921e-07  1.00443515e-07  1.27000000e+00 
 1.28000000e+00  3.19979910e-09  4.59316151e-01  3.40321629e-09  3.51435391e-09  3.35402890e-09  3.12005816e-09  4.59316151e-01  1.59793911e-07  1.00443401e-07  1.28000000e+00 
 1.29000000e+00  3.19979910e-09  4.59316162e-01  3.40321629e-09  3.51435391e-09  3.35402886e-09  3.12005811e-09  4.59316162e-01  1.59793921e-07  1.00443287e-07  1.29000000e+00 
 1.30000000e+00  3.19979910e-09  4.59316168e-01  3.40321629e-09  3.51435391e-09  3.35402885e-09  3.12005812e-09  4.59316168e-01  1.59793939e-07  1.00443245e-07  1.30000000e+00 
 1.31000000e+00  3.19979910e-09  4.59316174e-01  3.40321629e-09  3.51435386e-09  3.35402885e-09  3.12005810e-09  4.59316174e-01  1.59793937e-07  1.00443145e-07  1.31000000e+00 
 1.32000000e+00  3.19979910e-09  4.59316162e-01  3.40321629e-09  3.51435387e-09  3.35402885e-09  3.12005812e-09  4.59316162e-01  1.59793934e-07  1.00442932e-07  1.32000000e+00 
 1.33000000e+00  3.19979910e-09  4.59316155e-01  3.40321635e-09  3.51435386e-09  3.35402891e-09  3.12005810e-09  4.59316155e-01  1.59793912e-07  1.00442819e-07  1.33000000e+00 
 1.34000000e+00  3.19979910e-09  4.59316176e-01  3.40321628e-09  3.51435392e-09  3.35402890e-09  3.12005812e-09  4.59316175e-01  1.59793923e-07  1.00442634e-07  1.34000000e+00 
 1.35000000e+00  3.19979910e-09  4.59316174e-01  3.40321635e-09  3.51435385e-09  3.35402886e-09  3.12005816e-09  4.59316174e-01  1.59793956e-07  1.00442506e-07  1.35000000e+00 
 1.36000000e+00  3.19979910e-09  4.59316138e-01  3.40321628e-09  3.51435387e-09  3.35402885e-09  3.12005817e-09  4.59316138e-01  1.59793889e-07  1.00442264e-07  1.36000000e+00 
 1.37000000e+00  3.19979910e-09  4.59316156e-01  3.40321630e-09  3.51435392e-09  3.35402885e-09  3.12005811e-09  4.59316156e-01  1.59793900e-07  1.00442179e-07  1.37000000e+00 
 1.38000000e+00  3.19979910e-09  4.59316170e-01  3.40321629e-09  3.51435391e-09  3.35402885e-09  3.12005818e-09  4.59316170e-01  1.59793942e-07  1.00442094e-07  1.38000000e+00 
 1.39000000e+00  3.19979910e-09  4.59316158e-01  3.40321629e-09  3.51435391e-09  3.35402891e-09  3.12005816e-09  4.59316158e-01  1.59793934e-07  1.00441824e-07  1.39000000e+00 
 1.40000000e+00  3.19979910e-09  4.59316160e-01  3.40321629e-09  3.51435391e-09  3.35402890e-09  3.12005817e-09  4.59316159e-01  1.59793929e-07  1.00441625e-07  1.40000000e+00 
 1.41000000e+00  3.19979910e-09  4.59316160e-01  3.40321629e-09  3.51435386e-09  3.35402886e-09  3.12005817e-09  4.59316160e-01  1.59793914e-07  1.00441667e-07  1.41000000e+00 
 1.42000000e+00  3.19979910e-09  4.59316160e-01  3.40321629e-09  3.51435387e-09  3.35402891e-09  3.12005817e-09  4.59316160e-01  1.59793934e-07  1.00441113e-07  1.42000000e+00 
 1.43000000e+00  3.19979910e-09  4.59316167e-01  3.40321629e-09  3.51435392e-09  3.35402884e-09  3.12005811e-09  4.59316167e-01  1.59793934e-07  1.00441028e-07  1.43000000e+00 
 1.44000000e+00  3.19979910e-09  4.59316153e-01  3.40321629e-09  3.51435385e-09  3.35402886e-09  3.12005812e-09  4.59316153e-01  1.59793912e-07  1.00440872e-07  1.44000000e+00 
 1.45000000e+00  3.19979910e-09  4.59316158e-01  3.40321629e-09  3.51435393e-09  3.35402891e-09  3.12005816e-09  4.59316158e-01  1.59793923e-07  1.00440460e-07  1.45000000e+00 
 1.46000000e+00  3.19979910e-09  4.59316149e-01  3.40321629e-09  3.51435385e-09  3.35402890e-09  3.12005811e-09  4.59316149e-01  1.59793925e-07  1.00440133e-07  1.46000000e+00 
 1.47000000e+00  3.19979910e-09  4.59316159e-01  3.40321629e-09  3.51435387e-09  3.35402886e-09  3.12005812e-09  4.59316158e-01  1.59793928e-07  1.00439749e-07  1.47000000e+00 
 1.48000000e+00  3.19979910e-09  4.59316175e-01  3.40321629e-09  3.51435392e-09  3.35402891e-09  3.12005810e-09  4.59316175e-01  1.59793951e-07  1.00439195e-07  1.48000000e+00 
 1.49000000e+00  3.19979910e-09  4.59316175e-01  3.40321635e-09  3.51435385e-09  3.35402884e-09  3.12005812e-09  4.59316175e-01  1.59793949e-07  1.00438896e-07  1.49000000e+00 
 1.50000000e+00  3.19979910e-09  4.59316155e-01  3.40321634e-09  3.51435387e-09  3.35402886e-09  3.12005816e-09  4.59316155e-01  1.59793927e-07  1.00438157e-07  1.50000000e+00 
 1.51000000e+00  3.19979910e-09  4.59316166e-01  3.40321630e-09  3.51435392e-09  3.35402891e-09  3.12005817e-09  4.59316166e-01  1.59793925e-07  1.00437205e-07  1.51000000e+00 
 1.52000000e+00  3.19979910e-09  4.59316152e-01  3.40321635e-09  3.51435391e-09  3.35402884e-09  3.12005817e-09  4.59316151e-01  1.59793909e-07  1.00436068e-07  1.52000000e+00 
 1.53000000e+00  3.19979910e-09  4.59316164e-01  3.40321628e-09  3.51435391e-09  3.35402886e-09  3.12005817e-09  4.59316164e-01  1.59793934e-07  1.00434505e-07  1.53000000e+00 
 1.54000000e+00  3.19979910e-09  4.59316155e-01  3.40321635e-09  3.51435391e-09  3.35402885e-09  3.12005817e-09  4.59316154e-01  1.59793917e-07  1.00432501e-07  1.54000000e+00 
 1.55000000e+00  3.19979910e-09  4.59316174e-01  3.40321634e-09  3.51435386e-09  3.35402891e-09  3.12005811e-09  4.59316174e-01  1.59793953e-07  1.00429475e-07  1.55000000e+00 
 1.56000000e+00  3.19979910e-09  4.59316146e-01  3.40321635e-09  3.51435387e-09  3.35402884e-09  3.12005812e-09  4.59316146e-01  1.59793914e-07  1.00424643e-07  1.56000000e+00 
 1.57000000e+00  3.19979910e-09  4.59316161e-01  3.40321628e-09  3.51435386e-09  3.35402886e-09  3.12005810e-09  4.59316161e-01  1.59793925e-07  1.00417111e-07  1.57000000e+00 
 1.58000000e+00  3.19979910e-09  4.59316175e-01  3.40321630e-09  3.51435392e-09  3.35402885e-09  3.12005818e-09  4.59316175e-01  1.59793948e-07  1.00403923e-07  1.58000000e+00 
 1.59000000e+00  3.19979910e-09  4.59316161e-01  3.40321635e-09  3.51435385e-09  3.35402885e-09  3.12005810e-09  4.59316161e-01  1.59793935e-07  1.00380490e-07  1.59000000e+00 
 1.60000000e+00  3.19979910e-09  4.59316149e-01  3.40321633e-09  3.51435387e-09  3.35402891e-09  3.12005812e-09  4.59316149e-01  1.59793901e-07  1.00336976e-07  1.60000000e+00 
 1.61000000e+00  3.19979910e-09  4.59316177e-01  3.40321630e-09  3.51435386e-09  3.35402890e-09  3.12005816e-09  4.59316177e-01  1.59793943e-07  1.00249650e-07  1.61000000e+00 
 1.62000000e+00  3.19979910e-09  4.59316178e-01  3.40321629e-09  3.51435392e-09  3.35402891e-09  3.12005817e-09  4.59316178e-01  1.59793955e-07  1.00028416e-07  1.62000000e+00 
 1.63000000e+00  3.19979910e-09  4.59316157e-01  3.40321635e-09  3.51435391e-09  3.35402885e-09  3.12005812e-09  4.59316157e-01  1.59793931e-07  9.93007774e-08  1.63000000e+00 
 1.64000000e+00  3.19979910e-09  4.59316161e-01  3.40321635e-09  3.51435392e-09  3.35402885e-09  3.12005817e-09  4.59316161e-01  1.59793936e-07  9.77373560e-08  1.64000000e+00 
 1.65000000e+00  3.19979910e-09  4.59316143e-01  3.40321628e-09  3.51435386e-09  3.35402885e-09  3.12005812e-09  4.59316143e-01  1.59793905e-07  8.45776782e-08  1.65000000e+00 
 1.66000000e+00  3.19979910e-09  4.59316152e-01  3.40321635e-09  3.51435392e-09  3.35402890e-09  3.12005817e-09  4.59316152e-01  1.59793911e-07  6.87881254e-08  1.66000000e+00 
 1.67000000e+00  3.19979910e-09  4.59316136e-01  3.40321629e-09  3.51435386e-09  3.35402885e-09  3.12005811e-09  4.59316136e-01  1.59793891e-07  5.54467192e-08  1.67000000e+00 
 1.68000000e+00  3.19979910e-09  4.59316161e-01  3.40321635e-09  3.51435387e-09  3.35402886e-09  3.12005818e-09  4.59316161e-01  1.59793909e-07  4.43060912e-08  1.68000000e+00 
 1.69000000e+00  3.19979910e-09  4.59316163e-01  3.40321628e-09  3.51435392e-09  3.35402891e-09  3.12005810e-09  4.59316163e-01  1.59793944e-07  3.50819818e-08  1.69000000e+00 
 1.70000000e+00  3.19979910e-09  4.59316171e-01  3.40321635e-09  3.51435385e-09  3.35402890e-09  3.12005812e-09  4.59316171e-01  1.59793942e-07  2.74903442e-08  1.70000000e+00 
 1.71000000e+00  3.19979910e-09  4.59316170e-01  3.40321628e-09  3.51435387e-09  3.35402886e-09  3.12005816e-09  4.59316170e-01  1.59793938e-07  2.12686615e-08  1.71000000e+00 
 1.72000000e+00  3.19979910e-09  4.59316160e-01  3.40321630e-09  3.51435392e-09  3.35402885e-09  3.12005817e-09  4.59316160e-01  1.59793934e-07  1.61857798e-08  1.72000000e+00 
 1.73000000e+00  3.19979910e-09  4.59316142e-01  3.40321629e-09  3.51435391e-09  3.35402885e-09  3.12005811e-09  4.59316142e-01  1.59793915e-07  1.20394361e-08  1.73000000e+00 
 1.74000000e+00  3.19979910e-09  4.59316175e-01  3.40321635e-09  3.51435391e-09  3.35402885e-09  3.12005812e-09  4.59316174e-01  1.59793942e-07  8.65475158e-09  1.74000000e+00 
 1.75000000e+00  3.19979910e-09  4.59316172e-01  3.40321628e-09  3.51435386e-09  3.35402885e-09  3.12005816e-09  4.59316172e-01  1.59793946e-07  5.87991167e-09  1.75000000e+00 
 1.76000000e+00  3.19979910e-09  4.59316156e-01  3.40321630e-09  3.51435387e-09  3.35402891e-09  3.12005817e-09  4.59316156e-01  1.59793918e-07  3.58497232e-09  1.76000000e+00 
 1.77000000e+00  3.19979910e-09  4.59316180e-01  3.40321629e-09  3.51435386e-09  3.35402890e-09  3.12005811e-09  4.59316179e-01  1.59793952e-07  1.66782854e-09  1.77000000e+00 
 1.78000000e+00  3.19979910e-09  4.59316160e-01  3.40321629e-09  3.51435386e-09  3.35402892e-09  3.12005812e-09  4.59316160e-01  1.59793915e-07  6.61088961e-11  1.78000000e+00 
 1.79000000e+00  3.19979910e-09  4.59316165e-01  3.40321629e-09  3.51435386e-09  3.35402890e-09  3.12005816e-09  4.59316165e-01  1.59793941e-07 -1.23995392e-09  1.79000000e+00 
 1.80000000e+00  3.19979910e-09  4.59316186e-01  3.40321635e-09  3.51435392e-09  3.35402892e-09  3.12005811e-09  4.59316186e-01  1.59793970e-07 -2.24916619e-09  1.80000000e+00 
