 v-sweep         v(b0)           v(b1)           v(b2)           v(b3)           v(b4)           v(b5)           v(b6)           i(vbias)        i(viout)        v(vout)        
 0.00000000e+00  3.30917320e-09  4.59789166e-01  4.59789166e-01  3.48093702e-09  4.59789166e-01  4.59789166e-01  4.59789166e-01  1.62020533e-07  1.86179032e-07  0.00000000e+00 
 1.00000000e-02  3.30917324e-09  4.59789170e-01  4.59789170e-01  3.48093695e-09  4.59789170e-01  4.59789170e-01  4.59789170e-01  1.62020537e-07  1.86178491e-07  1.00000000e-02 
 2.00000000e-02  3.30917324e-09  4.59789175e-01  4.59789175e-01  3.48093701e-09  4.59789175e-01  4.59789175e-01  4.59789175e-01  1.62020546e-07  1.86178051e-07  2.00000000e-02 
 3.00000000e-02  3.30917324e-09  4.59789174e-01  4.59789174e-01  3.48093695e-09  4.59789174e-01  4.59789174e-01  4.59789174e-01  1.62020553e-07  1.86177699e-07  3.00000000e-02 
 4.00000000e-02  3.30917324e-09  4.59789165e-01  4.59789165e-01  3.48093700e-09  4.59789165e-01  4.59789165e-01  4.59789165e-01  1.62020531e-07  1.86177174e-07  4.00000000e-02 
 5.00000000e-02  3.30917324e-09  4.59789144e-01  4.59789144e-01  3.48093700e-09  4.59789144e-01  4.59789144e-01  4.59789144e-01  1.62020489e-07  1.86176599e-07  5.00000000e-02 
 6.00000000e-02  3.30917324e-09  4.59789175e-01  4.59789175e-01  3.48093695e-09  4.59789175e-01  4.59789175e-01  4.59789175e-01  1.62020551e-07  1.86176357e-07  6.00000000e-02 
 7.00000000e-02  3.30917324e-09  4.59789180e-01  4.59789181e-01  3.48093701e-09  4.59789181e-01  4.59789181e-01  4.59789181e-01  1.62020551e-07  1.86176007e-07  7.00000000e-02 
 8.00000000e-02  3.30917324e-09  4.59789179e-01  4.59789180e-01  3.48093695e-09  4.59789180e-01  4.59789180e-01  4.59789180e-01  1.62020547e-07  1.86175739e-07  8.00000000e-02 
 9.00000000e-02  3.30917324e-09  4.59789178e-01  4.59789178e-01  3.48093695e-09  4.59789178e-01  4.59789178e-01  4.59789178e-01  1.62020545e-07  1.86175409e-07  9.00000000e-02 
 1.00000000e-01  3.30917324e-09  4.59789159e-01  4.59789159e-01  3.48093700e-09  4.59789159e-01  4.59789159e-01  4.59789159e-01  1.62020522e-07  1.86174978e-07  1.00000000e-01 
 1.10000000e-01  3.30917324e-09  4.59789147e-01  4.59789147e-01  3.48093700e-09  4.59789147e-01  4.59789147e-01  4.59789147e-01  1.62020509e-07  1.86174473e-07  1.10000000e-01 
 1.20000000e-01  3.30917324e-09  4.59789171e-01  4.59789171e-01  3.48093700e-09  4.59789171e-01  4.59789171e-01  4.59789171e-01  1.62020541e-07  1.86174321e-07  1.20000000e-01 
 1.30000000e-01  3.30917324e-09  4.59789166e-01  4.59789166e-01  3.48093700e-09  4.59789166e-01  4.59789166e-01  4.59789166e-01  1.62020533e-07  1.86174011e-07  1.30000000e-01 
 1.40000000e-01  3.30917324e-09  4.59789170e-01  4.59789170e-01  3.48093700e-09  4.59789170e-01  4.59789170e-01  4.59789170e-01  1.62020539e-07  1.86173779e-07  1.40000000e-01 
 1.50000000e-01  3.30917324e-09  4.59789150e-01  4.59789150e-01  3.48093700e-09  4.59789150e-01  4.59789150e-01  4.59789150e-01  1.62020513e-07  1.86173331e-07  1.50000000e-01 
 1.60000000e-01  3.30917324e-09  4.59789159e-01  4.59789159e-01  3.48093700e-09  4.59789159e-01  4.59789159e-01  4.59789159e-01  1.62020521e-07  1.86173104e-07  1.60000000e-01 
 1.70000000e-01  3.30917324e-09  4.59789164e-01  4.59789164e-01  3.48093700e-09  4.59789164e-01  4.59789164e-01  4.59789164e-01  1.62020537e-07  1.86172917e-07  1.70000000e-01 
 1.80000000e-01  3.30917324e-09  4.59789145e-01  4.59789145e-01  3.48093700e-09  4.59789145e-01  4.59789145e-01  4.59789145e-01  1.62020491e-07  1.86172537e-07  1.80000000e-01 
 1.90000000e-01  3.30917324e-09  4.59789178e-01  4.59789178e-01  3.48093701e-09  4.59789178e-01  4.59789178e-01  4.59789178e-01  1.62020552e-07  1.86172469e-07  1.90000000e-01 
 2.00000000e-01  3.30917324e-09  4.59789158e-01  4.59789158e-01  3.48093700e-09  4.59789158e-01  4.59789158e-01  4.59789158e-01  1.62020525e-07  1.86172119e-07  2.00000000e-01 
 2.10000000e-01  3.30917324e-09  4.59789152e-01  4.59789152e-01  3.48093700e-09  4.59789152e-01  4.59789152e-01  4.59789152e-01  1.62020512e-07  1.86171825e-07  2.10000000e-01 
 2.20000000e-01  3.30917324e-09  4.59789158e-01  4.59789158e-01  3.48093700e-09  4.59789158e-01  4.59789158e-01  4.59789158e-01  1.62020512e-07  1.86171686e-07  2.20000000e-01 
 2.30000000e-01  3.30917324e-09  4.59789177e-01  4.59789177e-01  3.48093701e-09  4.59789177e-01  4.59789177e-01  4.59789177e-01  1.62020555e-07  1.86171388e-07  2.30000000e-01 
 2.40000000e-01  3.30917324e-09  4.59789165e-01  4.59789166e-01  3.48093700e-09  4.59789166e-01  4.59789166e-01  4.59789166e-01  1.62020534e-07  1.86171276e-07  2.40000000e-01 
 2.50000000e-01  3.30917324e-09  4.59789162e-01  4.59789162e-01  3.48093700e-09  4.59789162e-01  4.59789162e-01  4.59789162e-01  1.62020530e-07  1.86170858e-07  2.50000000e-01 
 2.60000000e-01  3.30917324e-09  4.59789157e-01  4.59789157e-01  3.48093700e-09  4.59789157e-01  4.59789157e-01  4.59789157e-01  1.62020522e-07  1.86170793e-07  2.60000000e-01 
 2.70000000e-01  3.30917324e-09  4.59789168e-01  4.59789168e-01  3.48093700e-09  4.59789168e-01  4.59789168e-01  4.59789168e-01  1.62020525e-07  1.86170674e-07  2.70000000e-01 
 2.80000000e-01  3.30917324e-09  4.59789179e-01  4.59789179e-01  3.48093701e-09  4.59789179e-01  4.59789179e-01  4.59789179e-01  1.62020553e-07  1.86170517e-07  2.80000000e-01 
 2.90000000e-01  3.30917324e-09  4.59789167e-01  4.59789167e-01  3.48093695e-09  4.59789167e-01  4.59789167e-01  4.59789167e-01  1.62020523e-07  1.86170251e-07  2.90000000e-01 
 3.00000000e-01  3.30917324e-09  4.59789165e-01  4.59789165e-01  3.48093700e-09  4.59789165e-01  4.59789165e-01  4.59789165e-01  1.62020521e-07  1.86170070e-07  3.00000000e-01 
 3.10000000e-01  3.30917324e-09  4.59789148e-01  4.59789148e-01  3.48093700e-09  4.59789148e-01  4.59789148e-01  4.59789148e-01  1.62020504e-07  1.86169736e-07  3.10000000e-01 
 3.20000000e-01  3.30917324e-09  4.59789162e-01  4.59789162e-01  3.48093700e-09  4.59789162e-01  4.59789162e-01  4.59789162e-01  1.62020532e-07  1.86169700e-07  3.20000000e-01 
 3.30000000e-01  3.30917324e-09  4.59789163e-01  4.59789163e-01  3.48093700e-09  4.59789163e-01  4.59789163e-01  4.59789163e-01  1.62020531e-07  1.86169476e-07  3.30000000e-01 
 3.40000000e-01  3.30917324e-09  4.59789153e-01  4.59789153e-01  3.48093700e-09  4.59789153e-01  4.59789153e-01  4.59789153e-01  1.62020516e-07  1.86169185e-07  3.40000000e-01 
 3.50000000e-01  3.30917324e-09  4.59789147e-01  4.59789147e-01  3.48093700e-09  4.59789147e-01  4.59789147e-01  4.59789147e-01  1.62020501e-07  1.86169071e-07  3.50000000e-01 
 3.60000000e-01  3.30917324e-09  4.59789156e-01  4.59789156e-01  3.48093700e-09  4.59789156e-01  4.59789156e-01  4.59789156e-01  1.62020508e-07  1.86169029e-07  3.60000000e-01 
 3.70000000e-01  3.30917324e-09  4.59789171e-01  4.59789171e-01  3.48093695e-09  4.59789171e-01  4.59789171e-01  4.59789171e-01  1.62020554e-07  1.86168826e-07  3.70000000e-01 
 3.80000000e-01  3.30917324e-09  4.59789207e-01  4.59789207e-01  3.48093701e-09  4.59789207e-01  4.59789207e-01  4.59789207e-01  1.62020588e-07  1.86168730e-07  3.80000000e-01 
 3.90000000e-01  3.30917324e-09  4.59789175e-01  4.59789175e-01  3.48093701e-09  4.59789175e-01  4.59789175e-01  4.59789175e-01  1.62020554e-07  1.86168371e-07  3.90000000e-01 
 4.00000000e-01  3.30917324e-09  4.59789152e-01  4.59789152e-01  3.48093700e-09  4.59789152e-01  4.59789152e-01  4.59789152e-01  1.62020513e-07  1.86168148e-07  4.00000000e-01 
 4.10000000e-01  3.30917324e-09  4.59789145e-01  4.59789145e-01  3.48093700e-09  4.59789145e-01  4.59789145e-01  4.59789145e-01  1.62020499e-07  1.86168084e-07  4.10000000e-01 
 4.20000000e-01  3.30917324e-09  4.59789169e-01  4.59789170e-01  3.48093700e-09  4.59789170e-01  4.59789170e-01  4.59789170e-01  1.62020546e-07  1.86168037e-07  4.20000000e-01 
 4.30000000e-01  3.30917330e-09  4.59789179e-01  4.59789179e-01  3.48093695e-09  4.59789179e-01  4.59789179e-01  4.59789179e-01  1.62020553e-07  1.86167810e-07  4.30000000e-01 
 4.40000000e-01  3.30917324e-09  4.59789176e-01  4.59789176e-01  3.48093701e-09  4.59789176e-01  4.59789176e-01  4.59789176e-01  1.62020532e-07  1.86167764e-07  4.40000000e-01 
 4.50000000e-01  3.30917324e-09  4.59789180e-01  4.59789180e-01  3.48093701e-09  4.59789180e-01  4.59789180e-01  4.59789180e-01  1.62020537e-07  1.86167625e-07  4.50000000e-01 
 4.60000000e-01  3.30917324e-09  4.59789162e-01  4.59789162e-01  3.48093700e-09  4.59789162e-01  4.59789162e-01  4.59789162e-01  1.62020518e-07  1.86167256e-07  4.60000000e-01 
 4.70000000e-01  3.30917324e-09  4.59789185e-01  4.59789185e-01  3.48093701e-09  4.59789185e-01  4.59789185e-01  4.59789185e-01  1.62020559e-07  1.86167085e-07  4.70000000e-01 
 4.80000000e-01  3.30917324e-09  4.59789174e-01  4.59789174e-01  3.48093701e-09  4.59789174e-01  4.59789174e-01  4.59789174e-01  1.62020538e-07  1.86167121e-07  4.80000000e-01 
 4.90000000e-01  3.30917324e-09  4.59789186e-01  4.59789186e-01  3.48093695e-09  4.59789186e-01  4.59789186e-01  4.59789186e-01  1.62020576e-07  1.86166947e-07  4.90000000e-01 
 5.00000000e-01  3.30917324e-09  4.59789189e-01  4.59789189e-01  3.48093695e-09  4.59789189e-01  4.59789189e-01  4.59789189e-01  1.62020573e-07  1.86166940e-07  5.00000000e-01 
 5.10000000e-01  3.30917324e-09  4.59789183e-01  4.59789183e-01  3.48093701e-09  4.59789183e-01  4.59789183e-01  4.59789183e-01  1.62020566e-07  1.86166755e-07  5.10000000e-01 
 5.20000000e-01  3.30917324e-09  4.59789157e-01  4.59789157e-01  3.48093700e-09  4.59789157e-01  4.59789157e-01  4.59789157e-01  1.62020517e-07  1.86166474e-07  5.20000000e-01 
 5.30000000e-01  3.30917324e-09  4.59789157e-01  4.59789157e-01  3.48093700e-09  4.59789157e-01  4.59789157e-01  4.59789157e-01  1.62020522e-07  1.86166371e-07  5.30000000e-01 
 5.40000000e-01  3.30917324e-09  4.59789168e-01  4.59789168e-01  3.48093700e-09  4.59789168e-01  4.59789168e-01  4.59789168e-01  1.62020533e-07  1.86166144e-07  5.40000000e-01 
 5.50000000e-01  3.30917324e-09  4.59789173e-01  4.59789173e-01  3.48093701e-09  4.59789173e-01  4.59789173e-01  4.59789173e-01  1.62020542e-07  1.86166062e-07  5.50000000e-01 
 5.60000000e-01  3.30917324e-09  4.59789176e-01  4.59789176e-01  3.48093701e-09  4.59789176e-01  4.59789176e-01  4.59789176e-01  1.62020550e-07  1.86165938e-07  5.60000000e-01 
 5.70000000e-01  3.30917324e-09  4.59789179e-01  4.59789179e-01  3.48093701e-09  4.59789179e-01  4.59789179e-01  4.59789179e-01  1.62020548e-07  1.86165689e-07  5.70000000e-01 
 5.80000000e-01  3.30917324e-09  4.59789166e-01  4.59789166e-01  3.48093700e-09  4.59789166e-01  4.59789166e-01  4.59789166e-01  1.62020539e-07  1.86165487e-07  5.80000000e-01 
 5.90000000e-01  3.30917324e-09  4.59789185e-01  4.59789185e-01  3.48093695e-09  4.59789185e-01  4.59789185e-01  4.59789185e-01  1.62020547e-07  1.86165472e-07  5.90000000e-01 
 6.00000000e-01  3.30917324e-09  4.59789168e-01  4.59789168e-01  3.48093700e-09  4.59789168e-01  4.59789168e-01  4.59789168e-01  1.62020539e-07  1.86165167e-07  6.00000000e-01 
 6.10000000e-01  3.30917324e-09  4.59789169e-01  4.59789169e-01  3.48093700e-09  4.59789169e-01  4.59789169e-01  4.59789169e-01  1.62020541e-07  1.86164961e-07  6.10000000e-01 
 6.20000000e-01  3.30917324e-09  4.59789151e-01  4.59789151e-01  3.48093700e-09  4.59789151e-01  4.59789151e-01  4.59789151e-01  1.62020512e-07  1.86164826e-07  6.20000000e-01 
 6.30000000e-01  3.30917324e-09  4.59789168e-01  4.59789168e-01  3.48093700e-09  4.59789168e-01  4.59789168e-01  4.59789168e-01  1.62020527e-07  1.86164705e-07  6.30000000e-01 
 6.40000000e-01  3.30917324e-09  4.59789177e-01  4.59789177e-01  3.48093701e-09  4.59789177e-01  4.59789177e-01  4.59789177e-01  1.62020551e-07  1.86164648e-07  6.40000000e-01 
 6.50000000e-01  3.30917324e-09  4.59789167e-01  4.59789167e-01  3.48093700e-09  4.59789168e-01  4.59789168e-01  4.59789167e-01  1.62020531e-07  1.86164449e-07  6.50000000e-01 
 6.60000000e-01  3.30917324e-09  4.59789168e-01  4.59789168e-01  3.48093700e-09  4.59789168e-01  4.59789168e-01  4.59789168e-01  1.62020536e-07  1.86164257e-07  6.60000000e-01 
 6.70000000e-01  3.30917329e-09  4.59789161e-01  4.59789161e-01  3.48093700e-09  4.59789161e-01  4.59789161e-01  4.59789161e-01  1.62020538e-07  1.86164009e-07  6.70000000e-01 
 6.80000000e-01  3.30917324e-09  4.59789170e-01  4.59789170e-01  3.48093700e-09  4.59789170e-01  4.59789170e-01  4.59789170e-01  1.62020534e-07  1.86163966e-07  6.80000000e-01 
 6.90000000e-01  3.30917324e-09  4.59789157e-01  4.59789157e-01  3.48093700e-09  4.59789157e-01  4.59789157e-01  4.59789157e-01  1.62020511e-07  1.86163781e-07  6.90000000e-01 
 7.00000000e-01  3.30917324e-09  4.59789186e-01  4.59789186e-01  3.48093701e-09  4.59789186e-01  4.59789186e-01  4.59789186e-01  1.62020546e-07  1.86163618e-07  7.00000000e-01 
 7.10000000e-01  3.30917324e-09  4.59789183e-01  4.59789183e-01  3.48093701e-09  4.59789183e-01  4.59789183e-01  4.59789183e-01  1.62020558e-07  1.86163476e-07  7.10000000e-01 
 7.20000000e-01  3.30917324e-09  4.59789181e-01  4.59789181e-01  3.48093701e-09  4.59789181e-01  4.59789181e-01  4.59789181e-01  1.62020567e-07  1.86163341e-07  7.20000000e-01 
 7.30000000e-01  3.30917324e-09  4.59789167e-01  4.59789167e-01  3.48093700e-09  4.59789167e-01  4.59789167e-01  4.59789167e-01  1.62020533e-07  1.86163206e-07  7.30000000e-01 
 7.40000000e-01  3.30917324e-09  4.59789177e-01  4.59789177e-01  3.48093701e-09  4.59789177e-01  4.59789177e-01  4.59789177e-01  1.62020543e-07  1.86163149e-07  7.40000000e-01 
 7.50000000e-01  3.30917324e-09  4.59789165e-01  4.59789165e-01  3.48093700e-09  4.59789165e-01  4.59789165e-01  4.59789165e-01  1.62020524e-07  1.86162858e-07  7.50000000e-01 
 7.60000000e-01  3.30917324e-09  4.59789154e-01  4.59789154e-01  3.48093700e-09  4.59789154e-01  4.59789154e-01  4.59789154e-01  1.62020514e-07  1.86162652e-07  7.60000000e-01 
 7.70000000e-01  3.30917324e-09  4.59789173e-01  4.59789174e-01  3.48093701e-09  4.59789174e-01  4.59789174e-01  4.59789174e-01  1.62020535e-07  1.86162502e-07  7.70000000e-01 
 7.80000000e-01  3.30917324e-09  4.59789157e-01  4.59789157e-01  3.48093700e-09  4.59789157e-01  4.59789157e-01  4.59789157e-01  1.62020520e-07  1.86162296e-07  7.80000000e-01 
 7.90000000e-01  3.30917324e-09  4.59789184e-01  4.59789184e-01  3.48093701e-09  4.59789185e-01  4.59789185e-01  4.59789184e-01  1.62020554e-07  1.86162247e-07  7.90000000e-01 
 8.00000000e-01  3.30917324e-09  4.59789163e-01  4.59789163e-01  3.48093700e-09  4.59789163e-01  4.59789163e-01  4.59789163e-01  1.62020525e-07  1.86162005e-07  8.00000000e-01 
 8.10000000e-01  3.30917324e-09  4.59789164e-01  4.59789164e-01  3.48093695e-09  4.59789164e-01  4.59789164e-01  4.59789164e-01  1.62020534e-07  1.86161927e-07  8.10000000e-01 
 8.20000000e-01  3.30917324e-09  4.59789151e-01  4.59789151e-01  3.48093700e-09  4.59789151e-01  4.59789151e-01  4.59789151e-01  1.62020513e-07  1.86161536e-07  8.20000000e-01 
 8.30000000e-01  3.30917324e-09  4.59789168e-01  4.59789168e-01  3.48093700e-09  4.59789168e-01  4.59789168e-01  4.59789168e-01  1.62020525e-07  1.86161500e-07  8.30000000e-01 
 8.40000000e-01  3.30917324e-09  4.59789174e-01  4.59789175e-01  3.48093701e-09  4.59789175e-01  4.59789175e-01  4.59789175e-01  1.62020546e-07  1.86161451e-07  8.40000000e-01 
 8.50000000e-01  3.30917324e-09  4.59789176e-01  4.59789176e-01  3.48093701e-09  4.59789176e-01  4.59789176e-01  4.59789176e-01  1.62020545e-07  1.86161309e-07  8.50000000e-01 
 8.60000000e-01  3.30917324e-09  4.59789181e-01  4.59789181e-01  3.48093701e-09  4.59789181e-01  4.59789181e-01  4.59789181e-01  1.62020556e-07  1.86161074e-07  8.60000000e-01 
 8.70000000e-01  3.30917324e-09  4.59789167e-01  4.59789167e-01  3.48093695e-09  4.59789168e-01  4.59789168e-01  4.59789167e-01  1.62020529e-07  1.86160811e-07  8.70000000e-01 
 8.80000000e-01  3.30917324e-09  4.59789141e-01  4.59789141e-01  3.48093695e-09  4.59789141e-01  4.59789141e-01  4.59789141e-01  1.62020495e-07  1.86160534e-07  8.80000000e-01 
 8.90000000e-01  3.30917324e-09  4.59789171e-01  4.59789171e-01  3.48093700e-09  4.59789171e-01  4.59789171e-01  4.59789171e-01  1.62020536e-07  1.86160534e-07  8.90000000e-01 
 9.00000000e-01  3.30917324e-09  4.59789155e-01  4.59789155e-01  3.48093700e-09  4.59789155e-01  4.59789155e-01  4.59789155e-01  1.62020536e-07  1.86160307e-07  9.00000000e-01 
 9.10000000e-01  3.30917324e-09  4.59789151e-01  4.59789151e-01  3.48093700e-09  4.59789151e-01  4.59789151e-01  4.59789151e-01  1.62020526e-07  1.86160094e-07  9.10000000e-01 
 9.20000000e-01  3.30917324e-09  4.59789160e-01  4.59789160e-01  3.48093700e-09  4.59789160e-01  4.59789160e-01  4.59789160e-01  1.62020506e-07  1.86159966e-07  9.20000000e-01 
 9.30000000e-01  3.30917324e-09  4.59789175e-01  4.59789175e-01  3.48093701e-09  4.59789175e-01  4.59789175e-01  4.59789175e-01  1.62020552e-07  1.86159873e-07  9.30000000e-01 
 9.40000000e-01  3.30917324e-09  4.59789164e-01  4.59789164e-01  3.48093700e-09  4.59789164e-01  4.59789164e-01  4.59789164e-01  1.62020545e-07  1.86159767e-07  9.40000000e-01 
 9.50000000e-01  3.30917324e-09  4.59789172e-01  4.59789172e-01  3.48093700e-09  4.59789172e-01  4.59789172e-01  4.59789172e-01  1.62020535e-07  1.86159482e-07  9.50000000e-01 
 9.60000000e-01  3.30917324e-09  4.59789173e-01  4.59789173e-01  3.48093695e-09  4.59789173e-01  4.59789173e-01  4.59789173e-01  1.62020545e-07  1.86159312e-07  9.60000000e-01 
 9.70000000e-01  3.30917324e-09  4.59789175e-01  4.59789175e-01  3.48093701e-09  4.59789175e-01  4.59789175e-01  4.59789175e-01  1.62020544e-07  1.86159092e-07  9.70000000e-01 
 9.80000000e-01  3.30917324e-09  4.59789165e-01  4.59789165e-01  3.48093700e-09  4.59789165e-01  4.59789165e-01  4.59789165e-01  1.62020532e-07  1.86158907e-07  9.80000000e-01 
 9.90000000e-01  3.30917324e-09  4.59789167e-01  4.59789167e-01  3.48093700e-09  4.59789167e-01  4.59789167e-01  4.59789167e-01  1.62020532e-07  1.86158680e-07  9.90000000e-01 
 1.00000000e+00  3.30917324e-09  4.59789163e-01  4.59789163e-01  3.48093700e-09  4.59789163e-01  4.59789163e-01  4.59789163e-01  1.62020533e-07  1.86158374e-07  1.00000000e+00 
 1.01000000e+00  3.30917324e-09  4.59789152e-01  4.59789152e-01  3.48093700e-09  4.59789152e-01  4.59789152e-01  4.59789152e-01  1.62020502e-07  1.86158310e-07  1.01000000e+00 
 1.02000000e+00  3.30917324e-09  4.59789153e-01  4.59789153e-01  3.48093700e-09  4.59789153e-01  4.59789153e-01  4.59789153e-01  1.62020499e-07  1.86158090e-07  1.02000000e+00 
 1.03000000e+00  3.30917324e-09  4.59789152e-01  4.59789152e-01  3.48093700e-09  4.59789152e-01  4.59789152e-01  4.59789152e-01  1.62020504e-07  1.86157841e-07  1.03000000e+00 
 1.04000000e+00  3.30917324e-09  4.59789152e-01  4.59789152e-01  3.48093695e-09  4.59789152e-01  4.59789152e-01  4.59789152e-01  1.62020512e-07  1.86157727e-07  1.04000000e+00 
 1.05000000e+00  3.30917324e-09  4.59789163e-01  4.59789163e-01  3.48093700e-09  4.59789163e-01  4.59789163e-01  4.59789163e-01  1.62020525e-07  1.86157493e-07  1.05000000e+00 
 1.06000000e+00  3.30917324e-09  4.59789163e-01  4.59789163e-01  3.48093700e-09  4.59789163e-01  4.59789163e-01  4.59789163e-01  1.62020521e-07  1.86157386e-07  1.06000000e+00 
 1.07000000e+00  3.30917324e-09  4.59789155e-01  4.59789155e-01  3.48093700e-09  4.59789155e-01  4.59789155e-01  4.59789155e-01  1.62020512e-07  1.86157003e-07  1.07000000e+00 
 1.08000000e+00  3.30917324e-09  4.59789174e-01  4.59789174e-01  3.48093701e-09  4.59789174e-01  4.59789174e-01  4.59789174e-01  1.62020541e-07  1.86156960e-07  1.08000000e+00 
 1.09000000e+00  3.30917324e-09  4.59789177e-01  4.59789177e-01  3.48093701e-09  4.59789177e-01  4.59789177e-01  4.59789177e-01  1.62020549e-07  1.86156811e-07  1.09000000e+00 
 1.10000000e+00  3.30917324e-09  4.59789169e-01  4.59789169e-01  3.48093700e-09  4.59789169e-01  4.59789169e-01  4.59789169e-01  1.62020529e-07  1.86156527e-07  1.10000000e+00 
 1.11000000e+00  3.30917324e-09  4.59789157e-01  4.59789157e-01  3.48093700e-09  4.59789157e-01  4.59789157e-01  4.59789157e-01  1.62020531e-07  1.86156171e-07  1.11000000e+00 
 1.12000000e+00  3.30917324e-09  4.59789183e-01  4.59789183e-01  3.48093701e-09  4.59789183e-01  4.59789183e-01  4.59789183e-01  1.62020546e-07  1.86156129e-07  1.12000000e+00 
 1.13000000e+00  3.30917324e-09  4.59789152e-01  4.59789152e-01  3.48093695e-09  4.59789152e-01  4.59789152e-01  4.59789152e-01  1.62020518e-07  1.86155695e-07  1.13000000e+00 
 1.14000000e+00  3.30917324e-09  4.59789161e-01  4.59789161e-01  3.48093695e-09  4.59789161e-01  4.59789161e-01  4.59789161e-01  1.62020528e-07  1.86155532e-07  1.14000000e+00 
 1.15000000e+00  3.30917324e-09  4.59789164e-01  4.59789164e-01  3.48093700e-09  4.59789164e-01  4.59789164e-01  4.59789164e-01  1.62020540e-07  1.86155376e-07  1.15000000e+00 
 1.16000000e+00  3.30917324e-09  4.59789163e-01  4.59789163e-01  3.48093700e-09  4.59789163e-01  4.59789163e-01  4.59789163e-01  1.62020516e-07  1.86155020e-07  1.16000000e+00 
 1.17000000e+00  3.30917330e-09  4.59789183e-01  4.59789183e-01  3.48093701e-09  4.59789183e-01  4.59789183e-01  4.59789183e-01  1.62020554e-07  1.86154992e-07  1.17000000e+00 
 1.18000000e+00  3.30917324e-09  4.59789184e-01  4.59789184e-01  3.48093695e-09  4.59789184e-01  4.59789184e-01  4.59789184e-01  1.62020566e-07  1.86154693e-07  1.18000000e+00 
 1.19000000e+00  3.30917324e-09  4.59789185e-01  4.59789185e-01  3.48093701e-09  4.59789185e-01  4.59789185e-01  4.59789185e-01  1.62020556e-07  1.86154438e-07  1.19000000e+00 
 1.20000000e+00  3.30917324e-09  4.59789171e-01  4.59789171e-01  3.48093700e-09  4.59789171e-01  4.59789171e-01  4.59789171e-01  1.62020532e-07  1.86154182e-07  1.20000000e+00 
 1.21000000e+00  3.30917324e-09  4.59789169e-01  4.59789169e-01  3.48093700e-09  4.59789169e-01  4.59789169e-01  4.59789169e-01  1.62020532e-07  1.86153827e-07  1.21000000e+00 
 1.22000000e+00  3.30917324e-09  4.59789171e-01  4.59789171e-01  3.48093700e-09  4.59789172e-01  4.59789172e-01  4.59789172e-01  1.62020544e-07  1.86153670e-07  1.22000000e+00 
 1.23000000e+00  3.30917324e-09  4.59789166e-01  4.59789166e-01  3.48093700e-09  4.59789166e-01  4.59789166e-01  4.59789166e-01  1.62020535e-07  1.86153187e-07  1.23000000e+00 
 1.24000000e+00  3.30917324e-09  4.59789164e-01  4.59789164e-01  3.48093700e-09  4.59789164e-01  4.59789164e-01  4.59789164e-01  1.62020545e-07  1.86153002e-07  1.24000000e+00 
 1.25000000e+00  3.30917324e-09  4.59789175e-01  4.59789175e-01  3.48093701e-09  4.59789175e-01  4.59789175e-01  4.59789175e-01  1.62020543e-07  1.86152732e-07  1.25000000e+00 
 1.26000000e+00  3.30917324e-09  4.59789190e-01  4.59789190e-01  3.48093701e-09  4.59789190e-01  4.59789190e-01  4.59789190e-01  1.62020570e-07  1.86152562e-07  1.26000000e+00 
 1.27000000e+00  3.30917324e-09  4.59789188e-01  4.59789188e-01  3.48093701e-09  4.59789188e-01  4.59789188e-01  4.59789188e-01  1.62020573e-07  1.86152178e-07  1.27000000e+00 
 1.28000000e+00  3.30917324e-09  4.59789200e-01  4.59789200e-01  3.48093701e-09  4.59789200e-01  4.59789200e-01  4.59789200e-01  1.62020581e-07  1.86151965e-07  1.28000000e+00 
 1.29000000e+00  3.30917324e-09  4.59789177e-01  4.59789177e-01  3.48093701e-09  4.59789177e-01  4.59789177e-01  4.59789177e-01  1.62020559e-07  1.86151411e-07  1.29000000e+00 
 1.30000000e+00  3.30917324e-09  4.59789170e-01  4.59789170e-01  3.48093700e-09  4.59789170e-01  4.59789170e-01  4.59789170e-01  1.62020542e-07  1.86151055e-07  1.30000000e+00 
 1.31000000e+00  3.30917324e-09  4.59789174e-01  4.59789174e-01  3.48093695e-09  4.59789174e-01  4.59789174e-01  4.59789174e-01  1.62020548e-07  1.86150757e-07  1.31000000e+00 
 1.32000000e+00  3.30917324e-09  4.59789185e-01  4.59789185e-01  3.48093701e-09  4.59789185e-01  4.59789185e-01  4.59789185e-01  1.62020558e-07  1.86150345e-07  1.32000000e+00 
 1.33000000e+00  3.30917324e-09  4.59789191e-01  4.59789192e-01  3.48093701e-09  4.59789192e-01  4.59789192e-01  4.59789192e-01  1.62020578e-07  1.86150032e-07  1.33000000e+00 
 1.34000000e+00  3.30917330e-09  4.59789190e-01  4.59789190e-01  3.48093701e-09  4.59789190e-01  4.59789190e-01  4.59789190e-01  1.62020583e-07  1.86149563e-07  1.34000000e+00 
 1.35000000e+00  3.30917324e-09  4.59789192e-01  4.59789192e-01  3.48093701e-09  4.59789192e-01  4.59789192e-01  4.59789192e-01  1.62020560e-07  1.86149123e-07  1.35000000e+00 
 1.36000000e+00  3.30917324e-09  4.59789180e-01  4.59789180e-01  3.48093701e-09  4.59789180e-01  4.59789180e-01  4.59789180e-01  1.62020554e-07  1.86148611e-07  1.36000000e+00 
 1.37000000e+00  3.30917324e-09  4.59789174e-01  4.59789174e-01  3.48093701e-09  4.59789174e-01  4.59789174e-01  4.59789174e-01  1.62020545e-07  1.86147943e-07  1.37000000e+00 
 1.38000000e+00  3.30917324e-09  4.59789167e-01  4.59789167e-01  3.48093700e-09  4.59789167e-01  4.59789167e-01  4.59789167e-01  1.62020548e-07  1.86147361e-07  1.38000000e+00 
 1.39000000e+00  3.30917324e-09  4.59789151e-01  4.59789151e-01  3.48093700e-09  4.59789151e-01  4.59789151e-01  4.59789151e-01  1.62020504e-07  1.86146551e-07  1.39000000e+00 
 1.40000000e+00  3.30917324e-09  4.59789169e-01  4.59789169e-01  3.48093700e-09  4.59789169e-01  4.59789169e-01  4.59789169e-01  1.62020534e-07  1.86145968e-07  1.40000000e+00 
 1.41000000e+00  3.30917324e-09  4.59789198e-01  4.59789198e-01  3.48093701e-09  4.59789198e-01  4.59789198e-01  4.59789198e-01  1.62020581e-07  1.86145357e-07  1.41000000e+00 
 1.42000000e+00  3.30917324e-09  4.59789192e-01  4.59789192e-01  3.48093701e-09  4.59789192e-01  4.59789192e-01  4.59789192e-01  1.62020557e-07  1.86144419e-07  1.42000000e+00 
 1.43000000e+00  3.30917324e-09  4.59789179e-01  4.59789179e-01  3.48093701e-09  4.59789179e-01  4.59789179e-01  4.59789179e-01  1.62020550e-07  1.86143282e-07  1.43000000e+00 
 1.44000000e+00  3.30917324e-09  4.59789174e-01  4.59789174e-01  3.48093695e-09  4.59789174e-01  4.59789174e-01  4.59789174e-01  1.62020554e-07  1.86142074e-07  1.44000000e+00 
 1.45000000e+00  3.30917324e-09  4.59789160e-01  4.59789160e-01  3.48093700e-09  4.59789160e-01  4.59789160e-01  4.59789160e-01  1.62020534e-07  1.86140610e-07  1.45000000e+00 
 1.46000000e+00  3.30917324e-09  4.59789161e-01  4.59789161e-01  3.48093700e-09  4.59789161e-01  4.59789161e-01  4.59789161e-01  1.62020517e-07  1.86138891e-07  1.46000000e+00 
 1.47000000e+00  3.30917324e-09  4.59789176e-01  4.59789176e-01  3.48093701e-09  4.59789176e-01  4.59789176e-01  4.59789176e-01  1.62020562e-07  1.86136788e-07  1.47000000e+00 
 1.48000000e+00  3.30917324e-09  4.59789177e-01  4.59789177e-01  3.48093701e-09  4.59789177e-01  4.59789177e-01  4.59789177e-01  1.62020557e-07  1.86134073e-07  1.48000000e+00 
 1.49000000e+00  3.30917330e-09  4.59789178e-01  4.59789178e-01  3.48093701e-09  4.59789178e-01  4.59789178e-01  4.59789178e-01  1.62020556e-07  1.86130634e-07  1.49000000e+00 
 1.50000000e+00  3.30917324e-09  4.59789149e-01  4.59789149e-01  3.48093700e-09  4.59789149e-01  4.59789149e-01  4.59789149e-01  1.62020504e-07  1.86125703e-07  1.50000000e+00 
 1.51000000e+00  3.30917324e-09  4.59789188e-01  4.59789188e-01  3.48093701e-09  4.59789188e-01  4.59789188e-01  4.59789188e-01  1.62020571e-07  1.86119152e-07  1.51000000e+00 
 1.52000000e+00  3.30917324e-09  4.59789173e-01  4.59789173e-01  3.48093700e-09  4.59789173e-01  4.59789173e-01  4.59789173e-01  1.62020548e-07  1.86109503e-07  1.52000000e+00 
 1.53000000e+00  3.30917324e-09  4.59789176e-01  4.59789176e-01  3.48093701e-09  4.59789176e-01  4.59789176e-01  4.59789176e-01  1.62020540e-07  1.86094894e-07  1.53000000e+00 
 1.54000000e+00  3.30917324e-09  4.59789178e-01  4.59789178e-01  3.48093701e-09  4.59789178e-01  4.59789178e-01  4.59789178e-01  1.62020536e-07  1.86071361e-07  1.54000000e+00 
 1.55000000e+00  3.30917324e-09  4.59789159e-01  4.59789160e-01  3.48093700e-09  4.59789160e-01  4.59789160e-01  4.59789160e-01  1.62020524e-07  1.86031642e-07  1.55000000e+00 
 1.56000000e+00  3.30917324e-09  4.59789165e-01  4.59789165e-01  3.48093700e-09  4.59789165e-01  4.59789165e-01  4.59789165e-01  1.62020532e-07  1.85961397e-07  1.56000000e+00 
 1.57000000e+00  3.30917324e-09  4.59789175e-01  4.59789175e-01  3.48093701e-09  4.59789175e-01  4.59789175e-01  4.59789175e-01  1.62020547e-07  1.85831908e-07  1.57000000e+00 
 1.58000000e+00  3.30917330e-09  4.59789194e-01  4.59789194e-01  3.48093701e-09  4.59789194e-01  4.59789194e-01  4.59789194e-01  1.62020573e-07  1.85586146e-07  1.58000000e+00 
 1.59000000e+00  3.30917324e-09  4.59789186e-01  4.59789186e-01  3.48093701e-09  4.59789186e-01  4.59789186e-01  4.59789186e-01  1.62020558e-07  1.85112782e-07  1.59000000e+00 
 1.60000000e+00  3.30917324e-09  4.59789173e-01  4.59789173e-01  3.48093701e-09  4.59789173e-01  4.59789173e-01  4.59789173e-01  1.62020547e-07  1.84225343e-07  1.60000000e+00 
 1.61000000e+00  3.30917324e-09  4.59789166e-01  4.59789166e-01  3.48093700e-09  4.59789167e-01  4.59789167e-01  4.59789166e-01  1.62020544e-07  1.82214194e-07  1.61000000e+00 
 1.62000000e+00  3.30917324e-09  4.59789153e-01  4.59789153e-01  3.48093700e-09  4.59789153e-01  4.59789153e-01  4.59789153e-01  1.62020512e-07  1.56803324e-07  1.62000000e+00 
 1.63000000e+00  3.30917324e-09  4.59789165e-01  4.59789165e-01  3.48093700e-09  4.59789165e-01  4.59789165e-01  4.59789165e-01  1.62020544e-07  1.32083912e-07  1.63000000e+00 
 1.64000000e+00  3.30917324e-09  4.59789168e-01  4.59789168e-01  3.48093700e-09  4.59789168e-01  4.59789168e-01  4.59789168e-01  1.62020529e-07  1.09786271e-07  1.64000000e+00 
 1.65000000e+00  3.30917324e-09  4.59789162e-01  4.59789163e-01  3.48093700e-09  4.59789163e-01  4.59789163e-01  4.59789163e-01  1.62020518e-07  9.02126516e-08  1.65000000e+00 
 1.66000000e+00  3.30917324e-09  4.59789166e-01  4.59789166e-01  3.48093700e-09  4.59789166e-01  4.59789166e-01  4.59789166e-01  1.62020525e-07  7.34111296e-08  1.66000000e+00 
 1.67000000e+00  3.30917324e-09  4.59789165e-01  4.59789165e-01  3.48093700e-09  4.59789165e-01  4.59789165e-01  4.59789165e-01  1.62020534e-07  5.92111604e-08  1.67000000e+00 
 1.68000000e+00  3.30917324e-09  4.59789180e-01  4.59789180e-01  3.48093701e-09  4.59789180e-01  4.59789180e-01  4.59789180e-01  1.62020566e-07  4.73516621e-08  1.68000000e+00 
 1.69000000e+00  3.30917324e-09  4.59789172e-01  4.59789172e-01  3.48093700e-09  4.59789172e-01  4.59789172e-01  4.59789172e-01  1.62020545e-07  3.75295031e-08  1.69000000e+00 
 1.70000000e+00  3.30917324e-09  4.59789160e-01  4.59789160e-01  3.48093700e-09  4.59789160e-01  4.59789160e-01  4.59789160e-01  1.62020526e-07  2.94427309e-08  1.70000000e+00 
 1.71000000e+00  3.30917324e-09  4.59789160e-01  4.59789160e-01  3.48093700e-09  4.59789160e-01  4.59789160e-01  4.59789160e-01  1.62020525e-07  2.28119177e-08  1.71000000e+00 
 1.72000000e+00  3.30917324e-09  4.59789165e-01  4.59789165e-01  3.48093700e-09  4.59789165e-01  4.59789165e-01  4.59789165e-01  1.62020527e-07  1.73907893e-08  1.72000000e+00 
 1.73000000e+00  3.30917324e-09  4.59789175e-01  4.59789175e-01  3.48093701e-09  4.59789175e-01  4.59789175e-01  4.59789175e-01  1.62020552e-07  1.29640227e-08  1.73000000e+00 
 1.74000000e+00  3.30917324e-09  4.59789169e-01  4.59789170e-01  3.48093700e-09  4.59789170e-01  4.59789170e-01  4.59789170e-01  1.62020540e-07  9.34495858e-09  1.74000000e+00 
 1.75000000e+00  3.30917324e-09  4.59789166e-01  4.59789166e-01  3.48093700e-09  4.59789166e-01  4.59789166e-01  4.59789166e-01  1.62020531e-07  6.37189146e-09  1.75000000e+00 
 1.76000000e+00  3.30917324e-09  4.59789177e-01  4.59789177e-01  3.48093701e-09  4.59789177e-01  4.59789177e-01  4.59789177e-01  1.62020546e-07  3.90667765e-09  1.76000000e+00 
 1.77000000e+00  3.30917324e-09  4.59789178e-01  4.59789178e-01  3.48093701e-09  4.59789178e-01  4.59789178e-01  4.59789178e-01  1.62020545e-07  1.84036253e-09  1.77000000e+00 
 1.78000000e+00  3.30917324e-09  4.59789169e-01  4.59789169e-01  3.48093700e-09  4.59789170e-01  4.59789170e-01  4.59789169e-01  1.62020543e-07  1.07093001e-10  1.78000000e+00 
 1.79000000e+00  3.30917324e-09  4.59789155e-01  4.59789156e-01  3.48093700e-09  4.59789156e-01  4.59789156e-01  4.59789156e-01  1.62020505e-07 -1.31251454e-09  1.79000000e+00 
 1.80000000e+00  3.30917324e-09  4.59789150e-01  4.59789150e-01  3.48093700e-09  4.59789150e-01  4.59789150e-01  4.59789150e-01  1.62020502e-07 -2.41519160e-09  1.80000000e+00 
