 v-sweep         v(b0)           v(b1)           v(b2)           v(b3)           v(b4)           v(b5)           v(b6)           i(vbias)        i(viout)        v(vout)        
 0.00000000e+00  3.46089591e-09  4.58342951e-01  4.58342951e-01  4.58342951e-01  3.36316454e-09  4.58342951e-01  4.58342951e-01  1.61018017e-07  1.74063382e-07  0.00000000e+00 
 1.00000000e-02  3.46089589e-09  4.58342970e-01  4.58342970e-01  4.58342970e-01  3.36316457e-09  4.58342970e-01  4.58342970e-01  1.61018054e-07  1.74062988e-07  1.00000000e-02 
 2.00000000e-02  3.46089594e-09  4.58342964e-01  4.58342964e-01  4.58342964e-01  3.36316451e-09  4.58342964e-01  4.58342964e-01  1.61018045e-07  1.74062429e-07  2.00000000e-02 
 3.00000000e-02  3.46089593e-09  4.58342934e-01  4.58342934e-01  4.58342934e-01  3.36316451e-09  4.58342934e-01  4.58342934e-01  1.61018001e-07  1.74061853e-07  3.00000000e-02 
 4.00000000e-02  3.46089593e-09  4.58342923e-01  4.58342923e-01  4.58342923e-01  3.36316451e-09  4.58342923e-01  4.58342923e-01  1.61017991e-07  1.74061534e-07  4.00000000e-02 
 5.00000000e-02  3.46089588e-09  4.58342928e-01  4.58342928e-01  4.58342928e-01  3.36316451e-09  4.58342928e-01  4.58342928e-01  1.61017992e-07  1.74061106e-07  5.00000000e-02 
 6.00000000e-02  3.46089595e-09  4.58342960e-01  4.58342960e-01  4.58342960e-01  3.36316457e-09  4.58342960e-01  4.58342960e-01  1.61018043e-07  1.74060752e-07  6.00000000e-02 
 7.00000000e-02  3.46089593e-09  4.58342962e-01  4.58342962e-01  4.58342962e-01  3.36316451e-09  4.58342962e-01  4.58342962e-01  1.61018042e-07  1.74060507e-07  7.00000000e-02 
 8.00000000e-02  3.46089588e-09  4.58342990e-01  4.58342990e-01  4.58342990e-01  3.36316451e-09  4.58342990e-01  4.58342990e-01  1.61018082e-07  1.74060390e-07  8.00000000e-02 
 9.00000000e-02  3.46089589e-09  4.58342951e-01  4.58342951e-01  4.58342951e-01  3.36316451e-09  4.58342951e-01  4.58342951e-01  1.61018019e-07  1.74059744e-07  9.00000000e-02 
 1.00000000e-01  3.46089594e-09  4.58342942e-01  4.58342942e-01  4.58342942e-01  3.36316451e-09  4.58342942e-01  4.58342942e-01  1.61018003e-07  1.74059409e-07  1.00000000e-01 
 1.10000000e-01  3.46089593e-09  4.58342933e-01  4.58342933e-01  4.58342933e-01  3.36316451e-09  4.58342933e-01  4.58342933e-01  1.61018009e-07  1.74059014e-07  1.10000000e-01 
 1.20000000e-01  3.46089594e-09  4.58342946e-01  4.58342946e-01  4.58342946e-01  3.36316451e-09  4.58342946e-01  4.58342946e-01  1.61018015e-07  1.74058703e-07  1.20000000e-01 
 1.30000000e-01  3.46089594e-09  4.58342941e-01  4.58342941e-01  4.58342941e-01  3.36316451e-09  4.58342941e-01  4.58342941e-01  1.61018004e-07  1.74058451e-07  1.30000000e-01 
 1.40000000e-01  3.46089594e-09  4.58342963e-01  4.58342963e-01  4.58342963e-01  3.36316451e-09  4.58342963e-01  4.58342963e-01  1.61018042e-07  1.74058279e-07  1.40000000e-01 
 1.50000000e-01  3.46089588e-09  4.58342973e-01  4.58342973e-01  4.58342973e-01  3.36316457e-09  4.58342973e-01  4.58342973e-01  1.61018047e-07  1.74058115e-07  1.50000000e-01 
 1.60000000e-01  3.46089595e-09  4.58342968e-01  4.58342968e-01  4.58342968e-01  3.36316457e-09  4.58342968e-01  4.58342968e-01  1.61018051e-07  1.74057700e-07  1.60000000e-01 
 1.70000000e-01  3.46089593e-09  4.58342945e-01  4.58342945e-01  4.58342945e-01  3.36316451e-09  4.58342945e-01  4.58342945e-01  1.61018016e-07  1.74057440e-07  1.70000000e-01 
 1.80000000e-01  3.46089594e-09  4.58342959e-01  4.58342958e-01  4.58342959e-01  3.36316451e-09  4.58342959e-01  4.58342959e-01  1.61018043e-07  1.74057247e-07  1.80000000e-01 
 1.90000000e-01  3.46089594e-09  4.58342956e-01  4.58342956e-01  4.58342956e-01  3.36316451e-09  4.58342956e-01  4.58342956e-01  1.61018033e-07  1.74056911e-07  1.90000000e-01 
 2.00000000e-01  3.46089594e-09  4.58342966e-01  4.58342966e-01  4.58342966e-01  3.36316457e-09  4.58342966e-01  4.58342966e-01  1.61018045e-07  1.74056776e-07  2.00000000e-01 
 2.10000000e-01  3.46089588e-09  4.58342962e-01  4.58342962e-01  4.58342963e-01  3.36316451e-09  4.58342963e-01  4.58342963e-01  1.61018042e-07  1.74056471e-07  2.10000000e-01 
 2.20000000e-01  3.46089589e-09  4.58342936e-01  4.58342936e-01  4.58342936e-01  3.36316451e-09  4.58342936e-01  4.58342936e-01  1.61018008e-07  1.74056227e-07  2.20000000e-01 
 2.30000000e-01  3.46089594e-09  4.58342962e-01  4.58342962e-01  4.58342962e-01  3.36316457e-09  4.58342962e-01  4.58342962e-01  1.61018038e-07  1.74056169e-07  2.30000000e-01 
 2.40000000e-01  3.46089593e-09  4.58342957e-01  4.58342957e-01  4.58342957e-01  3.36316457e-09  4.58342957e-01  4.58342957e-01  1.61018025e-07  1.74055870e-07  2.40000000e-01 
 2.50000000e-01  3.46089594e-09  4.58342957e-01  4.58342957e-01  4.58342958e-01  3.36316451e-09  4.58342958e-01  4.58342958e-01  1.61018025e-07  1.74055645e-07  2.50000000e-01 
 2.60000000e-01  3.46089594e-09  4.58342962e-01  4.58342962e-01  4.58342962e-01  3.36316457e-09  4.58342962e-01  4.58342962e-01  1.61018037e-07  1.74055609e-07  2.60000000e-01 
 2.70000000e-01  3.46089594e-09  4.58342961e-01  4.58342961e-01  4.58342961e-01  3.36316451e-09  4.58342961e-01  4.58342961e-01  1.61018035e-07  1.74055387e-07  2.70000000e-01 
 2.80000000e-01  3.46089594e-09  4.58342981e-01  4.58342981e-01  4.58342981e-01  3.36316451e-09  4.58342981e-01  4.58342981e-01  1.61018062e-07  1.74055252e-07  2.80000000e-01 
 2.90000000e-01  3.46089588e-09  4.58342962e-01  4.58342962e-01  4.58342962e-01  3.36316451e-09  4.58342962e-01  4.58342962e-01  1.61018045e-07  1.74054957e-07  2.90000000e-01 
 3.00000000e-01  3.46089595e-09  4.58342974e-01  4.58342974e-01  4.58342974e-01  3.36316451e-09  4.58342974e-01  4.58342974e-01  1.61018051e-07  1.74054772e-07  3.00000000e-01 
 3.10000000e-01  3.46089593e-09  4.58342958e-01  4.58342958e-01  4.58342958e-01  3.36316451e-09  4.58342958e-01  4.58342958e-01  1.61018027e-07  1.74054556e-07  3.10000000e-01 
 3.20000000e-01  3.46089594e-09  4.58342937e-01  4.58342937e-01  4.58342937e-01  3.36316456e-09  4.58342937e-01  4.58342937e-01  1.61018010e-07  1.74054275e-07  3.20000000e-01 
 3.30000000e-01  3.46089593e-09  4.58342924e-01  4.58342924e-01  4.58342924e-01  3.36316451e-09  4.58342924e-01  4.58342924e-01  1.61017993e-07  1.74054055e-07  3.30000000e-01 
 3.40000000e-01  3.46089594e-09  4.58342942e-01  4.58342942e-01  4.58342942e-01  3.36316451e-09  4.58342942e-01  4.58342942e-01  1.61018023e-07  1.74054016e-07  3.40000000e-01 
 3.50000000e-01  3.46089588e-09  4.58342955e-01  4.58342955e-01  4.58342955e-01  3.36316451e-09  4.58342955e-01  4.58342955e-01  1.61018027e-07  1.74053966e-07  3.50000000e-01 
 3.60000000e-01  3.46089595e-09  4.58342958e-01  4.58342958e-01  4.58342958e-01  3.36316451e-09  4.58342958e-01  4.58342958e-01  1.61018029e-07  1.74053707e-07  3.60000000e-01 
 3.70000000e-01  3.46089593e-09  4.58342975e-01  4.58342975e-01  4.58342975e-01  3.36316451e-09  4.58342975e-01  4.58342975e-01  1.61018061e-07  1.74053813e-07  3.70000000e-01 
 3.80000000e-01  3.46089594e-09  4.58342941e-01  4.58342941e-01  4.58342941e-01  3.36316451e-09  4.58342941e-01  4.58342941e-01  1.61018009e-07  1.74053383e-07  3.80000000e-01 
 3.90000000e-01  3.46089593e-09  4.58342933e-01  4.58342933e-01  4.58342933e-01  3.36316451e-09  4.58342933e-01  4.58342933e-01  1.61018000e-07  1.74053131e-07  3.90000000e-01 
 4.00000000e-01  3.46089594e-09  4.58342959e-01  4.58342959e-01  4.58342959e-01  3.36316451e-09  4.58342959e-01  4.58342959e-01  1.61018026e-07  1.74053163e-07  4.00000000e-01 
 4.10000000e-01  3.46089594e-09  4.58342959e-01  4.58342959e-01  4.58342959e-01  3.36316451e-09  4.58342959e-01  4.58342959e-01  1.61018031e-07  1.74052889e-07  4.10000000e-01 
 4.20000000e-01  3.46089593e-09  4.58342930e-01  4.58342930e-01  4.58342930e-01  3.36316451e-09  4.58342930e-01  4.58342930e-01  1.61018011e-07  1.74052730e-07  4.20000000e-01 
 4.30000000e-01  3.46089594e-09  4.58342981e-01  4.58342981e-01  4.58342981e-01  3.36316451e-09  4.58342981e-01  4.58342981e-01  1.61018084e-07  1.74052790e-07  4.30000000e-01 
 4.40000000e-01  3.46089588e-09  4.58342959e-01  4.58342959e-01  4.58342959e-01  3.36316451e-09  4.58342959e-01  4.58342959e-01  1.61018031e-07  1.74052559e-07  4.40000000e-01 
 4.50000000e-01  3.46089589e-09  4.58342966e-01  4.58342965e-01  4.58342966e-01  3.36316451e-09  4.58342966e-01  4.58342966e-01  1.61018045e-07  1.74052513e-07  4.50000000e-01 
 4.60000000e-01  3.46089594e-09  4.58342961e-01  4.58342961e-01  4.58342961e-01  3.36316451e-09  4.58342961e-01  4.58342961e-01  1.61018036e-07  1.74052172e-07  4.60000000e-01 
 4.70000000e-01  3.46089593e-09  4.58342963e-01  4.58342963e-01  4.58342963e-01  3.36316451e-09  4.58342963e-01  4.58342963e-01  1.61018041e-07  1.74052058e-07  4.70000000e-01 
 4.80000000e-01  3.46089594e-09  4.58342961e-01  4.58342961e-01  4.58342961e-01  3.36316451e-09  4.58342962e-01  4.58342961e-01  1.61018043e-07  1.74051983e-07  4.80000000e-01 
 4.90000000e-01  3.46089594e-09  4.58342941e-01  4.58342941e-01  4.58342941e-01  3.36316451e-09  4.58342941e-01  4.58342941e-01  1.61018012e-07  1.74051785e-07  4.90000000e-01 
 5.00000000e-01  3.46089594e-09  4.58342961e-01  4.58342961e-01  4.58342961e-01  3.36316451e-09  4.58342961e-01  4.58342961e-01  1.61018037e-07  1.74051717e-07  5.00000000e-01 
 5.10000000e-01  3.46089588e-09  4.58342958e-01  4.58342958e-01  4.58342958e-01  3.36316457e-09  4.58342958e-01  4.58342958e-01  1.61018032e-07  1.74051596e-07  5.10000000e-01 
 5.20000000e-01  3.46089595e-09  4.58342950e-01  4.58342949e-01  4.58342950e-01  3.36316451e-09  4.58342950e-01  4.58342950e-01  1.61018028e-07  1.74051426e-07  5.20000000e-01 
 5.30000000e-01  3.46089593e-09  4.58342964e-01  4.58342964e-01  4.58342964e-01  3.36316451e-09  4.58342964e-01  4.58342964e-01  1.61018048e-07  1.74051380e-07  5.30000000e-01 
 5.40000000e-01  3.46089588e-09  4.58342962e-01  4.58342962e-01  4.58342962e-01  3.36316451e-09  4.58342962e-01  4.58342962e-01  1.61018040e-07  1.74051241e-07  5.40000000e-01 
 5.50000000e-01  3.46089595e-09  4.58342967e-01  4.58342967e-01  4.58342967e-01  3.36316451e-09  4.58342967e-01  4.58342967e-01  1.61018054e-07  1.74051124e-07  5.50000000e-01 
 5.60000000e-01  3.46089593e-09  4.58342964e-01  4.58342964e-01  4.58342964e-01  3.36316451e-09  4.58342964e-01  4.58342964e-01  1.61018049e-07  1.74051042e-07  5.60000000e-01 
 5.70000000e-01  3.46089594e-09  4.58342944e-01  4.58342944e-01  4.58342944e-01  3.36316451e-09  4.58342944e-01  4.58342944e-01  1.61018019e-07  1.74050626e-07  5.70000000e-01 
 5.80000000e-01  3.46089594e-09  4.58342954e-01  4.58342954e-01  4.58342954e-01  3.36316451e-09  4.58342954e-01  4.58342954e-01  1.61018032e-07  1.74050513e-07  5.80000000e-01 
 5.90000000e-01  3.46089594e-09  4.58342944e-01  4.58342944e-01  4.58342944e-01  3.36316451e-09  4.58342944e-01  4.58342944e-01  1.61018004e-07  1.74050356e-07  5.90000000e-01 
 6.00000000e-01  3.46089594e-09  4.58342944e-01  4.58342944e-01  4.58342944e-01  3.36316451e-09  4.58342944e-01  4.58342944e-01  1.61017999e-07  1.74050399e-07  6.00000000e-01 
 6.10000000e-01  3.46089594e-09  4.58342952e-01  4.58342952e-01  4.58342952e-01  3.36316451e-09  4.58342952e-01  4.58342952e-01  1.61018031e-07  1.74050228e-07  6.10000000e-01 
 6.20000000e-01  3.46089588e-09  4.58342964e-01  4.58342964e-01  4.58342964e-01  3.36316451e-09  4.58342964e-01  4.58342964e-01  1.61018034e-07  1.74050044e-07  6.20000000e-01 
 6.30000000e-01  3.46089589e-09  4.58342941e-01  4.58342941e-01  4.58342941e-01  3.36316451e-09  4.58342941e-01  4.58342941e-01  1.61018003e-07  1.74049866e-07  6.30000000e-01 
 6.40000000e-01  3.46089594e-09  4.58342931e-01  4.58342931e-01  4.58342932e-01  3.36316451e-09  4.58342932e-01  4.58342932e-01  1.61017994e-07  1.74049646e-07  6.40000000e-01 
 6.50000000e-01  3.46089593e-09  4.58342928e-01  4.58342928e-01  4.58342928e-01  3.36316456e-09  4.58342928e-01  4.58342928e-01  1.61017996e-07  1.74049518e-07  6.50000000e-01 
 6.60000000e-01  3.46089594e-09  4.58342971e-01  4.58342971e-01  4.58342971e-01  3.36316451e-09  4.58342971e-01  4.58342971e-01  1.61018058e-07  1.74049582e-07  6.60000000e-01 
 6.70000000e-01  3.46089594e-09  4.58342950e-01  4.58342950e-01  4.58342950e-01  3.36316451e-09  4.58342950e-01  4.58342950e-01  1.61018016e-07  1.74049326e-07  6.70000000e-01 
 6.80000000e-01  3.46089594e-09  4.58342946e-01  4.58342946e-01  4.58342946e-01  3.36316451e-09  4.58342946e-01  4.58342946e-01  1.61018011e-07  1.74049241e-07  6.80000000e-01 
 6.90000000e-01  3.46089594e-09  4.58342968e-01  4.58342968e-01  4.58342968e-01  3.36316451e-09  4.58342968e-01  4.58342968e-01  1.61018051e-07  1.74049184e-07  6.90000000e-01 
 7.00000000e-01  3.46089594e-09  4.58342952e-01  4.58342951e-01  4.58342952e-01  3.36316451e-09  4.58342952e-01  4.58342952e-01  1.61018030e-07  1.74048985e-07  7.00000000e-01 
 7.10000000e-01  3.46089594e-09  4.58342974e-01  4.58342974e-01  4.58342974e-01  3.36316451e-09  4.58342974e-01  4.58342974e-01  1.61018059e-07  1.74048878e-07  7.10000000e-01 
 7.20000000e-01  3.46089594e-09  4.58342977e-01  4.58342977e-01  4.58342977e-01  3.36316451e-09  4.58342977e-01  4.58342977e-01  1.61018053e-07  1.74048772e-07  7.20000000e-01 
 7.30000000e-01  3.46089594e-09  4.58342939e-01  4.58342939e-01  4.58342939e-01  3.36316451e-09  4.58342939e-01  4.58342939e-01  1.61018005e-07  1.74048445e-07  7.30000000e-01 
 7.40000000e-01  3.46089588e-09  4.58342962e-01  4.58342962e-01  4.58342962e-01  3.36316451e-09  4.58342962e-01  4.58342962e-01  1.61018043e-07  1.74048331e-07  7.40000000e-01 
 7.50000000e-01  3.46089589e-09  4.58342958e-01  4.58342958e-01  4.58342958e-01  3.36316457e-09  4.58342958e-01  4.58342958e-01  1.61018035e-07  1.74048196e-07  7.50000000e-01 
 7.60000000e-01  3.46089594e-09  4.58342953e-01  4.58342952e-01  4.58342953e-01  3.36316451e-09  4.58342953e-01  4.58342953e-01  1.61018013e-07  1.74048132e-07  7.60000000e-01 
 7.70000000e-01  3.46089593e-09  4.58342974e-01  4.58342973e-01  4.58342974e-01  3.36316457e-09  4.58342974e-01  4.58342974e-01  1.61018058e-07  1.74048040e-07  7.70000000e-01 
 7.80000000e-01  3.46089594e-09  4.58342989e-01  4.58342989e-01  4.58342989e-01  3.36316457e-09  4.58342989e-01  4.58342989e-01  1.61018080e-07  1.74048004e-07  7.80000000e-01 
 7.90000000e-01  3.46089594e-09  4.58342980e-01  4.58342980e-01  4.58342980e-01  3.36316451e-09  4.58342980e-01  4.58342980e-01  1.61018062e-07  1.74047749e-07  7.90000000e-01 
 8.00000000e-01  3.46089594e-09  4.58342965e-01  4.58342965e-01  4.58342965e-01  3.36316451e-09  4.58342965e-01  4.58342965e-01  1.61018049e-07  1.74047507e-07  8.00000000e-01 
 8.10000000e-01  3.46089588e-09  4.58342952e-01  4.58342952e-01  4.58342952e-01  3.36316451e-09  4.58342952e-01  4.58342952e-01  1.61018035e-07  1.74047308e-07  8.10000000e-01 
 8.20000000e-01  3.46089595e-09  4.58342988e-01  4.58342988e-01  4.58342989e-01  3.36316451e-09  4.58342989e-01  4.58342988e-01  1.61018082e-07  1.74047244e-07  8.20000000e-01 
 8.30000000e-01  3.46089593e-09  4.58342952e-01  4.58342952e-01  4.58342952e-01  3.36316451e-09  4.58342952e-01  4.58342952e-01  1.61018015e-07  1.74047017e-07  8.30000000e-01 
 8.40000000e-01  3.46089594e-09  4.58342952e-01  4.58342952e-01  4.58342953e-01  3.36316451e-09  4.58342953e-01  4.58342953e-01  1.61018034e-07  1.74046839e-07  8.40000000e-01 
 8.50000000e-01  3.46089593e-09  4.58342935e-01  4.58342935e-01  4.58342935e-01  3.36316451e-09  4.58342935e-01  4.58342935e-01  1.61017999e-07  1.74046669e-07  8.50000000e-01 
 8.60000000e-01  3.46089594e-09  4.58342943e-01  4.58342943e-01  4.58342943e-01  3.36316451e-09  4.58342943e-01  4.58342943e-01  1.61018019e-07  1.74046463e-07  8.60000000e-01 
 8.70000000e-01  3.46089594e-09  4.58342936e-01  4.58342936e-01  4.58342936e-01  3.36316451e-09  4.58342936e-01  4.58342936e-01  1.61018012e-07  1.74046328e-07  8.70000000e-01 
 8.80000000e-01  3.46089594e-09  4.58342972e-01  4.58342972e-01  4.58342972e-01  3.36316457e-09  4.58342972e-01  4.58342972e-01  1.61018056e-07  1.74046370e-07  8.80000000e-01 
 8.90000000e-01  3.46089594e-09  4.58342969e-01  4.58342969e-01  4.58342969e-01  3.36316451e-09  4.58342969e-01  4.58342969e-01  1.61018038e-07  1.74046164e-07  8.90000000e-01 
 9.00000000e-01  3.46089594e-09  4.58342951e-01  4.58342951e-01  4.58342951e-01  3.36316451e-09  4.58342951e-01  4.58342951e-01  1.61018027e-07  1.74045915e-07  9.00000000e-01 
 9.10000000e-01  3.46089594e-09  4.58342955e-01  4.58342955e-01  4.58342955e-01  3.36316451e-09  4.58342955e-01  4.58342955e-01  1.61018036e-07  1.74045788e-07  9.10000000e-01 
 9.20000000e-01  3.46089594e-09  4.58342957e-01  4.58342957e-01  4.58342957e-01  3.36316457e-09  4.58342958e-01  4.58342957e-01  1.61018055e-07  1.74045731e-07  9.20000000e-01 
 9.30000000e-01  3.46089594e-09  4.58342940e-01  4.58342940e-01  4.58342940e-01  3.36316451e-09  4.58342940e-01  4.58342940e-01  1.61018006e-07  1.74045418e-07  9.30000000e-01 
 9.40000000e-01  3.46089594e-09  4.58342958e-01  4.58342958e-01  4.58342958e-01  3.36316451e-09  4.58342958e-01  4.58342958e-01  1.61018030e-07  1.74045425e-07  9.40000000e-01 
 9.50000000e-01  3.46089594e-09  4.58342963e-01  4.58342963e-01  4.58342963e-01  3.36316451e-09  4.58342963e-01  4.58342963e-01  1.61018040e-07  1.74045205e-07  9.50000000e-01 
 9.60000000e-01  3.46089594e-09  4.58342972e-01  4.58342972e-01  4.58342972e-01  3.36316451e-09  4.58342972e-01  4.58342972e-01  1.61018052e-07  1.74044956e-07  9.60000000e-01 
 9.70000000e-01  3.46089594e-09  4.58342952e-01  4.58342952e-01  4.58342952e-01  3.36316457e-09  4.58342952e-01  4.58342952e-01  1.61018030e-07  1.74044850e-07  9.70000000e-01 
 9.80000000e-01  3.46089594e-09  4.58342958e-01  4.58342958e-01  4.58342958e-01  3.36316457e-09  4.58342958e-01  4.58342958e-01  1.61018030e-07  1.74044665e-07  9.80000000e-01 
 9.90000000e-01  3.46089594e-09  4.58342946e-01  4.58342946e-01  4.58342946e-01  3.36316451e-09  4.58342946e-01  4.58342946e-01  1.61018020e-07  1.74044509e-07  9.90000000e-01 
 1.00000000e+00  3.46089594e-09  4.58342941e-01  4.58342941e-01  4.58342942e-01  3.36316451e-09  4.58342942e-01  4.58342942e-01  1.61018008e-07  1.74044231e-07  1.00000000e+00 
 1.01000000e+00  3.46089594e-09  4.58342960e-01  4.58342960e-01  4.58342960e-01  3.36316451e-09  4.58342960e-01  4.58342960e-01  1.61018044e-07  1.74044189e-07  1.01000000e+00 
 1.02000000e+00  3.46089594e-09  4.58342965e-01  4.58342965e-01  4.58342965e-01  3.36316451e-09  4.58342965e-01  4.58342965e-01  1.61018049e-07  1.74044011e-07  1.02000000e+00 
 1.03000000e+00  3.46089594e-09  4.58342970e-01  4.58342970e-01  4.58342970e-01  3.36316451e-09  4.58342970e-01  4.58342970e-01  1.61018054e-07  1.74043855e-07  1.03000000e+00 
 1.04000000e+00  3.46089588e-09  4.58342959e-01  4.58342959e-01  4.58342959e-01  3.36316451e-09  4.58342959e-01  4.58342959e-01  1.61018039e-07  1.74043670e-07  1.04000000e+00 
 1.05000000e+00  3.46089595e-09  4.58342954e-01  4.58342954e-01  4.58342954e-01  3.36316451e-09  4.58342954e-01  4.58342954e-01  1.61018041e-07  1.74043421e-07  1.05000000e+00 
 1.06000000e+00  3.46089593e-09  4.58342929e-01  4.58342929e-01  4.58342929e-01  3.36316456e-09  4.58342929e-01  4.58342929e-01  1.61017994e-07  1.74043116e-07  1.06000000e+00 
 1.07000000e+00  3.46089588e-09  4.58342980e-01  4.58342980e-01  4.58342980e-01  3.36316457e-09  4.58342980e-01  4.58342980e-01  1.61018075e-07  1.74043230e-07  1.07000000e+00 
 1.08000000e+00  3.46089589e-09  4.58342956e-01  4.58342956e-01  4.58342956e-01  3.36316457e-09  4.58342956e-01  4.58342956e-01  1.61018012e-07  1.74042768e-07  1.08000000e+00 
 1.09000000e+00  3.46089594e-09  4.58342960e-01  4.58342960e-01  4.58342960e-01  3.36316451e-09  4.58342960e-01  4.58342960e-01  1.61018035e-07  1.74042690e-07  1.09000000e+00 
 1.10000000e+00  3.46089593e-09  4.58342954e-01  4.58342954e-01  4.58342954e-01  3.36316451e-09  4.58342954e-01  4.58342954e-01  1.61018040e-07  1.74042484e-07  1.10000000e+00 
 1.11000000e+00  3.46089594e-09  4.58342949e-01  4.58342949e-01  4.58342949e-01  3.36316451e-09  4.58342949e-01  4.58342949e-01  1.61018029e-07  1.74042242e-07  1.11000000e+00 
 1.12000000e+00  3.46089594e-09  4.58342964e-01  4.58342964e-01  4.58342964e-01  3.36316451e-09  4.58342964e-01  4.58342964e-01  1.61018041e-07  1.74042178e-07  1.12000000e+00 
 1.13000000e+00  3.46089594e-09  4.58342956e-01  4.58342956e-01  4.58342957e-01  3.36316451e-09  4.58342957e-01  4.58342957e-01  1.61018029e-07  1.74041851e-07  1.13000000e+00 
 1.14000000e+00  3.46089594e-09  4.58342963e-01  4.58342963e-01  4.58342963e-01  3.36316451e-09  4.58342963e-01  4.58342963e-01  1.61018042e-07  1.74041716e-07  1.14000000e+00 
 1.15000000e+00  3.46089594e-09  4.58342948e-01  4.58342948e-01  4.58342948e-01  3.36316451e-09  4.58342948e-01  4.58342948e-01  1.61018012e-07  1.74041588e-07  1.15000000e+00 
 1.16000000e+00  3.46089593e-09  4.58342931e-01  4.58342931e-01  4.58342931e-01  3.36316451e-09  4.58342931e-01  4.58342931e-01  1.61017996e-07  1.74041190e-07  1.16000000e+00 
 1.17000000e+00  3.46089594e-09  4.58342955e-01  4.58342955e-01  4.58342956e-01  3.36316451e-09  4.58342956e-01  4.58342956e-01  1.61018024e-07  1.74041233e-07  1.17000000e+00 
 1.18000000e+00  3.46089594e-09  4.58342974e-01  4.58342974e-01  4.58342974e-01  3.36316457e-09  4.58342974e-01  4.58342974e-01  1.61018060e-07  1.74040977e-07  1.18000000e+00 
 1.19000000e+00  3.46089594e-09  4.58342964e-01  4.58342964e-01  4.58342964e-01  3.36316451e-09  4.58342964e-01  4.58342964e-01  1.61018030e-07  1.74040650e-07  1.19000000e+00 
 1.20000000e+00  3.46089594e-09  4.58342941e-01  4.58342941e-01  4.58342941e-01  3.36316451e-09  4.58342941e-01  4.58342941e-01  1.61018003e-07  1.74040395e-07  1.20000000e+00 
 1.21000000e+00  3.46089594e-09  4.58342944e-01  4.58342944e-01  4.58342944e-01  3.36316451e-09  4.58342944e-01  4.58342944e-01  1.61018012e-07  1.74040053e-07  1.21000000e+00 
 1.22000000e+00  3.46089594e-09  4.58342973e-01  4.58342973e-01  4.58342973e-01  3.36316451e-09  4.58342973e-01  4.58342973e-01  1.61018049e-07  1.74039968e-07  1.22000000e+00 
 1.23000000e+00  3.46089594e-09  4.58342949e-01  4.58342949e-01  4.58342949e-01  3.36316451e-09  4.58342949e-01  4.58342949e-01  1.61018020e-07  1.74039712e-07  1.23000000e+00 
 1.24000000e+00  3.46089594e-09  4.58342938e-01  4.58342938e-01  4.58342938e-01  3.36316451e-09  4.58342938e-01  4.58342938e-01  1.61018001e-07  1.74039400e-07  1.24000000e+00 
 1.25000000e+00  3.46089594e-09  4.58342953e-01  4.58342953e-01  4.58342953e-01  3.36316451e-09  4.58342953e-01  4.58342953e-01  1.61018024e-07  1.74039215e-07  1.25000000e+00 
 1.26000000e+00  3.46089594e-09  4.58342952e-01  4.58342952e-01  4.58342952e-01  3.36316457e-09  4.58342952e-01  4.58342952e-01  1.61018028e-07  1.74039101e-07  1.26000000e+00 
 1.27000000e+00  3.46089594e-09  4.58342960e-01  4.58342960e-01  4.58342960e-01  3.36316451e-09  4.58342960e-01  4.58342960e-01  1.61018040e-07  1.74038533e-07  1.27000000e+00 
 1.28000000e+00  3.46089594e-09  4.58342941e-01  4.58342941e-01  4.58342941e-01  3.36316451e-09  4.58342941e-01  4.58342941e-01  1.61018011e-07  1.74038263e-07  1.28000000e+00 
 1.29000000e+00  3.46089593e-09  4.58342926e-01  4.58342925e-01  4.58342926e-01  3.36316456e-09  4.58342926e-01  4.58342926e-01  1.61017998e-07  1.74037851e-07  1.29000000e+00 
 1.30000000e+00  3.46089594e-09  4.58342972e-01  4.58342972e-01  4.58342972e-01  3.36316451e-09  4.58342972e-01  4.58342972e-01  1.61018062e-07  1.74037780e-07  1.30000000e+00 
 1.31000000e+00  3.46089594e-09  4.58342962e-01  4.58342962e-01  4.58342962e-01  3.36316451e-09  4.58342962e-01  4.58342962e-01  1.61018038e-07  1.74037510e-07  1.31000000e+00 
 1.32000000e+00  3.46089594e-09  4.58342961e-01  4.58342961e-01  4.58342961e-01  3.36316451e-09  4.58342961e-01  4.58342961e-01  1.61018028e-07  1.74037140e-07  1.32000000e+00 
 1.33000000e+00  3.46089594e-09  4.58342968e-01  4.58342968e-01  4.58342968e-01  3.36316451e-09  4.58342968e-01  4.58342968e-01  1.61018047e-07  1.74036757e-07  1.33000000e+00 
 1.34000000e+00  3.46089594e-09  4.58342966e-01  4.58342966e-01  4.58342966e-01  3.36316451e-09  4.58342966e-01  4.58342966e-01  1.61018050e-07  1.74036401e-07  1.34000000e+00 
 1.35000000e+00  3.46089594e-09  4.58342975e-01  4.58342975e-01  4.58342975e-01  3.36316457e-09  4.58342975e-01  4.58342975e-01  1.61018063e-07  1.74036103e-07  1.35000000e+00 
 1.36000000e+00  3.46089594e-09  4.58342963e-01  4.58342963e-01  4.58342963e-01  3.36316451e-09  4.58342963e-01  4.58342963e-01  1.61018046e-07  1.74035463e-07  1.36000000e+00 
 1.37000000e+00  3.46089593e-09  4.58342935e-01  4.58342935e-01  4.58342935e-01  3.36316451e-09  4.58342935e-01  4.58342935e-01  1.61018010e-07  1.74034938e-07  1.37000000e+00 
 1.38000000e+00  3.46089588e-09  4.58342968e-01  4.58342968e-01  4.58342968e-01  3.36316451e-09  4.58342968e-01  4.58342968e-01  1.61018052e-07  1.74034582e-07  1.38000000e+00 
 1.39000000e+00  3.46089595e-09  4.58342975e-01  4.58342974e-01  4.58342975e-01  3.36316457e-09  4.58342975e-01  4.58342975e-01  1.61018072e-07  1.74034113e-07  1.39000000e+00 
 1.40000000e+00  3.46089593e-09  4.58342970e-01  4.58342970e-01  4.58342970e-01  3.36316451e-09  4.58342970e-01  4.58342970e-01  1.61018046e-07  1.74033460e-07  1.40000000e+00 
 1.41000000e+00  3.46089594e-09  4.58342960e-01  4.58342960e-01  4.58342961e-01  3.36316451e-09  4.58342961e-01  4.58342960e-01  1.61018048e-07  1.74032721e-07  1.41000000e+00 
 1.42000000e+00  3.46089594e-09  4.58342953e-01  4.58342953e-01  4.58342953e-01  3.36316451e-09  4.58342953e-01  4.58342953e-01  1.61018027e-07  1.74031882e-07  1.42000000e+00 
 1.43000000e+00  3.46089594e-09  4.58342943e-01  4.58342943e-01  4.58342944e-01  3.36316451e-09  4.58342944e-01  4.58342944e-01  1.61018014e-07  1.74031030e-07  1.43000000e+00 
 1.44000000e+00  3.46089594e-09  4.58342951e-01  4.58342950e-01  4.58342951e-01  3.36316451e-09  4.58342951e-01  4.58342951e-01  1.61018021e-07  1.74029807e-07  1.44000000e+00 
 1.45000000e+00  3.46089594e-09  4.58342952e-01  4.58342952e-01  4.58342952e-01  3.36316451e-09  4.58342952e-01  4.58342952e-01  1.61018032e-07  1.74028742e-07  1.45000000e+00 
 1.46000000e+00  3.46089594e-09  4.58342936e-01  4.58342936e-01  4.58342936e-01  3.36316451e-09  4.58342936e-01  4.58342936e-01  1.61018004e-07  1.74027235e-07  1.46000000e+00 
 1.47000000e+00  3.46089588e-09  4.58342939e-01  4.58342939e-01  4.58342939e-01  3.36316451e-09  4.58342939e-01  4.58342939e-01  1.61018006e-07  1.74025317e-07  1.47000000e+00 
 1.48000000e+00  3.46089595e-09  4.58342986e-01  4.58342986e-01  4.58342986e-01  3.36316451e-09  4.58342986e-01  4.58342986e-01  1.61018080e-07  1.74023256e-07  1.48000000e+00 
 1.49000000e+00  3.46089587e-09  4.58342939e-01  4.58342939e-01  4.58342939e-01  3.36316451e-09  4.58342939e-01  4.58342939e-01  1.61017997e-07  1.74020116e-07  1.49000000e+00 
 1.50000000e+00  3.46089589e-09  4.58342953e-01  4.58342953e-01  4.58342953e-01  3.36316457e-09  4.58342953e-01  4.58342953e-01  1.61018022e-07  1.74016265e-07  1.50000000e+00 
 1.51000000e+00  3.46089594e-09  4.58342945e-01  4.58342945e-01  4.58342945e-01  3.36316451e-09  4.58342945e-01  4.58342945e-01  1.61018007e-07  1.74010566e-07  1.51000000e+00 
 1.52000000e+00  3.46089593e-09  4.58342971e-01  4.58342971e-01  4.58342971e-01  3.36316451e-09  4.58342971e-01  4.58342971e-01  1.61018050e-07  1.74002608e-07  1.52000000e+00 
 1.53000000e+00  3.46089594e-09  4.58342953e-01  4.58342953e-01  4.58342953e-01  3.36316451e-09  4.58342953e-01  4.58342953e-01  1.61018023e-07  1.73990372e-07  1.53000000e+00 
 1.54000000e+00  3.46089594e-09  4.58342969e-01  4.58342969e-01  4.58342969e-01  3.36316451e-09  4.58342969e-01  4.58342969e-01  1.61018048e-07  1.73970861e-07  1.54000000e+00 
 1.55000000e+00  3.46089594e-09  4.58342964e-01  4.58342964e-01  4.58342964e-01  3.36316451e-09  4.58342964e-01  4.58342964e-01  1.61018041e-07  1.73938020e-07  1.55000000e+00 
 1.56000000e+00  3.46089593e-09  4.58342928e-01  4.58342928e-01  4.58342928e-01  3.36316456e-09  4.58342928e-01  4.58342928e-01  1.61018002e-07  1.73879627e-07  1.56000000e+00 
 1.57000000e+00  3.46089594e-09  4.58342971e-01  4.58342971e-01  4.58342971e-01  3.36316457e-09  4.58342971e-01  4.58342971e-01  1.61018057e-07  1.73772165e-07  1.57000000e+00 
 1.58000000e+00  3.46089594e-09  4.58342976e-01  4.58342976e-01  4.58342976e-01  3.36316451e-09  4.58342976e-01  4.58342976e-01  1.61018052e-07  1.73566363e-07  1.58000000e+00 
 1.59000000e+00  3.46089594e-09  4.58342985e-01  4.58342985e-01  4.58342985e-01  3.36316451e-09  4.58342985e-01  4.58342985e-01  1.61018076e-07  1.73165361e-07  1.59000000e+00 
 1.60000000e+00  3.46089594e-09  4.58342946e-01  4.58342946e-01  4.58342946e-01  3.36316451e-09  4.58342946e-01  4.58342946e-01  1.61018015e-07  1.72401968e-07  1.60000000e+00 
 1.61000000e+00  3.46089594e-09  4.58342938e-01  4.58342938e-01  4.58342938e-01  3.36316456e-09  4.58342938e-01  4.58342938e-01  1.61018001e-07  1.70855131e-07  1.61000000e+00 
 1.62000000e+00  3.46089594e-09  4.58342945e-01  4.58342945e-01  4.58342945e-01  3.36316451e-09  4.58342945e-01  4.58342945e-01  1.61018022e-07  1.49030498e-07  1.62000000e+00 
 1.63000000e+00  3.46089594e-09  4.58342981e-01  4.58342981e-01  4.58342981e-01  3.36316451e-09  4.58342981e-01  4.58342981e-01  1.61018063e-07  1.25485840e-07  1.63000000e+00 
 1.64000000e+00  3.46089589e-09  4.58342974e-01  4.58342974e-01  4.58342974e-01  3.36316457e-09  4.58342974e-01  4.58342974e-01  1.61018058e-07  1.04268366e-07  1.64000000e+00 
 1.65000000e+00  3.46089595e-09  4.58342958e-01  4.58342958e-01  4.58342958e-01  3.36316457e-09  4.58342958e-01  4.58342958e-01  1.61018045e-07  8.56576463e-08  1.65000000e+00 
 1.66000000e+00  3.46089593e-09  4.58342959e-01  4.58342958e-01  4.58342959e-01  3.36316451e-09  4.58342959e-01  4.58342959e-01  1.61018048e-07  6.96916089e-08  1.66000000e+00 
 1.67000000e+00  3.46089588e-09  4.58342949e-01  4.58342949e-01  4.58342949e-01  3.36316451e-09  4.58342949e-01  4.58342949e-01  1.61018028e-07  5.62033904e-08  1.67000000e+00 
 1.68000000e+00  3.46089589e-09  4.58342941e-01  4.58342941e-01  4.58342942e-01  3.36316451e-09  4.58342942e-01  4.58342942e-01  1.61018004e-07  4.49401227e-08  1.68000000e+00 
 1.69000000e+00  3.46089594e-09  4.58342978e-01  4.58342978e-01  4.58342978e-01  3.36316451e-09  4.58342978e-01  4.58342978e-01  1.61018058e-07  3.56131125e-08  1.69000000e+00 
 1.70000000e+00  3.46089593e-09  4.58342968e-01  4.58342967e-01  4.58342968e-01  3.36316451e-09  4.58342968e-01  4.58342968e-01  1.61018039e-07  2.79355987e-08  1.70000000e+00 
 1.71000000e+00  3.46089594e-09  4.58342951e-01  4.58342951e-01  4.58342951e-01  3.36316457e-09  4.58342951e-01  4.58342951e-01  1.61018036e-07  2.16427765e-08  1.71000000e+00 
 1.72000000e+00  3.46089588e-09  4.58342948e-01  4.58342948e-01  4.58342948e-01  3.36316456e-09  4.58342948e-01  4.58342948e-01  1.61018022e-07  1.65004934e-08  1.72000000e+00 
 1.73000000e+00  3.46089589e-09  4.58342962e-01  4.58342962e-01  4.58342962e-01  3.36316451e-09  4.58342962e-01  4.58342962e-01  1.61018042e-07  1.23048096e-08  1.73000000e+00 
 1.74000000e+00  3.46089594e-09  4.58342950e-01  4.58342950e-01  4.58342950e-01  3.36316451e-09  4.58342950e-01  4.58342950e-01  1.61018023e-07  8.87872886e-09  1.74000000e+00 
 1.75000000e+00  3.46089593e-09  4.58342920e-01  4.58342920e-01  4.58342920e-01  3.36316451e-09  4.58342920e-01  4.58342920e-01  1.61017992e-07  6.06921446e-09  1.75000000e+00 
 1.76000000e+00  3.46089594e-09  4.58342955e-01  4.58342955e-01  4.58342955e-01  3.36316451e-09  4.58342955e-01  4.58342955e-01  1.61018026e-07  3.74444653e-09  1.76000000e+00 
 1.77000000e+00  3.46089594e-09  4.58342959e-01  4.58342959e-01  4.58342959e-01  3.36316451e-09  4.58342959e-01  4.58342959e-01  1.61018032e-07  1.80152426e-09  1.77000000e+00 
 1.78000000e+00  3.46089594e-09  4.58342951e-01  4.58342951e-01  4.58342951e-01  3.36316451e-09  4.58342951e-01  4.58342951e-01  1.61018026e-07  1.77138304e-10  1.78000000e+00 
 1.79000000e+00  3.46089594e-09  4.58342968e-01  4.58342968e-01  4.58342968e-01  3.36316451e-09  4.58342968e-01  4.58342968e-01  1.61018050e-07 -1.14822285e-09  1.79000000e+00 
 1.80000000e+00  3.46089594e-09  4.58342967e-01  4.58342967e-01  4.58342968e-01  3.36316451e-09  4.58342968e-01  4.58342968e-01  1.61018056e-07 -2.17342233e-09  1.80000000e+00 
