 v-sweep         v(b0)           v(b1)           v(b2)           v(b3)           v(b4)           v(b5)           v(b6)           i(vbias)        i(viout)        v(vout)        
 0.00000000e+00  3.30360369e-09  4.60702510e-01  4.60702510e-01  4.60702510e-01  4.60702510e-01  3.29078585e-09  3.18417296e-09  1.63673864e-07  4.75513146e-08  0.00000000e+00 
 1.00000000e-02  3.30360366e-09  4.60702508e-01  4.60702509e-01  4.60702508e-01  4.60702509e-01  3.29078588e-09  3.18417298e-09  1.63673877e-07  4.75508700e-08  1.00000000e-02 
 2.00000000e-02  3.30360372e-09  4.60702493e-01  4.60702494e-01  4.60702493e-01  4.60702494e-01  3.29078588e-09  3.18417298e-09  1.63673845e-07  4.75504265e-08  2.00000000e-02 
 3.00000000e-02  3.30360366e-09  4.60702491e-01  4.60702491e-01  4.60702491e-01  4.60702491e-01  3.29078582e-09  3.18417304e-09  1.63673845e-07  4.75501458e-08  3.00000000e-02 
 4.00000000e-02  3.30360366e-09  4.60702503e-01  4.60702503e-01  4.60702503e-01  4.60702503e-01  3.29078582e-09  3.18417304e-09  1.63673868e-07  4.75497965e-08  4.00000000e-02 
 5.00000000e-02  3.30360372e-09  4.60702500e-01  4.60702500e-01  4.60702500e-01  4.60702500e-01  3.29078582e-09  3.18417298e-09  1.63673857e-07  4.75495341e-08  5.00000000e-02 
 6.00000000e-02  3.30360372e-09  4.60702484e-01  4.60702484e-01  4.60702484e-01  4.60702484e-01  3.29078582e-09  3.18417298e-09  1.63673828e-07  4.75490731e-08  6.00000000e-02 
 7.00000000e-02  3.30360372e-09  4.60702510e-01  4.60702510e-01  4.60702510e-01  4.60702510e-01  3.29078588e-09  3.18417304e-09  1.63673868e-07  4.75488333e-08  7.00000000e-02 
 8.00000000e-02  3.30360366e-09  4.60702494e-01  4.60702494e-01  4.60702494e-01  4.60702494e-01  3.29078582e-09  3.18417304e-09  1.63673854e-07  4.75485562e-08  8.00000000e-02 
 9.00000000e-02  3.30360372e-09  4.60702487e-01  4.60702487e-01  4.60702487e-01  4.60702487e-01  3.29078588e-09  3.18417298e-09  1.63673843e-07  4.75481645e-08  9.00000000e-02 
 1.00000000e-01  3.30360372e-09  4.60702511e-01  4.60702511e-01  4.60702511e-01  4.60702511e-01  3.29078582e-09  3.18417298e-09  1.63673878e-07  4.75480082e-08  1.00000000e-01 
 1.10000000e-01  3.30360372e-09  4.60702491e-01  4.60702491e-01  4.60702491e-01  4.60702491e-01  3.29078582e-09  3.18417298e-09  1.63673863e-07  4.75477071e-08  1.10000000e-01 
 1.20000000e-01  3.30360372e-09  4.60702509e-01  4.60702509e-01  4.60702509e-01  4.60702509e-01  3.29078588e-09  3.18417304e-09  1.63673871e-07  4.75475623e-08  1.20000000e-01 
 1.30000000e-01  3.30360366e-09  4.60702509e-01  4.60702509e-01  4.60702509e-01  4.60702509e-01  3.29078582e-09  3.18417298e-09  1.63673865e-07  4.75472204e-08  1.30000000e-01 
 1.40000000e-01  3.30360372e-09  4.60702486e-01  4.60702486e-01  4.60702486e-01  4.60702486e-01  3.29078582e-09  3.18417304e-09  1.63673831e-07  4.75470276e-08  1.40000000e-01 
 1.50000000e-01  3.30360372e-09  4.60702490e-01  4.60702490e-01  4.60702490e-01  4.60702490e-01  3.29078588e-09  3.18417298e-09  1.63673855e-07  4.75468482e-08  1.50000000e-01 
 1.60000000e-01  3.30360366e-09  4.60702493e-01  4.60702493e-01  4.60702493e-01  4.60702493e-01  3.29078588e-09  3.18417298e-09  1.63673848e-07  4.75466795e-08  1.60000000e-01 
 1.70000000e-01  3.30360366e-09  4.60702507e-01  4.60702507e-01  4.60702507e-01  4.60702507e-01  3.29078588e-09  3.18417298e-09  1.63673872e-07  4.75465640e-08  1.70000000e-01 
 1.80000000e-01  3.30360372e-09  4.60702486e-01  4.60702486e-01  4.60702486e-01  4.60702486e-01  3.29078588e-09  3.18417298e-09  1.63673833e-07  4.75463366e-08  1.80000000e-01 
 1.90000000e-01  3.30360372e-09  4.60702486e-01  4.60702486e-01  4.60702486e-01  4.60702486e-01  3.29078588e-09  3.18417304e-09  1.63673843e-07  4.75461750e-08  1.90000000e-01 
 2.00000000e-01  3.30360372e-09  4.60702503e-01  4.60702503e-01  4.60702503e-01  4.60702503e-01  3.29078588e-09  3.18417298e-09  1.63673857e-07  4.75461199e-08  2.00000000e-01 
 2.10000000e-01  3.30360366e-09  4.60702487e-01  4.60702487e-01  4.60702487e-01  4.60702487e-01  3.29078588e-09  3.18417298e-09  1.63673845e-07  4.75457131e-08  2.10000000e-01 
 2.20000000e-01  3.30360372e-09  4.60702489e-01  4.60702489e-01  4.60702489e-01  4.60702489e-01  3.29078582e-09  3.18417298e-09  1.63673829e-07  4.75455977e-08  2.20000000e-01 
 2.30000000e-01  3.30360366e-09  4.60702506e-01  4.60702506e-01  4.60702506e-01  4.60702506e-01  3.29078588e-09  3.18417298e-09  1.63673870e-07  4.75455071e-08  2.30000000e-01 
 2.40000000e-01  3.30360372e-09  4.60702495e-01  4.60702495e-01  4.60702495e-01  4.60702495e-01  3.29078582e-09  3.18417298e-09  1.63673850e-07  4.75454556e-08  2.40000000e-01 
 2.50000000e-01  3.30360366e-09  4.60702493e-01  4.60702493e-01  4.60702493e-01  4.60702493e-01  3.29078588e-09  3.18417298e-09  1.63673848e-07  4.75451643e-08  2.50000000e-01 
 2.60000000e-01  3.30360366e-09  4.60702500e-01  4.60702500e-01  4.60702500e-01  4.60702500e-01  3.29078588e-09  3.18417298e-09  1.63673872e-07  4.75451358e-08  2.60000000e-01 
 2.70000000e-01  3.30360366e-09  4.60702508e-01  4.60702508e-01  4.60702508e-01  4.60702508e-01  3.29078582e-09  3.18417304e-09  1.63673871e-07  4.75450257e-08  2.70000000e-01 
 2.80000000e-01  3.30360372e-09  4.60702500e-01  4.60702500e-01  4.60702500e-01  4.60702500e-01  3.29078588e-09  3.18417298e-09  1.63673853e-07  4.75449013e-08  2.80000000e-01 
 2.90000000e-01  3.30360372e-09  4.60702527e-01  4.60702527e-01  4.60702527e-01  4.60702527e-01  3.29078582e-09  3.18417304e-09  1.63673901e-07  4.75448019e-08  2.90000000e-01 
 3.00000000e-01  3.30360366e-09  4.60702498e-01  4.60702498e-01  4.60702498e-01  4.60702498e-01  3.29078588e-09  3.18417298e-09  1.63673858e-07  4.75447663e-08  3.00000000e-01 
 3.10000000e-01  3.30360366e-09  4.60702500e-01  4.60702500e-01  4.60702500e-01  4.60702500e-01  3.29078582e-09  3.18417298e-09  1.63673860e-07  4.75445034e-08  3.10000000e-01 
 3.20000000e-01  3.30360372e-09  4.60702503e-01  4.60702503e-01  4.60702503e-01  4.60702503e-01  3.29078588e-09  3.18417298e-09  1.63673864e-07  4.75445212e-08  3.20000000e-01 
 3.30000000e-01  3.30360372e-09  4.60702516e-01  4.60702516e-01  4.60702516e-01  4.60702516e-01  3.29078588e-09  3.18417304e-09  1.63673882e-07  4.75444857e-08  3.30000000e-01 
 3.40000000e-01  3.30360372e-09  4.60702483e-01  4.60702483e-01  4.60702483e-01  4.60702483e-01  3.29078588e-09  3.18417304e-09  1.63673830e-07  4.75442903e-08  3.40000000e-01 
 3.50000000e-01  3.30360366e-09  4.60702513e-01  4.60702513e-01  4.60702513e-01  4.60702513e-01  3.29078582e-09  3.18417298e-09  1.63673893e-07  4.75442263e-08  3.50000000e-01 
 3.60000000e-01  3.30360372e-09  4.60702479e-01  4.60702480e-01  4.60702479e-01  4.60702480e-01  3.29078582e-09  3.18417298e-09  1.63673826e-07  4.75441055e-08  3.60000000e-01 
 3.70000000e-01  3.30360366e-09  4.60702526e-01  4.60702526e-01  4.60702526e-01  4.60702526e-01  3.29078582e-09  3.18417299e-09  1.63673905e-07  4.75440700e-08  3.70000000e-01 
 3.80000000e-01  3.30360366e-09  4.60702491e-01  4.60702491e-01  4.60702491e-01  4.60702491e-01  3.29078588e-09  3.18417298e-09  1.63673834e-07  4.75439919e-08  3.80000000e-01 
 3.90000000e-01  3.30360372e-09  4.60702500e-01  4.60702500e-01  4.60702500e-01  4.60702500e-01  3.29078588e-09  3.18417298e-09  1.63673856e-07  4.75438817e-08  3.90000000e-01 
 4.00000000e-01  3.30360372e-09  4.60702494e-01  4.60702494e-01  4.60702494e-01  4.60702494e-01  3.29078588e-09  3.18417298e-09  1.63673846e-07  4.75438569e-08  4.00000000e-01 
 4.10000000e-01  3.30360366e-09  4.60702500e-01  4.60702500e-01  4.60702500e-01  4.60702500e-01  3.29078588e-09  3.18417304e-09  1.63673872e-07  4.75436792e-08  4.10000000e-01 
 4.20000000e-01  3.30360372e-09  4.60702474e-01  4.60702475e-01  4.60702474e-01  4.60702475e-01  3.29078588e-09  3.18417298e-09  1.63673816e-07  4.75437574e-08  4.20000000e-01 
 4.30000000e-01  3.30360372e-09  4.60702498e-01  4.60702498e-01  4.60702498e-01  4.60702498e-01  3.29078588e-09  3.18417298e-09  1.63673840e-07  4.75434163e-08  4.30000000e-01 
 4.40000000e-01  3.30360366e-09  4.60702475e-01  4.60702475e-01  4.60702475e-01  4.60702475e-01  3.29078588e-09  3.18417298e-09  1.63673818e-07  4.75434661e-08  4.40000000e-01 
 4.50000000e-01  3.30360372e-09  4.60702491e-01  4.60702491e-01  4.60702491e-01  4.60702491e-01  3.29078588e-09  3.18417298e-09  1.63673839e-07  4.75434447e-08  4.50000000e-01 
 4.60000000e-01  3.30360366e-09  4.60702497e-01  4.60702498e-01  4.60702497e-01  4.60702498e-01  3.29078582e-09  3.18417298e-09  1.63673857e-07  4.75434341e-08  4.60000000e-01 
 4.70000000e-01  3.30360372e-09  4.60702501e-01  4.60702501e-01  4.60702501e-01  4.60702501e-01  3.29078588e-09  3.18417298e-09  1.63673863e-07  4.75432103e-08  4.70000000e-01 
 4.80000000e-01  3.30360366e-09  4.60702501e-01  4.60702501e-01  4.60702501e-01  4.60702501e-01  3.29078588e-09  3.18417298e-09  1.63673868e-07  4.75432600e-08  4.80000000e-01 
 4.90000000e-01  3.30360372e-09  4.60702508e-01  4.60702509e-01  4.60702508e-01  4.60702509e-01  3.29078588e-09  3.18417298e-09  1.63673876e-07  4.75431108e-08  4.90000000e-01 
 5.00000000e-01  3.30360372e-09  4.60702489e-01  4.60702489e-01  4.60702489e-01  4.60702489e-01  3.29078582e-09  3.18417304e-09  1.63673842e-07  4.75430681e-08  5.00000000e-01 
 5.10000000e-01  3.30360366e-09  4.60702502e-01  4.60702502e-01  4.60702502e-01  4.60702502e-01  3.29078588e-09  3.18417298e-09  1.63673871e-07  4.75430149e-08  5.10000000e-01 
 5.20000000e-01  3.30360372e-09  4.60702499e-01  4.60702499e-01  4.60702499e-01  4.60702499e-01  3.29078582e-09  3.18417304e-09  1.63673857e-07  4.75429403e-08  5.20000000e-01 
 5.30000000e-01  3.30360372e-09  4.60702502e-01  4.60702502e-01  4.60702502e-01  4.60702502e-01  3.29078588e-09  3.18417298e-09  1.63673857e-07  4.75428905e-08  5.30000000e-01 
 5.40000000e-01  3.30360372e-09  4.60702474e-01  4.60702474e-01  4.60702474e-01  4.60702474e-01  3.29078588e-09  3.18417298e-09  1.63673814e-07  4.75428585e-08  5.40000000e-01 
 5.50000000e-01  3.30360372e-09  4.60702509e-01  4.60702509e-01  4.60702509e-01  4.60702509e-01  3.29078582e-09  3.18417304e-09  1.63673878e-07  4.75427804e-08  5.50000000e-01 
 5.60000000e-01  3.30360366e-09  4.60702494e-01  4.60702494e-01  4.60702494e-01  4.60702494e-01  3.29078588e-09  3.18417304e-09  1.63673839e-07  4.75427093e-08  5.60000000e-01 
 5.70000000e-01  3.30360366e-09  4.60702493e-01  4.60702493e-01  4.60702493e-01  4.60702493e-01  3.29078588e-09  3.18417298e-09  1.63673856e-07  4.75427200e-08  5.70000000e-01 
 5.80000000e-01  3.30360366e-09  4.60702502e-01  4.60702502e-01  4.60702502e-01  4.60702502e-01  3.29078582e-09  3.18417298e-09  1.63673862e-07  4.75425495e-08  5.80000000e-01 
 5.90000000e-01  3.30360366e-09  4.60702494e-01  4.60702494e-01  4.60702494e-01  4.60702494e-01  3.29078588e-09  3.18417298e-09  1.63673842e-07  4.75425423e-08  5.90000000e-01 
 6.00000000e-01  3.30360372e-09  4.60702516e-01  4.60702516e-01  4.60702516e-01  4.60702516e-01  3.29078588e-09  3.18417298e-09  1.63673886e-07  4.75424287e-08  6.00000000e-01 
 6.10000000e-01  3.30360366e-09  4.60702502e-01  4.60702502e-01  4.60702502e-01  4.60702502e-01  3.29078582e-09  3.18417304e-09  1.63673855e-07  4.75422794e-08  6.10000000e-01 
 6.20000000e-01  3.30360372e-09  4.60702510e-01  4.60702510e-01  4.60702510e-01  4.60702510e-01  3.29078588e-09  3.18417298e-09  1.63673875e-07  4.75424287e-08  6.20000000e-01 
 6.30000000e-01  3.30360366e-09  4.60702510e-01  4.60702510e-01  4.60702510e-01  4.60702510e-01  3.29078588e-09  3.18417298e-09  1.63673878e-07  4.75422794e-08  6.30000000e-01 
 6.40000000e-01  3.30360366e-09  4.60702509e-01  4.60702509e-01  4.60702509e-01  4.60702509e-01  3.29078588e-09  3.18417298e-09  1.63673869e-07  4.75422226e-08  6.40000000e-01 
 6.50000000e-01  3.30360366e-09  4.60702497e-01  4.60702497e-01  4.60702497e-01  4.60702497e-01  3.29078588e-09  3.18417298e-09  1.63673840e-07  4.75421515e-08  6.50000000e-01 
 6.60000000e-01  3.30360372e-09  4.60702479e-01  4.60702479e-01  4.60702479e-01  4.60702479e-01  3.29078588e-09  3.18417298e-09  1.63673824e-07  4.75420521e-08  6.60000000e-01 
 6.70000000e-01  3.30360366e-09  4.60702509e-01  4.60702509e-01  4.60702509e-01  4.60702509e-01  3.29078588e-09  3.18417298e-09  1.63673862e-07  4.75420450e-08  6.70000000e-01 
 6.80000000e-01  3.30360372e-09  4.60702503e-01  4.60702503e-01  4.60702503e-01  4.60702503e-01  3.29078588e-09  3.18417304e-09  1.63673844e-07  4.75419313e-08  6.80000000e-01 
 6.90000000e-01  3.30360372e-09  4.60702507e-01  4.60702507e-01  4.60702507e-01  4.60702507e-01  3.29078588e-09  3.18417298e-09  1.63673879e-07  4.75419029e-08  6.90000000e-01 
 7.00000000e-01  3.30360372e-09  4.60702494e-01  4.60702494e-01  4.60702494e-01  4.60702494e-01  3.29078588e-09  3.18417298e-09  1.63673843e-07  4.75418531e-08  7.00000000e-01 
 7.10000000e-01  3.30360366e-09  4.60702483e-01  4.60702483e-01  4.60702483e-01  4.60702483e-01  3.29078582e-09  3.18417304e-09  1.63673847e-07  4.75418105e-08  7.10000000e-01 
 7.20000000e-01  3.30360366e-09  4.60702480e-01  4.60702480e-01  4.60702480e-01  4.60702480e-01  3.29078582e-09  3.18417304e-09  1.63673836e-07  4.75416897e-08  7.20000000e-01 
 7.30000000e-01  3.30360372e-09  4.60702510e-01  4.60702510e-01  4.60702510e-01  4.60702510e-01  3.29078588e-09  3.18417304e-09  1.63673861e-07  4.75417039e-08  7.30000000e-01 
 7.40000000e-01  3.30360372e-09  4.60702487e-01  4.60702487e-01  4.60702487e-01  4.60702487e-01  3.29078588e-09  3.18417298e-09  1.63673836e-07  4.75416755e-08  7.40000000e-01 
 7.50000000e-01  3.30360372e-09  4.60702499e-01  4.60702499e-01  4.60702499e-01  4.60702499e-01  3.29078588e-09  3.18417298e-09  1.63673857e-07  4.75415263e-08  7.50000000e-01 
 7.60000000e-01  3.30360366e-09  4.60702489e-01  4.60702489e-01  4.60702489e-01  4.60702489e-01  3.29078588e-09  3.18417298e-09  1.63673838e-07  4.75415405e-08  7.60000000e-01 
 7.70000000e-01  3.30360372e-09  4.60702493e-01  4.60702493e-01  4.60702493e-01  4.60702493e-01  3.29078582e-09  3.18417298e-09  1.63673839e-07  4.75414268e-08  7.70000000e-01 
 7.80000000e-01  3.30360372e-09  4.60702481e-01  4.60702481e-01  4.60702481e-01  4.60702481e-01  3.29078588e-09  3.18417298e-09  1.63673831e-07  4.75414055e-08  7.80000000e-01 
 7.90000000e-01  3.30360366e-09  4.60702505e-01  4.60702505e-01  4.60702505e-01  4.60702505e-01  3.29078588e-09  3.18417298e-09  1.63673866e-07  4.75412918e-08  7.90000000e-01 
 8.00000000e-01  3.30360366e-09  4.60702486e-01  4.60702486e-01  4.60702486e-01  4.60702486e-01  3.29078588e-09  3.18417298e-09  1.63673833e-07  4.75411639e-08  8.00000000e-01 
 8.10000000e-01  3.30360372e-09  4.60702493e-01  4.60702493e-01  4.60702493e-01  4.60702493e-01  3.29078588e-09  3.18417304e-09  1.63673848e-07  4.75411568e-08  8.10000000e-01 
 8.20000000e-01  3.30360372e-09  4.60702499e-01  4.60702499e-01  4.60702499e-01  4.60702499e-01  3.29078588e-09  3.18417298e-09  1.63673865e-07  4.75412065e-08  8.20000000e-01 
 8.30000000e-01  3.30360372e-09  4.60702502e-01  4.60702502e-01  4.60702502e-01  4.60702502e-01  3.29078588e-09  3.18417304e-09  1.63673860e-07  4.75411781e-08  8.30000000e-01 
 8.40000000e-01  3.30360372e-09  4.60702500e-01  4.60702500e-01  4.60702500e-01  4.60702500e-01  3.29078588e-09  3.18417298e-09  1.63673852e-07  4.75410715e-08  8.40000000e-01 
 8.50000000e-01  3.30360366e-09  4.60702500e-01  4.60702500e-01  4.60702500e-01  4.60702500e-01  3.29078582e-09  3.18417304e-09  1.63673852e-07  4.75409507e-08  8.50000000e-01 
 8.60000000e-01  3.30360366e-09  4.60702509e-01  4.60702509e-01  4.60702509e-01  4.60702509e-01  3.29078588e-09  3.18417298e-09  1.63673864e-07  4.75409223e-08  8.60000000e-01 
 8.70000000e-01  3.30360372e-09  4.60702498e-01  4.60702498e-01  4.60702498e-01  4.60702498e-01  3.29078588e-09  3.18417298e-09  1.63673851e-07  4.75408370e-08  8.70000000e-01 
 8.80000000e-01  3.30360366e-09  4.60702522e-01  4.60702522e-01  4.60702522e-01  4.60702522e-01  3.29078582e-09  3.18417304e-09  1.63673896e-07  4.75407305e-08  8.80000000e-01 
 8.90000000e-01  3.30360366e-09  4.60702504e-01  4.60702504e-01  4.60702503e-01  4.60702504e-01  3.29078582e-09  3.18417298e-09  1.63673854e-07  4.75406381e-08  8.90000000e-01 
 9.00000000e-01  3.30360366e-09  4.60702501e-01  4.60702501e-01  4.60702501e-01  4.60702501e-01  3.29078588e-09  3.18417298e-09  1.63673848e-07  4.75406807e-08  9.00000000e-01 
 9.10000000e-01  3.30360372e-09  4.60702524e-01  4.60702524e-01  4.60702524e-01  4.60702524e-01  3.29078588e-09  3.18417304e-09  1.63673880e-07  4.75405599e-08  9.10000000e-01 
 9.20000000e-01  3.30360372e-09  4.60702479e-01  4.60702479e-01  4.60702479e-01  4.60702479e-01  3.29078588e-09  3.18417298e-09  1.63673831e-07  4.75404462e-08  9.20000000e-01 
 9.30000000e-01  3.30360366e-09  4.60702503e-01  4.60702503e-01  4.60702503e-01  4.60702503e-01  3.29078582e-09  3.18417298e-09  1.63673855e-07  4.75405102e-08  9.30000000e-01 
 9.40000000e-01  3.30360366e-09  4.60702477e-01  4.60702477e-01  4.60702477e-01  4.60702477e-01  3.29078588e-09  3.18417298e-09  1.63673823e-07  4.75403681e-08  9.40000000e-01 
 9.50000000e-01  3.30360366e-09  4.60702503e-01  4.60702503e-01  4.60702503e-01  4.60702503e-01  3.29078588e-09  3.18417298e-09  1.63673868e-07  4.75402331e-08  9.50000000e-01 
 9.60000000e-01  3.30360372e-09  4.60702495e-01  4.60702495e-01  4.60702495e-01  4.60702495e-01  3.29078582e-09  3.18417298e-09  1.63673845e-07  4.75402970e-08  9.60000000e-01 
 9.70000000e-01  3.30360366e-09  4.60702518e-01  4.60702518e-01  4.60702518e-01  4.60702518e-01  3.29078582e-09  3.18417304e-09  1.63673893e-07  4.75401833e-08  9.70000000e-01 
 9.80000000e-01  3.30360372e-09  4.60702508e-01  4.60702508e-01  4.60702508e-01  4.60702508e-01  3.29078588e-09  3.18417298e-09  1.63673873e-07  4.75401620e-08  9.80000000e-01 
 9.90000000e-01  3.30360372e-09  4.60702507e-01  4.60702507e-01  4.60702507e-01  4.60702507e-01  3.29078588e-09  3.18417298e-09  1.63673865e-07  4.75401194e-08  9.90000000e-01 
 1.00000000e+00  3.30360366e-09  4.60702513e-01  4.60702514e-01  4.60702513e-01  4.60702514e-01  3.29078588e-09  3.18417298e-09  1.63673872e-07  4.75400981e-08  1.00000000e+00 
 1.01000000e+00  3.30360372e-09  4.60702495e-01  4.60702495e-01  4.60702495e-01  4.60702495e-01  3.29078588e-09  3.18417298e-09  1.63673857e-07  4.75399560e-08  1.01000000e+00 
 1.02000000e+00  3.30360372e-09  4.60702518e-01  4.60702518e-01  4.60702518e-01  4.60702518e-01  3.29078582e-09  3.18417298e-09  1.63673889e-07  4.75398352e-08  1.02000000e+00 
 1.03000000e+00  3.30360366e-09  4.60702490e-01  4.60702490e-01  4.60702490e-01  4.60702490e-01  3.29078588e-09  3.18417298e-09  1.63673837e-07  4.75398352e-08  1.03000000e+00 
 1.04000000e+00  3.30360366e-09  4.60702515e-01  4.60702515e-01  4.60702515e-01  4.60702515e-01  3.29078588e-09  3.18417298e-09  1.63673877e-07  4.75398778e-08  1.04000000e+00 
 1.05000000e+00  3.30360372e-09  4.60702509e-01  4.60702510e-01  4.60702509e-01  4.60702510e-01  3.29078588e-09  3.18417298e-09  1.63673869e-07  4.75397428e-08  1.05000000e+00 
 1.06000000e+00  3.30360372e-09  4.60702500e-01  4.60702500e-01  4.60702500e-01  4.60702500e-01  3.29078588e-09  3.18417298e-09  1.63673856e-07  4.75396646e-08  1.06000000e+00 
 1.07000000e+00  3.30360366e-09  4.60702502e-01  4.60702502e-01  4.60702502e-01  4.60702503e-01  3.29078582e-09  3.18417298e-09  1.63673858e-07  4.75395012e-08  1.07000000e+00 
 1.08000000e+00  3.30360366e-09  4.60702497e-01  4.60702497e-01  4.60702497e-01  4.60702497e-01  3.29078582e-09  3.18417304e-09  1.63673861e-07  4.75394657e-08  1.08000000e+00 
 1.09000000e+00  3.30360366e-09  4.60702507e-01  4.60702507e-01  4.60702507e-01  4.60702507e-01  3.29078588e-09  3.18417298e-09  1.63673865e-07  4.75395012e-08  1.09000000e+00 
 1.10000000e+00  3.30360366e-09  4.60702506e-01  4.60702506e-01  4.60702506e-01  4.60702506e-01  3.29078582e-09  3.18417298e-09  1.63673866e-07  4.75395154e-08  1.10000000e+00 
 1.11000000e+00  3.30360366e-09  4.60702511e-01  4.60702511e-01  4.60702511e-01  4.60702511e-01  3.29078582e-09  3.18417298e-09  1.63673868e-07  4.75393307e-08  1.11000000e+00 
 1.12000000e+00  3.30360372e-09  4.60702488e-01  4.60702488e-01  4.60702488e-01  4.60702488e-01  3.29078582e-09  3.18417298e-09  1.63673829e-07  4.75392454e-08  1.12000000e+00 
 1.13000000e+00  3.30360372e-09  4.60702497e-01  4.60702497e-01  4.60702497e-01  4.60702497e-01  3.29078582e-09  3.18417298e-09  1.63673858e-07  4.75392383e-08  1.13000000e+00 
 1.14000000e+00  3.30360372e-09  4.60702493e-01  4.60702493e-01  4.60702493e-01  4.60702493e-01  3.29078582e-09  3.18417298e-09  1.63673860e-07  4.75391957e-08  1.14000000e+00 
 1.15000000e+00  3.30360366e-09  4.60702503e-01  4.60702503e-01  4.60702503e-01  4.60702503e-01  3.29078582e-09  3.18417298e-09  1.63673860e-07  4.75390252e-08  1.15000000e+00 
 1.16000000e+00  3.30360366e-09  4.60702482e-01  4.60702482e-01  4.60702482e-01  4.60702483e-01  3.29078588e-09  3.18417304e-09  1.63673836e-07  4.75390749e-08  1.16000000e+00 
 1.17000000e+00  3.30360366e-09  4.60702510e-01  4.60702510e-01  4.60702510e-01  4.60702510e-01  3.29078588e-09  3.18417304e-09  1.63673886e-07  4.75389612e-08  1.17000000e+00 
 1.18000000e+00  3.30360372e-09  4.60702505e-01  4.60702505e-01  4.60702505e-01  4.60702506e-01  3.29078588e-09  3.18417298e-09  1.63673858e-07  4.75388049e-08  1.18000000e+00 
 1.19000000e+00  3.30360366e-09  4.60702503e-01  4.60702503e-01  4.60702503e-01  4.60702503e-01  3.29078588e-09  3.18417298e-09  1.63673872e-07  4.75386486e-08  1.19000000e+00 
 1.20000000e+00  3.30360372e-09  4.60702487e-01  4.60702487e-01  4.60702487e-01  4.60702487e-01  3.29078588e-09  3.18417298e-09  1.63673845e-07  4.75387765e-08  1.20000000e+00 
 1.21000000e+00  3.30360366e-09  4.60702498e-01  4.60702498e-01  4.60702498e-01  4.60702498e-01  3.29078582e-09  3.18417298e-09  1.63673860e-07  4.75384923e-08  1.21000000e+00 
 1.22000000e+00  3.30360372e-09  4.60702508e-01  4.60702508e-01  4.60702508e-01  4.60702508e-01  3.29078588e-09  3.18417298e-09  1.63673861e-07  4.75386770e-08  1.22000000e+00 
 1.23000000e+00  3.30360372e-09  4.60702498e-01  4.60702498e-01  4.60702498e-01  4.60702498e-01  3.29078582e-09  3.18417298e-09  1.63673846e-07  4.75384638e-08  1.23000000e+00 
 1.24000000e+00  3.30360366e-09  4.60702496e-01  4.60702496e-01  4.60702496e-01  4.60702496e-01  3.29078588e-09  3.18417298e-09  1.63673848e-07  4.75384496e-08  1.24000000e+00 
 1.25000000e+00  3.30360366e-09  4.60702504e-01  4.60702504e-01  4.60702504e-01  4.60702504e-01  3.29078588e-09  3.18417298e-09  1.63673867e-07  4.75383644e-08  1.25000000e+00 
 1.26000000e+00  3.30360372e-09  4.60702482e-01  4.60702483e-01  4.60702482e-01  4.60702483e-01  3.29078588e-09  3.18417298e-09  1.63673836e-07  4.75383075e-08  1.26000000e+00 
 1.27000000e+00  3.30360366e-09  4.60702485e-01  4.60702485e-01  4.60702485e-01  4.60702485e-01  3.29078588e-09  3.18417304e-09  1.63673828e-07  4.75382649e-08  1.27000000e+00 
 1.28000000e+00  3.30360372e-09  4.60702490e-01  4.60702490e-01  4.60702490e-01  4.60702491e-01  3.29078588e-09  3.18417298e-09  1.63673855e-07  4.75381228e-08  1.28000000e+00 
 1.29000000e+00  3.30360372e-09  4.60702504e-01  4.60702504e-01  4.60702504e-01  4.60702504e-01  3.29078588e-09  3.18417298e-09  1.63673866e-07  4.75380375e-08  1.29000000e+00 
 1.30000000e+00  3.30360372e-09  4.60702473e-01  4.60702473e-01  4.60702472e-01  4.60702473e-01  3.29078588e-09  3.18417298e-09  1.63673815e-07  4.75379096e-08  1.30000000e+00 
 1.31000000e+00  3.30360372e-09  4.60702485e-01  4.60702485e-01  4.60702485e-01  4.60702485e-01  3.29078582e-09  3.18417298e-09  1.63673825e-07  4.75378670e-08  1.31000000e+00 
 1.32000000e+00  3.30360372e-09  4.60702477e-01  4.60702477e-01  4.60702477e-01  4.60702477e-01  3.29078588e-09  3.18417298e-09  1.63673830e-07  4.75377817e-08  1.32000000e+00 
 1.33000000e+00  3.30360372e-09  4.60702500e-01  4.60702500e-01  4.60702500e-01  4.60702500e-01  3.29078588e-09  3.18417304e-09  1.63673858e-07  4.75377959e-08  1.33000000e+00 
 1.34000000e+00  3.30360372e-09  4.60702490e-01  4.60702490e-01  4.60702490e-01  4.60702490e-01  3.29078588e-09  3.18417298e-09  1.63673844e-07  4.75374975e-08  1.34000000e+00 
 1.35000000e+00  3.30360366e-09  4.60702506e-01  4.60702506e-01  4.60702506e-01  4.60702506e-01  3.29078588e-09  3.18417298e-09  1.63673866e-07  4.75375970e-08  1.35000000e+00 
 1.36000000e+00  3.30360366e-09  4.60702489e-01  4.60702489e-01  4.60702489e-01  4.60702489e-01  3.29078588e-09  3.18417298e-09  1.63673839e-07  4.75375117e-08  1.36000000e+00 
 1.37000000e+00  3.30360366e-09  4.60702508e-01  4.60702508e-01  4.60702508e-01  4.60702508e-01  3.29078582e-09  3.18417298e-09  1.63673863e-07  4.75374122e-08  1.37000000e+00 
 1.38000000e+00  3.30360366e-09  4.60702512e-01  4.60702512e-01  4.60702512e-01  4.60702512e-01  3.29078588e-09  3.18417298e-09  1.63673873e-07  4.75373128e-08  1.38000000e+00 
 1.39000000e+00  3.30360366e-09  4.60702504e-01  4.60702504e-01  4.60702504e-01  4.60702504e-01  3.29078588e-09  3.18417298e-09  1.63673867e-07  4.75372133e-08  1.39000000e+00 
 1.40000000e+00  3.30360366e-09  4.60702500e-01  4.60702500e-01  4.60702500e-01  4.60702500e-01  3.29078588e-09  3.18417298e-09  1.63673860e-07  4.75370427e-08  1.40000000e+00 
 1.41000000e+00  3.30360372e-09  4.60702522e-01  4.60702522e-01  4.60702522e-01  4.60702523e-01  3.29078582e-09  3.18417298e-09  1.63673893e-07  4.75371422e-08  1.41000000e+00 
 1.42000000e+00  3.30360372e-09  4.60702496e-01  4.60702496e-01  4.60702496e-01  4.60702496e-01  3.29078582e-09  3.18417298e-09  1.63673853e-07  4.75369291e-08  1.42000000e+00 
 1.43000000e+00  3.30360366e-09  4.60702494e-01  4.60702494e-01  4.60702494e-01  4.60702494e-01  3.29078582e-09  3.18417298e-09  1.63673854e-07  4.75368864e-08  1.43000000e+00 
 1.44000000e+00  3.30360366e-09  4.60702519e-01  4.60702519e-01  4.60702519e-01  4.60702519e-01  3.29078588e-09  3.18417304e-09  1.63673895e-07  4.75366448e-08  1.44000000e+00 
 1.45000000e+00  3.30360372e-09  4.60702507e-01  4.60702507e-01  4.60702507e-01  4.60702508e-01  3.29078582e-09  3.18417298e-09  1.63673858e-07  4.75365596e-08  1.45000000e+00 
 1.46000000e+00  3.30360372e-09  4.60702502e-01  4.60702502e-01  4.60702502e-01  4.60702502e-01  3.29078588e-09  3.18417298e-09  1.63673863e-07  4.75364743e-08  1.46000000e+00 
 1.47000000e+00  3.30360366e-09  4.60702492e-01  4.60702492e-01  4.60702492e-01  4.60702492e-01  3.29078588e-09  3.18417304e-09  1.63673850e-07  4.75361759e-08  1.47000000e+00 
 1.48000000e+00  3.30360372e-09  4.60702504e-01  4.60702504e-01  4.60702504e-01  4.60702504e-01  3.29078588e-09  3.18417298e-09  1.63673867e-07  4.75361617e-08  1.48000000e+00 
 1.49000000e+00  3.30360366e-09  4.60702510e-01  4.60702510e-01  4.60702510e-01  4.60702510e-01  3.29078588e-09  3.18417298e-09  1.63673877e-07  4.75360338e-08  1.49000000e+00 
 1.50000000e+00  3.30360366e-09  4.60702509e-01  4.60702509e-01  4.60702509e-01  4.60702509e-01  3.29078588e-09  3.18417298e-09  1.63673875e-07  4.75357211e-08  1.50000000e+00 
 1.51000000e+00  3.30360372e-09  4.60702493e-01  4.60702493e-01  4.60702493e-01  4.60702493e-01  3.29078582e-09  3.18417298e-09  1.63673846e-07  4.75355080e-08  1.51000000e+00 
 1.52000000e+00  3.30360366e-09  4.60702504e-01  4.60702504e-01  4.60702504e-01  4.60702504e-01  3.29078588e-09  3.18417298e-09  1.63673875e-07  4.75352095e-08  1.52000000e+00 
 1.53000000e+00  3.30360366e-09  4.60702512e-01  4.60702512e-01  4.60702512e-01  4.60702512e-01  3.29078582e-09  3.18417298e-09  1.63673876e-07  4.75348969e-08  1.53000000e+00 
 1.54000000e+00  3.30360372e-09  4.60702524e-01  4.60702524e-01  4.60702524e-01  4.60702524e-01  3.29078582e-09  3.18417298e-09  1.63673884e-07  4.75344990e-08  1.54000000e+00 
 1.55000000e+00  3.30360366e-09  4.60702482e-01  4.60702482e-01  4.60702482e-01  4.60702482e-01  3.29078588e-09  3.18417298e-09  1.63673839e-07  4.75340016e-08  1.55000000e+00 
 1.56000000e+00  3.30360366e-09  4.60702503e-01  4.60702503e-01  4.60702503e-01  4.60702503e-01  3.29078588e-09  3.18417298e-09  1.63673860e-07  4.75334190e-08  1.56000000e+00 
 1.57000000e+00  3.30360366e-09  4.60702484e-01  4.60702484e-01  4.60702484e-01  4.60702484e-01  3.29078588e-09  3.18417298e-09  1.63673827e-07  4.75326800e-08  1.57000000e+00 
 1.58000000e+00  3.30360366e-09  4.60702512e-01  4.60702512e-01  4.60702512e-01  4.60702512e-01  3.29078588e-09  3.18417298e-09  1.63673883e-07  4.75316995e-08  1.58000000e+00 
 1.59000000e+00  3.30360366e-09  4.60702520e-01  4.60702520e-01  4.60702520e-01  4.60702520e-01  3.29078588e-09  3.18417304e-09  1.63673887e-07  4.75299800e-08  1.59000000e+00 
 1.60000000e+00  3.30360366e-09  4.60702493e-01  4.60702493e-01  4.60702493e-01  4.60702493e-01  3.29078588e-09  3.18417298e-09  1.63673838e-07  4.75276209e-08  1.60000000e+00 
 1.61000000e+00  3.30360372e-09  4.60702484e-01  4.60702484e-01  4.60702484e-01  4.60702484e-01  3.29078588e-09  3.18417298e-09  1.63673841e-07  4.75236845e-08  1.61000000e+00 
 1.62000000e+00  3.30360366e-09  4.60702496e-01  4.60702496e-01  4.60702496e-01  4.60702496e-01  3.29078588e-09  3.18417298e-09  1.63673835e-07  4.75167212e-08  1.62000000e+00 
 1.63000000e+00  3.30360366e-09  4.60702497e-01  4.60702497e-01  4.60702497e-01  4.60702497e-01  3.29078582e-09  3.18417298e-09  1.63673845e-07  4.75044715e-08  1.63000000e+00 
 1.64000000e+00  3.30360366e-09  4.60702496e-01  4.60702496e-01  4.60702496e-01  4.60702496e-01  3.29078588e-09  3.18417298e-09  1.63673862e-07  4.74824731e-08  1.64000000e+00 
 1.65000000e+00  3.30360372e-09  4.60702488e-01  4.60702488e-01  4.60702488e-01  4.60702488e-01  3.29078588e-09  3.18417298e-09  1.63673841e-07  4.74401958e-08  1.65000000e+00 
 1.66000000e+00  3.30360366e-09  4.60702515e-01  4.60702515e-01  4.60702515e-01  4.60702516e-01  3.29078582e-09  3.18417298e-09  1.63673874e-07  4.73537796e-08  1.66000000e+00 
 1.67000000e+00  3.30360366e-09  4.60702488e-01  4.60702488e-01  4.60702488e-01  4.60702488e-01  3.29078588e-09  3.18417304e-09  1.63673838e-07  4.69545967e-08  1.67000000e+00 
 1.68000000e+00  3.30360372e-09  4.60702477e-01  4.60702477e-01  4.60702477e-01  4.60702477e-01  3.29078588e-09  3.18417298e-09  1.63673830e-07  4.53092497e-08  1.68000000e+00 
 1.69000000e+00  3.30360366e-09  4.60702492e-01  4.60702492e-01  4.60702492e-01  4.60702492e-01  3.29078588e-09  3.18417304e-09  1.63673842e-07  3.99519138e-08  1.69000000e+00 
 1.70000000e+00  3.30360366e-09  4.60702500e-01  4.60702500e-01  4.60702500e-01  4.60702500e-01  3.29078588e-09  3.18417298e-09  1.63673861e-07  3.13890780e-08  1.70000000e+00 
 1.71000000e+00  3.30360372e-09  4.60702486e-01  4.60702486e-01  4.60702486e-01  4.60702486e-01  3.29078588e-09  3.18417298e-09  1.63673840e-07  2.43605314e-08  1.71000000e+00 
 1.72000000e+00  3.30360372e-09  4.60702492e-01  4.60702492e-01  4.60702492e-01  4.60702492e-01  3.29078588e-09  3.18417298e-09  1.63673849e-07  1.86073663e-08  1.72000000e+00 
 1.73000000e+00  3.30360372e-09  4.60702511e-01  4.60702511e-01  4.60702511e-01  4.60702511e-01  3.29078588e-09  3.18417298e-09  1.63673879e-07  1.39033602e-08  1.73000000e+00 
 1.74000000e+00  3.30360372e-09  4.60702502e-01  4.60702502e-01  4.60702502e-01  4.60702502e-01  3.29078588e-09  3.18417298e-09  1.63673872e-07  1.00518207e-08  1.74000000e+00 
 1.75000000e+00  3.30360372e-09  4.60702498e-01  4.60702498e-01  4.60702498e-01  4.60702498e-01  3.29078588e-09  3.18417298e-09  1.63673855e-07  6.88159218e-09  1.75000000e+00 
 1.76000000e+00  3.30360366e-09  4.60702503e-01  4.60702503e-01  4.60702503e-01  4.60702503e-01  3.29078582e-09  3.18417298e-09  1.63673838e-07  4.24577706e-09  1.76000000e+00 
 1.77000000e+00  3.30360366e-09  4.60702492e-01  4.60702492e-01  4.60702492e-01  4.60702492e-01  3.29078588e-09  3.18417298e-09  1.63673846e-07  2.02952322e-09  1.77000000e+00 
 1.78000000e+00  3.30360366e-09  4.60702511e-01  4.60702512e-01  4.60702511e-01  4.60702512e-01  3.29078588e-09  3.18417298e-09  1.63673866e-07  1.63225877e-10  1.78000000e+00 
 1.79000000e+00  3.30360366e-09  4.60702483e-01  4.60702483e-01  4.60702483e-01  4.60702483e-01  3.29078588e-09  3.18417298e-09  1.63673827e-07 -1.37227119e-09  1.79000000e+00 
 1.80000000e+00  3.30360366e-09  4.60702517e-01  4.60702517e-01  4.60702517e-01  4.60702517e-01  3.29078588e-09  3.18417298e-09  1.63673874e-07 -2.57068677e-09  1.80000000e+00 
