 v-sweep         v(b0)           v(b1)           v(b2)           v(b3)           v(b4)           v(b5)           v(b6)           i(vbias)        i(viout)        v(vout)        
 0.00000000e+00  4.58973142e-01  4.58973142e-01  3.67233192e-09  4.58973142e-01  3.31871931e-09  4.58973142e-01  4.58973142e-01  1.60348318e-07  1.60404973e-07  0.00000000e+00 
 1.00000000e-02  4.58973160e-01  4.58973160e-01  3.67233190e-09  4.58973160e-01  3.31871935e-09  4.58973160e-01  4.58973160e-01  1.60348356e-07  1.60404595e-07  1.00000000e-02 
 2.00000000e-02  4.58973147e-01  4.58973147e-01  3.67233190e-09  4.58973147e-01  3.31871935e-09  4.58973147e-01  4.58973147e-01  1.60348324e-07  1.60404040e-07  2.00000000e-02 
 3.00000000e-02  4.58973123e-01  4.58973123e-01  3.67233184e-09  4.58973123e-01  3.31871929e-09  4.58973123e-01  4.58973123e-01  1.60348286e-07  1.60403552e-07  3.00000000e-02 
 4.00000000e-02  4.58973115e-01  4.58973115e-01  3.67233190e-09  4.58973115e-01  3.31871929e-09  4.58973115e-01  4.58973115e-01  1.60348283e-07  1.60403105e-07  4.00000000e-02 
 5.00000000e-02  4.58973119e-01  4.58973119e-01  3.67233190e-09  4.58973119e-01  3.31871935e-09  4.58973119e-01  4.58973119e-01  1.60348286e-07  1.60402701e-07  5.00000000e-02 
 6.00000000e-02  4.58973132e-01  4.58973132e-01  3.67233184e-09  4.58973132e-01  3.31871929e-09  4.58973132e-01  4.58973132e-01  1.60348309e-07  1.60402446e-07  6.00000000e-02 
 7.00000000e-02  4.58973145e-01  4.58973145e-01  3.67233190e-09  4.58973145e-01  3.31871930e-09  4.58973145e-01  4.58973145e-01  1.60348318e-07  1.60402046e-07  7.00000000e-02 
 8.00000000e-02  4.58973123e-01  4.58973123e-01  3.67233184e-09  4.58973122e-01  3.31871935e-09  4.58973123e-01  4.58973122e-01  1.60348289e-07  1.60401788e-07  8.00000000e-02 
 9.00000000e-02  4.58973111e-01  4.58973111e-01  3.67233190e-09  4.58973111e-01  3.31871929e-09  4.58973111e-01  4.58973110e-01  1.60348274e-07  1.60401322e-07  9.00000000e-02 
 1.00000000e-01  4.58973135e-01  4.58973135e-01  3.67233190e-09  4.58973135e-01  3.31871929e-09  4.58973135e-01  4.58973135e-01  1.60348313e-07  1.60401203e-07  1.00000000e-01 
 1.10000000e-01  4.58973137e-01  4.58973137e-01  3.67233190e-09  4.58973137e-01  3.31871929e-09  4.58973137e-01  4.58973137e-01  1.60348318e-07  1.60400838e-07  1.10000000e-01 
 1.20000000e-01  4.58973159e-01  4.58973159e-01  3.67233190e-09  4.58973159e-01  3.31871930e-09  4.58973159e-01  4.58973159e-01  1.60348361e-07  1.60400704e-07  1.20000000e-01 
 1.30000000e-01  4.58973143e-01  4.58973143e-01  3.67233184e-09  4.58973143e-01  3.31871930e-09  4.58973143e-01  4.58973143e-01  1.60348330e-07  1.60400414e-07  1.30000000e-01 
 1.40000000e-01  4.58973138e-01  4.58973138e-01  3.67233190e-09  4.58973138e-01  3.31871935e-09  4.58973138e-01  4.58973138e-01  1.60348311e-07  1.60400146e-07  1.40000000e-01 
 1.50000000e-01  4.58973125e-01  4.58973125e-01  3.67233190e-09  4.58973125e-01  3.31871929e-09  4.58973125e-01  4.58973125e-01  1.60348288e-07  1.60399708e-07  1.50000000e-01 
 1.60000000e-01  4.58973126e-01  4.58973126e-01  3.67233190e-09  4.58973126e-01  3.31871929e-09  4.58973126e-01  4.58973126e-01  1.60348299e-07  1.60399514e-07  1.60000000e-01 
 1.70000000e-01  4.58973124e-01  4.58973124e-01  3.67233184e-09  4.58973124e-01  3.31871935e-09  4.58973124e-01  4.58973124e-01  1.60348297e-07  1.60399246e-07  1.70000000e-01 
 1.80000000e-01  4.58973130e-01  4.58973130e-01  3.67233184e-09  4.58973130e-01  3.31871929e-09  4.58973130e-01  4.58973130e-01  1.60348294e-07  1.60399022e-07  1.80000000e-01 
 1.90000000e-01  4.58973125e-01  4.58973125e-01  3.67233190e-09  4.58973125e-01  3.31871929e-09  4.58973125e-01  4.58973125e-01  1.60348297e-07  1.60398706e-07  1.90000000e-01 
 2.00000000e-01  4.58973107e-01  4.58973107e-01  3.67233190e-09  4.58973107e-01  3.31871929e-09  4.58973107e-01  4.58973107e-01  1.60348258e-07  1.60398379e-07  2.00000000e-01 
 2.10000000e-01  4.58973139e-01  4.58973139e-01  3.67233184e-09  4.58973139e-01  3.31871929e-09  4.58973139e-01  4.58973139e-01  1.60348309e-07  1.60398352e-07  2.10000000e-01 
 2.20000000e-01  4.58973119e-01  4.58973119e-01  3.67233184e-09  4.58973119e-01  3.31871929e-09  4.58973119e-01  4.58973119e-01  1.60348295e-07  1.60398182e-07  2.20000000e-01 
 2.30000000e-01  4.58973125e-01  4.58973125e-01  3.67233184e-09  4.58973125e-01  3.31871929e-09  4.58973125e-01  4.58973125e-01  1.60348300e-07  1.60398036e-07  2.30000000e-01 
 2.40000000e-01  4.58973120e-01  4.58973120e-01  3.67233184e-09  4.58973120e-01  3.31871929e-09  4.58973120e-01  4.58973120e-01  1.60348283e-07  1.60397756e-07  2.40000000e-01 
 2.50000000e-01  4.58973124e-01  4.58973124e-01  3.67233190e-09  4.58973124e-01  3.31871935e-09  4.58973124e-01  4.58973124e-01  1.60348301e-07  1.60397599e-07  2.50000000e-01 
 2.60000000e-01  4.58973116e-01  4.58973116e-01  3.67233184e-09  4.58973116e-01  3.31871929e-09  4.58973116e-01  4.58973116e-01  1.60348274e-07  1.60397308e-07  2.60000000e-01 
 2.70000000e-01  4.58973116e-01  4.58973116e-01  3.67233190e-09  4.58973116e-01  3.31871929e-09  4.58973116e-01  4.58973116e-01  1.60348288e-07  1.60397251e-07  2.70000000e-01 
 2.80000000e-01  4.58973096e-01  4.58973096e-01  3.67233184e-09  4.58973096e-01  3.31871935e-09  4.58973096e-01  4.58973096e-01  1.60348252e-07  1.60397008e-07  2.80000000e-01 
 2.90000000e-01  4.58973119e-01  4.58973119e-01  3.67233190e-09  4.58973119e-01  3.31871929e-09  4.58973119e-01  4.58973119e-01  1.60348279e-07  1.60396823e-07  2.90000000e-01 
 3.00000000e-01  4.58973126e-01  4.58973126e-01  3.67233184e-09  4.58973126e-01  3.31871935e-09  4.58973126e-01  4.58973126e-01  1.60348291e-07  1.60396855e-07  3.00000000e-01 
 3.10000000e-01  4.58973114e-01  4.58973114e-01  3.67233190e-09  4.58973114e-01  3.31871935e-09  4.58973114e-01  4.58973114e-01  1.60348279e-07  1.60396549e-07  3.10000000e-01 
 3.20000000e-01  4.58973131e-01  4.58973131e-01  3.67233184e-09  4.58973131e-01  3.31871929e-09  4.58973131e-01  4.58973131e-01  1.60348307e-07  1.60396542e-07  3.20000000e-01 
 3.30000000e-01  4.58973127e-01  4.58973127e-01  3.67233190e-09  4.58973127e-01  3.31871935e-09  4.58973127e-01  4.58973127e-01  1.60348286e-07  1.60396255e-07  3.30000000e-01 
 3.40000000e-01  4.58973133e-01  4.58973133e-01  3.67233184e-09  4.58973133e-01  3.31871935e-09  4.58973133e-01  4.58973133e-01  1.60348313e-07  1.60396162e-07  3.40000000e-01 
 3.50000000e-01  4.58973133e-01  4.58973133e-01  3.67233184e-09  4.58973133e-01  3.31871935e-09  4.58973133e-01  4.58973133e-01  1.60348306e-07  1.60396088e-07  3.50000000e-01 
 3.60000000e-01  4.58973119e-01  4.58973119e-01  3.67233190e-09  4.58973119e-01  3.31871929e-09  4.58973119e-01  4.58973118e-01  1.60348278e-07  1.60395835e-07  3.60000000e-01 
 3.70000000e-01  4.58973110e-01  4.58973110e-01  3.67233190e-09  4.58973110e-01  3.31871929e-09  4.58973110e-01  4.58973110e-01  1.60348275e-07  1.60395615e-07  3.70000000e-01 
 3.80000000e-01  4.58973105e-01  4.58973105e-01  3.67233189e-09  4.58973105e-01  3.31871929e-09  4.58973105e-01  4.58973105e-01  1.60348271e-07  1.60395441e-07  3.80000000e-01 
 3.90000000e-01  4.58973117e-01  4.58973117e-01  3.67233190e-09  4.58973117e-01  3.31871929e-09  4.58973117e-01  4.58973116e-01  1.60348283e-07  1.60395434e-07  3.90000000e-01 
 4.00000000e-01  4.58973123e-01  4.58973123e-01  3.67233184e-09  4.58973123e-01  3.31871929e-09  4.58973123e-01  4.58973123e-01  1.60348298e-07  1.60395288e-07  4.00000000e-01 
 4.10000000e-01  4.58973135e-01  4.58973135e-01  3.67233190e-09  4.58973135e-01  3.31871929e-09  4.58973135e-01  4.58973135e-01  1.60348318e-07  1.60395128e-07  4.10000000e-01 
 4.20000000e-01  4.58973118e-01  4.58973118e-01  3.67233190e-09  4.58973118e-01  3.31871935e-09  4.58973118e-01  4.58973118e-01  1.60348283e-07  1.60394965e-07  4.20000000e-01 
 4.30000000e-01  4.58973136e-01  4.58973136e-01  3.67233184e-09  4.58973136e-01  3.31871929e-09  4.58973136e-01  4.58973136e-01  1.60348315e-07  1.60394915e-07  4.30000000e-01 
 4.40000000e-01  4.58973126e-01  4.58973126e-01  3.67233190e-09  4.58973126e-01  3.31871929e-09  4.58973126e-01  4.58973126e-01  1.60348294e-07  1.60394734e-07  4.40000000e-01 
 4.50000000e-01  4.58973114e-01  4.58973114e-01  3.67233190e-09  4.58973114e-01  3.31871935e-09  4.58973114e-01  4.58973114e-01  1.60348277e-07  1.60394649e-07  4.50000000e-01 
 4.60000000e-01  4.58973142e-01  4.58973142e-01  3.67233184e-09  4.58973142e-01  3.31871935e-09  4.58973142e-01  4.58973142e-01  1.60348321e-07  1.60394638e-07  4.60000000e-01 
 4.70000000e-01  4.58973123e-01  4.58973123e-01  3.67233190e-09  4.58973123e-01  3.31871935e-09  4.58973123e-01  4.58973123e-01  1.60348300e-07  1.60394379e-07  4.70000000e-01 
 4.80000000e-01  4.58973121e-01  4.58973121e-01  3.67233190e-09  4.58973121e-01  3.31871929e-09  4.58973121e-01  4.58973121e-01  1.60348294e-07  1.60394286e-07  4.80000000e-01 
 4.90000000e-01  4.58973131e-01  4.58973131e-01  3.67233190e-09  4.58973131e-01  3.31871929e-09  4.58973131e-01  4.58973131e-01  1.60348287e-07  1.60394244e-07  4.90000000e-01 
 5.00000000e-01  4.58973123e-01  4.58973123e-01  3.67233190e-09  4.58973123e-01  3.31871929e-09  4.58973123e-01  4.58973123e-01  1.60348289e-07  1.60394084e-07  5.00000000e-01 
 5.10000000e-01  4.58973120e-01  4.58973120e-01  3.67233190e-09  4.58973120e-01  3.31871929e-09  4.58973120e-01  4.58973119e-01  1.60348282e-07  1.60393874e-07  5.10000000e-01 
 5.20000000e-01  4.58973118e-01  4.58973118e-01  3.67233190e-09  4.58973118e-01  3.31871929e-09  4.58973118e-01  4.58973118e-01  1.60348279e-07  1.60393732e-07  5.20000000e-01 
 5.30000000e-01  4.58973126e-01  4.58973126e-01  3.67233184e-09  4.58973126e-01  3.31871935e-09  4.58973126e-01  4.58973126e-01  1.60348293e-07  1.60393732e-07  5.30000000e-01 
 5.40000000e-01  4.58973130e-01  4.58973130e-01  3.67233190e-09  4.58973130e-01  3.31871935e-09  4.58973130e-01  4.58973130e-01  1.60348302e-07  1.60393661e-07  5.40000000e-01 
 5.50000000e-01  4.58973136e-01  4.58973136e-01  3.67233190e-09  4.58973136e-01  3.31871929e-09  4.58973136e-01  4.58973136e-01  1.60348317e-07  1.60393469e-07  5.50000000e-01 
 5.60000000e-01  4.58973131e-01  4.58973131e-01  3.67233184e-09  4.58973131e-01  3.31871929e-09  4.58973131e-01  4.58973131e-01  1.60348308e-07  1.60393309e-07  5.60000000e-01 
 5.70000000e-01  4.58973128e-01  4.58973128e-01  3.67233190e-09  4.58973128e-01  3.31871935e-09  4.58973128e-01  4.58973128e-01  1.60348293e-07  1.60393281e-07  5.70000000e-01 
 5.80000000e-01  4.58973134e-01  4.58973134e-01  3.67233184e-09  4.58973134e-01  3.31871935e-09  4.58973134e-01  4.58973134e-01  1.60348315e-07  1.60393121e-07  5.80000000e-01 
 5.90000000e-01  4.58973142e-01  4.58973142e-01  3.67233190e-09  4.58973142e-01  3.31871929e-09  4.58973142e-01  4.58973141e-01  1.60348313e-07  1.60393071e-07  5.90000000e-01 
 6.00000000e-01  4.58973104e-01  4.58973104e-01  3.67233184e-09  4.58973104e-01  3.31871929e-09  4.58973104e-01  4.58973104e-01  1.60348254e-07  1.60392752e-07  6.00000000e-01 
 6.10000000e-01  4.58973130e-01  4.58973130e-01  3.67233190e-09  4.58973130e-01  3.31871929e-09  4.58973130e-01  4.58973130e-01  1.60348308e-07  1.60392787e-07  6.10000000e-01 
 6.20000000e-01  4.58973119e-01  4.58973119e-01  3.67233184e-09  4.58973119e-01  3.31871935e-09  4.58973119e-01  4.58973119e-01  1.60348285e-07  1.60392688e-07  6.20000000e-01 
 6.30000000e-01  4.58973136e-01  4.58973136e-01  3.67233190e-09  4.58973136e-01  3.31871929e-09  4.58973136e-01  4.58973136e-01  1.60348314e-07  1.60392631e-07  6.30000000e-01 
 6.40000000e-01  4.58973122e-01  4.58973122e-01  3.67233190e-09  4.58973122e-01  3.31871929e-09  4.58973122e-01  4.58973122e-01  1.60348288e-07  1.60392489e-07  6.40000000e-01 
 6.50000000e-01  4.58973135e-01  4.58973135e-01  3.67233184e-09  4.58973135e-01  3.31871929e-09  4.58973135e-01  4.58973134e-01  1.60348304e-07  1.60392311e-07  6.50000000e-01 
 6.60000000e-01  4.58973105e-01  4.58973105e-01  3.67233184e-09  4.58973105e-01  3.31871929e-09  4.58973105e-01  4.58973105e-01  1.60348269e-07  1.60392069e-07  6.60000000e-01 
 6.70000000e-01  4.58973116e-01  4.58973116e-01  3.67233190e-09  4.58973116e-01  3.31871929e-09  4.58973116e-01  4.58973116e-01  1.60348287e-07  1.60391977e-07  6.70000000e-01 
 6.80000000e-01  4.58973131e-01  4.58973131e-01  3.67233184e-09  4.58973131e-01  3.31871935e-09  4.58973131e-01  4.58973131e-01  1.60348306e-07  1.60391956e-07  6.80000000e-01 
 6.90000000e-01  4.58973127e-01  4.58973127e-01  3.67233190e-09  4.58973127e-01  3.31871935e-09  4.58973127e-01  4.58973126e-01  1.60348296e-07  1.60391870e-07  6.90000000e-01 
 7.00000000e-01  4.58973136e-01  4.58973136e-01  3.67233190e-09  4.58973136e-01  3.31871929e-09  4.58973136e-01  4.58973136e-01  1.60348313e-07  1.60391771e-07  7.00000000e-01 
 7.10000000e-01  4.58973140e-01  4.58973140e-01  3.67233190e-09  4.58973140e-01  3.31871929e-09  4.58973140e-01  4.58973140e-01  1.60348308e-07  1.60391600e-07  7.10000000e-01 
 7.20000000e-01  4.58973134e-01  4.58973134e-01  3.67233184e-09  4.58973134e-01  3.31871929e-09  4.58973134e-01  4.58973134e-01  1.60348315e-07  1.60391615e-07  7.20000000e-01 
 7.30000000e-01  4.58973125e-01  4.58973125e-01  3.67233184e-09  4.58973125e-01  3.31871929e-09  4.58973125e-01  4.58973125e-01  1.60348296e-07  1.60391330e-07  7.30000000e-01 
 7.40000000e-01  4.58973112e-01  4.58973112e-01  3.67233184e-09  4.58973112e-01  3.31871935e-09  4.58973112e-01  4.58973112e-01  1.60348283e-07  1.60391046e-07  7.40000000e-01 
 7.50000000e-01  4.58973129e-01  4.58973129e-01  3.67233184e-09  4.58973129e-01  3.31871929e-09  4.58973129e-01  4.58973129e-01  1.60348316e-07  1.60391039e-07  7.50000000e-01 
 7.60000000e-01  4.58973136e-01  4.58973136e-01  3.67233190e-09  4.58973136e-01  3.31871929e-09  4.58973136e-01  4.58973136e-01  1.60348307e-07  1.60391089e-07  7.60000000e-01 
 7.70000000e-01  4.58973136e-01  4.58973136e-01  3.67233190e-09  4.58973136e-01  3.31871935e-09  4.58973136e-01  4.58973136e-01  1.60348307e-07  1.60390819e-07  7.70000000e-01 
 7.80000000e-01  4.58973124e-01  4.58973124e-01  3.67233190e-09  4.58973124e-01  3.31871935e-09  4.58973124e-01  4.58973124e-01  1.60348291e-07  1.60390591e-07  7.80000000e-01 
 7.90000000e-01  4.58973099e-01  4.58973099e-01  3.67233189e-09  4.58973099e-01  3.31871929e-09  4.58973099e-01  4.58973099e-01  1.60348256e-07  1.60390428e-07  7.90000000e-01 
 8.00000000e-01  4.58973117e-01  4.58973117e-01  3.67233190e-09  4.58973117e-01  3.31871929e-09  4.58973117e-01  4.58973117e-01  1.60348291e-07  1.60390350e-07  8.00000000e-01 
 8.10000000e-01  4.58973124e-01  4.58973124e-01  3.67233190e-09  4.58973124e-01  3.31871929e-09  4.58973124e-01  4.58973124e-01  1.60348296e-07  1.60390272e-07  8.10000000e-01 
 8.20000000e-01  4.58973109e-01  4.58973109e-01  3.67233190e-09  4.58973109e-01  3.31871929e-09  4.58973109e-01  4.58973109e-01  1.60348275e-07  1.60390037e-07  8.20000000e-01 
 8.30000000e-01  4.58973116e-01  4.58973116e-01  3.67233184e-09  4.58973116e-01  3.31871935e-09  4.58973116e-01  4.58973116e-01  1.60348291e-07  1.60390023e-07  8.30000000e-01 
 8.40000000e-01  4.58973111e-01  4.58973111e-01  3.67233190e-09  4.58973111e-01  3.31871935e-09  4.58973111e-01  4.58973111e-01  1.60348276e-07  1.60389938e-07  8.40000000e-01 
 8.50000000e-01  4.58973147e-01  4.58973147e-01  3.67233190e-09  4.58973147e-01  3.31871930e-09  4.58973147e-01  4.58973147e-01  1.60348322e-07  1.60389781e-07  8.50000000e-01 
 8.60000000e-01  4.58973128e-01  4.58973128e-01  3.67233190e-09  4.58973128e-01  3.31871935e-09  4.58973128e-01  4.58973128e-01  1.60348293e-07  1.60389632e-07  8.60000000e-01 
 8.70000000e-01  4.58973132e-01  4.58973132e-01  3.67233190e-09  4.58973132e-01  3.31871929e-09  4.58973132e-01  4.58973131e-01  1.60348300e-07  1.60389462e-07  8.70000000e-01 
 8.80000000e-01  4.58973130e-01  4.58973130e-01  3.67233190e-09  4.58973130e-01  3.31871935e-09  4.58973130e-01  4.58973130e-01  1.60348301e-07  1.60389391e-07  8.80000000e-01 
 8.90000000e-01  4.58973137e-01  4.58973137e-01  3.67233190e-09  4.58973137e-01  3.31871929e-09  4.58973137e-01  4.58973137e-01  1.60348315e-07  1.60389369e-07  8.90000000e-01 
 9.00000000e-01  4.58973131e-01  4.58973131e-01  3.67233184e-09  4.58973131e-01  3.31871929e-09  4.58973131e-01  4.58973130e-01  1.60348303e-07  1.60389170e-07  9.00000000e-01 
 9.10000000e-01  4.58973129e-01  4.58973129e-01  3.67233184e-09  4.58973129e-01  3.31871929e-09  4.58973129e-01  4.58973129e-01  1.60348304e-07  1.60389050e-07  9.10000000e-01 
 9.20000000e-01  4.58973149e-01  4.58973149e-01  3.67233190e-09  4.58973149e-01  3.31871935e-09  4.58973149e-01  4.58973148e-01  1.60348333e-07  1.60388900e-07  9.20000000e-01 
 9.30000000e-01  4.58973132e-01  4.58973132e-01  3.67233190e-09  4.58973132e-01  3.31871929e-09  4.58973132e-01  4.58973132e-01  1.60348316e-07  1.60388744e-07  9.30000000e-01 
 9.40000000e-01  4.58973127e-01  4.58973127e-01  3.67233190e-09  4.58973127e-01  3.31871929e-09  4.58973127e-01  4.58973127e-01  1.60348300e-07  1.60388588e-07  9.40000000e-01 
 9.50000000e-01  4.58973116e-01  4.58973116e-01  3.67233190e-09  4.58973116e-01  3.31871929e-09  4.58973116e-01  4.58973116e-01  1.60348286e-07  1.60388382e-07  9.50000000e-01 
 9.60000000e-01  4.58973102e-01  4.58973102e-01  3.67233189e-09  4.58973102e-01  3.31871935e-09  4.58973102e-01  4.58973102e-01  1.60348267e-07  1.60388169e-07  9.60000000e-01 
 9.70000000e-01  4.58973120e-01  4.58973120e-01  3.67233184e-09  4.58973120e-01  3.31871935e-09  4.58973120e-01  4.58973120e-01  1.60348293e-07  1.60388119e-07  9.70000000e-01 
 9.80000000e-01  4.58973135e-01  4.58973135e-01  3.67233184e-09  4.58973135e-01  3.31871935e-09  4.58973135e-01  4.58973135e-01  1.60348311e-07  1.60387998e-07  9.80000000e-01 
 9.90000000e-01  4.58973107e-01  4.58973107e-01  3.67233184e-09  4.58973107e-01  3.31871929e-09  4.58973107e-01  4.58973107e-01  1.60348264e-07  1.60387785e-07  9.90000000e-01 
 1.00000000e+00  4.58973106e-01  4.58973106e-01  3.67233184e-09  4.58973106e-01  3.31871929e-09  4.58973106e-01  4.58973106e-01  1.60348277e-07  1.60387600e-07  1.00000000e+00 
 1.01000000e+00  4.58973094e-01  4.58973094e-01  3.67233184e-09  4.58973094e-01  3.31871929e-09  4.58973094e-01  4.58973094e-01  1.60348253e-07  1.60387472e-07  1.01000000e+00 
 1.02000000e+00  4.58973144e-01  4.58973144e-01  3.67233184e-09  4.58973144e-01  3.31871935e-09  4.58973144e-01  4.58973144e-01  1.60348332e-07  1.60387458e-07  1.02000000e+00 
 1.03000000e+00  4.58973136e-01  4.58973136e-01  3.67233190e-09  4.58973136e-01  3.31871929e-09  4.58973136e-01  4.58973136e-01  1.60348329e-07  1.60387302e-07  1.03000000e+00 
 1.04000000e+00  4.58973120e-01  4.58973120e-01  3.67233190e-09  4.58973120e-01  3.31871929e-09  4.58973120e-01  4.58973120e-01  1.60348275e-07  1.60387145e-07  1.04000000e+00 
 1.05000000e+00  4.58973120e-01  4.58973120e-01  3.67233190e-09  4.58973120e-01  3.31871929e-09  4.58973120e-01  4.58973120e-01  1.60348286e-07  1.60386904e-07  1.05000000e+00 
 1.06000000e+00  4.58973143e-01  4.58973143e-01  3.67233190e-09  4.58973143e-01  3.31871935e-09  4.58973143e-01  4.58973143e-01  1.60348316e-07  1.60386946e-07  1.06000000e+00 
 1.07000000e+00  4.58973124e-01  4.58973124e-01  3.67233190e-09  4.58973124e-01  3.31871929e-09  4.58973124e-01  4.58973124e-01  1.60348294e-07  1.60386627e-07  1.07000000e+00 
 1.08000000e+00  4.58973132e-01  4.58973132e-01  3.67233190e-09  4.58973132e-01  3.31871935e-09  4.58973132e-01  4.58973132e-01  1.60348309e-07  1.60386541e-07  1.08000000e+00 
 1.09000000e+00  4.58973124e-01  4.58973124e-01  3.67233184e-09  4.58973124e-01  3.31871929e-09  4.58973124e-01  4.58973124e-01  1.60348293e-07  1.60386421e-07  1.09000000e+00 
 1.10000000e+00  4.58973128e-01  4.58973128e-01  3.67233190e-09  4.58973128e-01  3.31871929e-09  4.58973128e-01  4.58973128e-01  1.60348297e-07  1.60386250e-07  1.10000000e+00 
 1.11000000e+00  4.58973103e-01  4.58973103e-01  3.67233184e-09  4.58973103e-01  3.31871929e-09  4.58973103e-01  4.58973103e-01  1.60348264e-07  1.60385952e-07  1.11000000e+00 
 1.12000000e+00  4.58973108e-01  4.58973108e-01  3.67233190e-09  4.58973108e-01  3.31871929e-09  4.58973108e-01  4.58973107e-01  1.60348258e-07  1.60385724e-07  1.12000000e+00 
 1.13000000e+00  4.58973113e-01  4.58973113e-01  3.67233190e-09  4.58973113e-01  3.31871935e-09  4.58973113e-01  4.58973113e-01  1.60348272e-07  1.60385582e-07  1.13000000e+00 
 1.14000000e+00  4.58973115e-01  4.58973115e-01  3.67233184e-09  4.58973115e-01  3.31871935e-09  4.58973115e-01  4.58973115e-01  1.60348282e-07  1.60385511e-07  1.14000000e+00 
 1.15000000e+00  4.58973113e-01  4.58973113e-01  3.67233190e-09  4.58973113e-01  3.31871929e-09  4.58973113e-01  4.58973113e-01  1.60348273e-07  1.60385227e-07  1.15000000e+00 
 1.16000000e+00  4.58973126e-01  4.58973126e-01  3.67233184e-09  4.58973126e-01  3.31871929e-09  4.58973126e-01  4.58973126e-01  1.60348300e-07  1.60385184e-07  1.16000000e+00 
 1.17000000e+00  4.58973125e-01  4.58973125e-01  3.67233190e-09  4.58973125e-01  3.31871935e-09  4.58973125e-01  4.58973125e-01  1.60348291e-07  1.60385000e-07  1.17000000e+00 
 1.18000000e+00  4.58973139e-01  4.58973139e-01  3.67233184e-09  4.58973139e-01  3.31871929e-09  4.58973139e-01  4.58973139e-01  1.60348303e-07  1.60384943e-07  1.18000000e+00 
 1.19000000e+00  4.58973106e-01  4.58973106e-01  3.67233190e-09  4.58973106e-01  3.31871935e-09  4.58973106e-01  4.58973106e-01  1.60348260e-07  1.60384687e-07  1.19000000e+00 
 1.20000000e+00  4.58973132e-01  4.58973132e-01  3.67233184e-09  4.58973132e-01  3.31871929e-09  4.58973132e-01  4.58973132e-01  1.60348306e-07  1.60384545e-07  1.20000000e+00 
 1.21000000e+00  4.58973130e-01  4.58973130e-01  3.67233190e-09  4.58973130e-01  3.31871935e-09  4.58973130e-01  4.58973130e-01  1.60348304e-07  1.60384175e-07  1.21000000e+00 
 1.22000000e+00  4.58973139e-01  4.58973139e-01  3.67233190e-09  4.58973139e-01  3.31871929e-09  4.58973139e-01  4.58973139e-01  1.60348319e-07  1.60384033e-07  1.22000000e+00 
 1.23000000e+00  4.58973111e-01  4.58973111e-01  3.67233190e-09  4.58973111e-01  3.31871935e-09  4.58973111e-01  4.58973111e-01  1.60348277e-07  1.60383848e-07  1.23000000e+00 
 1.24000000e+00  4.58973128e-01  4.58973128e-01  3.67233184e-09  4.58973128e-01  3.31871935e-09  4.58973128e-01  4.58973128e-01  1.60348297e-07  1.60383692e-07  1.24000000e+00 
 1.25000000e+00  4.58973139e-01  4.58973139e-01  3.67233190e-09  4.58973139e-01  3.31871935e-09  4.58973139e-01  4.58973139e-01  1.60348305e-07  1.60383564e-07  1.25000000e+00 
 1.26000000e+00  4.58973118e-01  4.58973118e-01  3.67233184e-09  4.58973118e-01  3.31871929e-09  4.58973118e-01  4.58973118e-01  1.60348283e-07  1.60383308e-07  1.26000000e+00 
 1.27000000e+00  4.58973132e-01  4.58973132e-01  3.67233184e-09  4.58973132e-01  3.31871929e-09  4.58973132e-01  4.58973132e-01  1.60348311e-07  1.60382967e-07  1.27000000e+00 
 1.28000000e+00  4.58973146e-01  4.58973146e-01  3.67233190e-09  4.58973146e-01  3.31871935e-09  4.58973146e-01  4.58973146e-01  1.60348308e-07  1.60382754e-07  1.28000000e+00 
 1.29000000e+00  4.58973127e-01  4.58973127e-01  3.67233184e-09  4.58973127e-01  3.31871929e-09  4.58973127e-01  4.58973127e-01  1.60348302e-07  1.60382527e-07  1.29000000e+00 
 1.30000000e+00  4.58973134e-01  4.58973134e-01  3.67233184e-09  4.58973134e-01  3.31871929e-09  4.58973134e-01  4.58973134e-01  1.60348303e-07  1.60382299e-07  1.30000000e+00 
 1.31000000e+00  4.58973132e-01  4.58973132e-01  3.67233184e-09  4.58973132e-01  3.31871929e-09  4.58973132e-01  4.58973132e-01  1.60348314e-07  1.60382072e-07  1.31000000e+00 
 1.32000000e+00  4.58973130e-01  4.58973130e-01  3.67233184e-09  4.58973130e-01  3.31871929e-09  4.58973130e-01  4.58973130e-01  1.60348296e-07  1.60381802e-07  1.32000000e+00 
 1.33000000e+00  4.58973121e-01  4.58973121e-01  3.67233184e-09  4.58973121e-01  3.31871935e-09  4.58973121e-01  4.58973121e-01  1.60348306e-07  1.60381390e-07  1.33000000e+00 
 1.34000000e+00  4.58973110e-01  4.58973110e-01  3.67233190e-09  4.58973110e-01  3.31871929e-09  4.58973110e-01  4.58973110e-01  1.60348261e-07  1.60380964e-07  1.34000000e+00 
 1.35000000e+00  4.58973114e-01  4.58973114e-01  3.67233184e-09  4.58973114e-01  3.31871929e-09  4.58973114e-01  4.58973114e-01  1.60348284e-07  1.60380807e-07  1.35000000e+00 
 1.36000000e+00  4.58973139e-01  4.58973139e-01  3.67233184e-09  4.58973139e-01  3.31871929e-09  4.58973139e-01  4.58973139e-01  1.60348305e-07  1.60380566e-07  1.36000000e+00 
 1.37000000e+00  4.58973115e-01  4.58973115e-01  3.67233190e-09  4.58973115e-01  3.31871929e-09  4.58973115e-01  4.58973114e-01  1.60348281e-07  1.60380011e-07  1.37000000e+00 
 1.38000000e+00  4.58973154e-01  4.58973154e-01  3.67233190e-09  4.58973154e-01  3.31871935e-09  4.58973154e-01  4.58973154e-01  1.60348346e-07  1.60379869e-07  1.38000000e+00 
 1.39000000e+00  4.58973121e-01  4.58973121e-01  3.67233190e-09  4.58973121e-01  3.31871929e-09  4.58973121e-01  4.58973121e-01  1.60348293e-07  1.60379201e-07  1.39000000e+00 
 1.40000000e+00  4.58973099e-01  4.58973099e-01  3.67233184e-09  4.58973099e-01  3.31871929e-09  4.58973099e-01  4.58973099e-01  1.60348256e-07  1.60378590e-07  1.40000000e+00 
 1.41000000e+00  4.58973129e-01  4.58973129e-01  3.67233184e-09  4.58973129e-01  3.31871935e-09  4.58973129e-01  4.58973129e-01  1.60348301e-07  1.60378235e-07  1.41000000e+00 
 1.42000000e+00  4.58973125e-01  4.58973125e-01  3.67233190e-09  4.58973125e-01  3.31871929e-09  4.58973125e-01  4.58973125e-01  1.60348308e-07  1.60377652e-07  1.42000000e+00 
 1.43000000e+00  4.58973128e-01  4.58973128e-01  3.67233190e-09  4.58973128e-01  3.31871929e-09  4.58973128e-01  4.58973128e-01  1.60348300e-07  1.60376899e-07  1.43000000e+00 
 1.44000000e+00  4.58973114e-01  4.58973114e-01  3.67233184e-09  4.58973114e-01  3.31871929e-09  4.58973114e-01  4.58973114e-01  1.60348275e-07  1.60376118e-07  1.44000000e+00 
 1.45000000e+00  4.58973113e-01  4.58973113e-01  3.67233190e-09  4.58973113e-01  3.31871929e-09  4.58973113e-01  4.58973113e-01  1.60348285e-07  1.60375293e-07  1.45000000e+00 
 1.46000000e+00  4.58973129e-01  4.58973129e-01  3.67233190e-09  4.58973129e-01  3.31871929e-09  4.58973129e-01  4.58973129e-01  1.60348294e-07  1.60374185e-07  1.46000000e+00 
 1.47000000e+00  4.58973126e-01  4.58973126e-01  3.67233184e-09  4.58973126e-01  3.31871935e-09  4.58973126e-01  4.58973126e-01  1.60348297e-07  1.60372764e-07  1.47000000e+00 
 1.48000000e+00  4.58973138e-01  4.58973138e-01  3.67233184e-09  4.58973138e-01  3.31871929e-09  4.58973138e-01  4.58973138e-01  1.60348308e-07  1.60371229e-07  1.48000000e+00 
 1.49000000e+00  4.58973094e-01  4.58973094e-01  3.67233184e-09  4.58973094e-01  3.31871935e-09  4.58973094e-01  4.58973094e-01  1.60348241e-07  1.60368913e-07  1.49000000e+00 
 1.50000000e+00  4.58973120e-01  4.58973120e-01  3.67233190e-09  4.58973120e-01  3.31871935e-09  4.58973120e-01  4.58973120e-01  1.60348290e-07  1.60366199e-07  1.50000000e+00 
 1.51000000e+00  4.58973131e-01  4.58973131e-01  3.67233184e-09  4.58973131e-01  3.31871929e-09  4.58973131e-01  4.58973131e-01  1.60348290e-07  1.60362305e-07  1.51000000e+00 
 1.52000000e+00  4.58973138e-01  4.58973138e-01  3.67233184e-09  4.58973138e-01  3.31871929e-09  4.58973138e-01  4.58973138e-01  1.60348296e-07  1.60356961e-07  1.52000000e+00 
 1.53000000e+00  4.58973140e-01  4.58973140e-01  3.67233190e-09  4.58973139e-01  3.31871935e-09  4.58973140e-01  4.58973139e-01  1.60348330e-07  1.60348563e-07  1.53000000e+00 
 1.54000000e+00  4.58973137e-01  4.58973137e-01  3.67233184e-09  4.58973137e-01  3.31871929e-09  4.58973137e-01  4.58973137e-01  1.60348308e-07  1.60335702e-07  1.54000000e+00 
 1.55000000e+00  4.58973127e-01  4.58973127e-01  3.67233190e-09  4.58973127e-01  3.31871929e-09  4.58973127e-01  4.58973127e-01  1.60348293e-07  1.60314357e-07  1.55000000e+00 
 1.56000000e+00  4.58973127e-01  4.58973127e-01  3.67233190e-09  4.58973127e-01  3.31871929e-09  4.58973127e-01  4.58973127e-01  1.60348300e-07  1.60277082e-07  1.56000000e+00 
 1.57000000e+00  4.58973130e-01  4.58973130e-01  3.67233190e-09  4.58973129e-01  3.31871935e-09  4.58973130e-01  4.58973129e-01  1.60348294e-07  1.60208330e-07  1.57000000e+00 
 1.58000000e+00  4.58973124e-01  4.58973124e-01  3.67233184e-09  4.58973124e-01  3.31871935e-09  4.58973124e-01  4.58973124e-01  1.60348295e-07  1.60075203e-07  1.58000000e+00 
 1.59000000e+00  4.58973111e-01  4.58973111e-01  3.67233184e-09  4.58973111e-01  3.31871929e-09  4.58973111e-01  4.58973111e-01  1.60348271e-07  1.59803292e-07  1.59000000e+00 
 1.60000000e+00  4.58973115e-01  4.58973115e-01  3.67233190e-09  4.58973114e-01  3.31871929e-09  4.58973114e-01  4.58973114e-01  1.60348289e-07  1.59240102e-07  1.60000000e+00 
 1.61000000e+00  4.58973112e-01  4.58973112e-01  3.67233190e-09  4.58973112e-01  3.31871929e-09  4.58973112e-01  4.58973112e-01  1.60348274e-07  1.58145625e-07  1.61000000e+00 
 1.62000000e+00  4.58973118e-01  4.58973118e-01  3.67233190e-09  4.58973118e-01  3.31871929e-09  4.58973118e-01  4.58973118e-01  1.60348282e-07  1.48892312e-07  1.62000000e+00 
 1.63000000e+00  4.58973151e-01  4.58973151e-01  3.67233184e-09  4.58973151e-01  3.31871930e-09  4.58973151e-01  4.58973151e-01  1.60348327e-07  1.25307793e-07  1.63000000e+00 
 1.64000000e+00  4.58973118e-01  4.58973118e-01  3.67233190e-09  4.58973118e-01  3.31871929e-09  4.58973118e-01  4.58973118e-01  1.60348279e-07  1.04073564e-07  1.64000000e+00 
 1.65000000e+00  4.58973115e-01  4.58973115e-01  3.67233184e-09  4.58973115e-01  3.31871929e-09  4.58973115e-01  4.58973115e-01  1.60348283e-07  8.54660698e-08  1.65000000e+00 
 1.66000000e+00  4.58973115e-01  4.58973115e-01  3.67233190e-09  4.58973115e-01  3.31871929e-09  4.58973115e-01  4.58973115e-01  1.60348275e-07  6.94988245e-08  1.66000000e+00 
 1.67000000e+00  4.58973136e-01  4.58973136e-01  3.67233190e-09  4.58973136e-01  3.31871929e-09  4.58973136e-01  4.58973136e-01  1.60348318e-07  5.60204541e-08  1.67000000e+00 
 1.68000000e+00  4.58973129e-01  4.58973129e-01  3.67233184e-09  4.58973129e-01  3.31871935e-09  4.58973129e-01  4.58973129e-01  1.60348293e-07  4.47692940e-08  1.68000000e+00 
 1.69000000e+00  4.58973109e-01  4.58973109e-01  3.67233184e-09  4.58973109e-01  3.31871935e-09  4.58973109e-01  4.58973109e-01  1.60348266e-07  3.54549741e-08  1.69000000e+00 
 1.70000000e+00  4.58973128e-01  4.58973128e-01  3.67233184e-09  4.58973128e-01  3.31871935e-09  4.58973128e-01  4.58973128e-01  1.60348304e-07  2.77889995e-08  1.70000000e+00 
 1.71000000e+00  4.58973117e-01  4.58973117e-01  3.67233184e-09  4.58973117e-01  3.31871929e-09  4.58973117e-01  4.58973117e-01  1.60348283e-07  2.15068638e-08  1.71000000e+00 
 1.72000000e+00  4.58973139e-01  4.58973139e-01  3.67233190e-09  4.58973139e-01  3.31871935e-09  4.58973139e-01  4.58973139e-01  1.60348313e-07  1.63735336e-08  1.72000000e+00 
 1.73000000e+00  4.58973122e-01  4.58973122e-01  3.67233184e-09  4.58973122e-01  3.31871935e-09  4.58973122e-01  4.58973122e-01  1.60348293e-07  1.21853532e-08  1.73000000e+00 
 1.74000000e+00  4.58973105e-01  4.58973105e-01  3.67233189e-09  4.58973105e-01  3.31871935e-09  4.58973105e-01  4.58973105e-01  1.60348264e-07  8.76575257e-09  1.74000000e+00 
 1.75000000e+00  4.58973125e-01  4.58973125e-01  3.67233184e-09  4.58973125e-01  3.31871929e-09  4.58973125e-01  4.58973125e-01  1.60348309e-07  5.96109828e-09  1.75000000e+00 
 1.76000000e+00  4.58973140e-01  4.58973140e-01  3.67233184e-09  4.58973140e-01  3.31871929e-09  4.58973140e-01  4.58973140e-01  1.60348307e-07  3.64040886e-09  1.76000000e+00 
 1.77000000e+00  4.58973139e-01  4.58973139e-01  3.67233190e-09  4.58973139e-01  3.31871935e-09  4.58973139e-01  4.58973139e-01  1.60348318e-07  1.70072667e-09  1.77000000e+00 
 1.78000000e+00  4.58973114e-01  4.58973114e-01  3.67233190e-09  4.58973114e-01  3.31871929e-09  4.58973114e-01  4.58973114e-01  1.60348271e-07  7.89412979e-11  1.78000000e+00 
 1.79000000e+00  4.58973122e-01  4.58973122e-01  3.67233184e-09  4.58973122e-01  3.31871935e-09  4.58973122e-01  4.58973122e-01  1.60348278e-07 -1.24458666e-09  1.79000000e+00 
 1.80000000e+00  4.58973131e-01  4.58973131e-01  3.67233190e-09  4.58973131e-01  3.31871935e-09  4.58973131e-01  4.58973131e-01  1.60348300e-07 -2.26840768e-09  1.80000000e+00 
