 v-sweep         v(b0)           v(b1)           v(b2)           v(b3)           v(b4)           v(b5)           v(b6)           i(vbias)        i(viout)        v(vout)        
 0.00000000e+00  4.57530176e-01  3.07875526e-09  4.57530176e-01  4.57530176e-01  3.39534683e-09  3.40805400e-09  4.57530176e-01  1.60958515e-07  1.11672963e-07  0.00000000e+00 
 1.00000000e-02  4.57530167e-01  3.07875530e-09  4.57530167e-01  4.57530167e-01  3.39534681e-09  3.40805398e-09  4.57530167e-01  1.60958521e-07  1.11672471e-07  1.00000000e-02 
 2.00000000e-02  4.57530187e-01  3.07875523e-09  4.57530187e-01  4.57530187e-01  3.39534681e-09  3.40805399e-09  4.57530187e-01  1.60958539e-07  1.11672155e-07  2.00000000e-02 
 3.00000000e-02  4.57530171e-01  3.07875531e-09  4.57530171e-01  4.57530171e-01  3.39534681e-09  3.40805399e-09  4.57530171e-01  1.60958521e-07  1.11671686e-07  3.00000000e-02 
 4.00000000e-02  4.57530202e-01  3.07875529e-09  4.57530201e-01  4.57530202e-01  3.39534681e-09  3.40805399e-09  4.57530202e-01  1.60958547e-07  1.11671467e-07  4.00000000e-02 
 5.00000000e-02  4.57530173e-01  3.07875529e-09  4.57530173e-01  4.57530173e-01  3.39534681e-09  3.40805399e-09  4.57530173e-01  1.60958519e-07  1.11670949e-07  5.00000000e-02 
 6.00000000e-02  4.57530158e-01  3.07875529e-09  4.57530158e-01  4.57530158e-01  3.39534681e-09  3.40805398e-09  4.57530158e-01  1.60958496e-07  1.11670596e-07  6.00000000e-02 
 7.00000000e-02  4.57530171e-01  3.07875529e-09  4.57530171e-01  4.57530171e-01  3.39534681e-09  3.40805399e-09  4.57530171e-01  1.60958516e-07  1.11670351e-07  7.00000000e-02 
 8.00000000e-02  4.57530210e-01  3.07875530e-09  4.57530210e-01  4.57530210e-01  3.39534681e-09  3.40805399e-09  4.57530210e-01  1.60958579e-07  1.11670133e-07  8.00000000e-02 
 9.00000000e-02  4.57530185e-01  3.07875524e-09  4.57530185e-01  4.57530185e-01  3.39534681e-09  3.40805399e-09  4.57530185e-01  1.60958534e-07  1.11669829e-07  9.00000000e-02 
 1.00000000e-01  4.57530205e-01  3.07875531e-09  4.57530204e-01  4.57530204e-01  3.39534681e-09  3.40805399e-09  4.57530205e-01  1.60958569e-07  1.11669554e-07  1.00000000e-01 
 1.10000000e-01  4.57530185e-01  3.07875529e-09  4.57530185e-01  4.57530185e-01  3.39534681e-09  3.40805393e-09  4.57530185e-01  1.60958541e-07  1.11669325e-07  1.10000000e-01 
 1.20000000e-01  4.57530165e-01  3.07875529e-09  4.57530165e-01  4.57530165e-01  3.39534681e-09  3.40805398e-09  4.57530165e-01  1.60958516e-07  1.11668971e-07  1.20000000e-01 
 1.30000000e-01  4.57530158e-01  3.07875529e-09  4.57530158e-01  4.57530158e-01  3.39534681e-09  3.40805398e-09  4.57530158e-01  1.60958510e-07  1.11668744e-07  1.30000000e-01 
 1.40000000e-01  4.57530170e-01  3.07875529e-09  4.57530170e-01  4.57530170e-01  3.39534681e-09  3.40805399e-09  4.57530170e-01  1.60958512e-07  1.11668449e-07  1.40000000e-01 
 1.50000000e-01  4.57530171e-01  3.07875529e-09  4.57530170e-01  4.57530170e-01  3.39534681e-09  3.40805399e-09  4.57530171e-01  1.60958517e-07  1.11668239e-07  1.50000000e-01 
 1.60000000e-01  4.57530177e-01  3.07875529e-09  4.57530177e-01  4.57530177e-01  3.39534681e-09  3.40805399e-09  4.57530177e-01  1.60958533e-07  1.11668031e-07  1.60000000e-01 
 1.70000000e-01  4.57530170e-01  3.07875529e-09  4.57530169e-01  4.57530169e-01  3.39534681e-09  3.40805393e-09  4.57530170e-01  1.60958515e-07  1.11667926e-07  1.70000000e-01 
 1.80000000e-01  4.57530188e-01  3.07875529e-09  4.57530188e-01  4.57530188e-01  3.39534681e-09  3.40805399e-09  4.57530188e-01  1.60958538e-07  1.11667747e-07  1.80000000e-01 
 1.90000000e-01  4.57530195e-01  3.07875529e-09  4.57530195e-01  4.57530195e-01  3.39534681e-09  3.40805393e-09  4.57530195e-01  1.60958556e-07  1.11667671e-07  1.90000000e-01 
 2.00000000e-01  4.57530180e-01  3.07875529e-09  4.57530180e-01  4.57530180e-01  3.39534687e-09  3.40805399e-09  4.57530180e-01  1.60958509e-07  1.11667310e-07  2.00000000e-01 
 2.10000000e-01  4.57530176e-01  3.07875524e-09  4.57530176e-01  4.57530176e-01  3.39534681e-09  3.40805393e-09  4.57530176e-01  1.60958516e-07  1.11667145e-07  2.10000000e-01 
 2.20000000e-01  4.57530142e-01  3.07875531e-09  4.57530142e-01  4.57530142e-01  3.39534681e-09  3.40805398e-09  4.57530142e-01  1.60958485e-07  1.11666852e-07  2.20000000e-01 
 2.30000000e-01  4.57530151e-01  3.07875529e-09  4.57530151e-01  4.57530151e-01  3.39534681e-09  3.40805398e-09  4.57530151e-01  1.60958480e-07  1.11666713e-07  2.30000000e-01 
 2.40000000e-01  4.57530141e-01  3.07875529e-09  4.57530141e-01  4.57530141e-01  3.39534681e-09  3.40805398e-09  4.57530141e-01  1.60958471e-07  1.11666612e-07  2.40000000e-01 
 2.50000000e-01  4.57530176e-01  3.07875529e-09  4.57530176e-01  4.57530176e-01  3.39534681e-09  3.40805399e-09  4.57530176e-01  1.60958536e-07  1.11666541e-07  2.50000000e-01 
 2.60000000e-01  4.57530175e-01  3.07875529e-09  4.57530175e-01  4.57530175e-01  3.39534681e-09  3.40805399e-09  4.57530175e-01  1.60958525e-07  1.11666342e-07  2.60000000e-01 
 2.70000000e-01  4.57530173e-01  3.07875529e-09  4.57530173e-01  4.57530173e-01  3.39534681e-09  3.40805399e-09  4.57530173e-01  1.60958528e-07  1.11666207e-07  2.70000000e-01 
 2.80000000e-01  4.57530180e-01  3.07875529e-09  4.57530180e-01  4.57530180e-01  3.39534681e-09  3.40805399e-09  4.57530180e-01  1.60958537e-07  1.11666068e-07  2.80000000e-01 
 2.90000000e-01  4.57530157e-01  3.07875529e-09  4.57530157e-01  4.57530157e-01  3.39534681e-09  3.40805398e-09  4.57530157e-01  1.60958495e-07  1.11665894e-07  2.90000000e-01 
 3.00000000e-01  4.57530164e-01  3.07875529e-09  4.57530164e-01  4.57530164e-01  3.39534681e-09  3.40805398e-09  4.57530164e-01  1.60958501e-07  1.11665749e-07  3.00000000e-01 
 3.10000000e-01  4.57530167e-01  3.07875524e-09  4.57530167e-01  4.57530167e-01  3.39534687e-09  3.40805398e-09  4.57530167e-01  1.60958507e-07  1.11665738e-07  3.10000000e-01 
 3.20000000e-01  4.57530181e-01  3.07875525e-09  4.57530181e-01  4.57530181e-01  3.39534681e-09  3.40805399e-09  4.57530181e-01  1.60958544e-07  1.11665642e-07  3.20000000e-01 
 3.30000000e-01  4.57530195e-01  3.07875530e-09  4.57530195e-01  4.57530195e-01  3.39534681e-09  3.40805399e-09  4.57530195e-01  1.60958546e-07  1.11665567e-07  3.30000000e-01 
 3.40000000e-01  4.57530191e-01  3.07875529e-09  4.57530190e-01  4.57530190e-01  3.39534681e-09  3.40805399e-09  4.57530191e-01  1.60958551e-07  1.11665447e-07  3.40000000e-01 
 3.50000000e-01  4.57530179e-01  3.07875529e-09  4.57530179e-01  4.57530179e-01  3.39534681e-09  3.40805393e-09  4.57530179e-01  1.60958525e-07  1.11665386e-07  3.50000000e-01 
 3.60000000e-01  4.57530150e-01  3.07875529e-09  4.57530150e-01  4.57530150e-01  3.39534681e-09  3.40805398e-09  4.57530150e-01  1.60958488e-07  1.11665170e-07  3.60000000e-01 
 3.70000000e-01  4.57530197e-01  3.07875529e-09  4.57530197e-01  4.57530197e-01  3.39534681e-09  3.40805393e-09  4.57530197e-01  1.60958560e-07  1.11665088e-07  3.70000000e-01 
 3.80000000e-01  4.57530196e-01  3.07875529e-09  4.57530196e-01  4.57530196e-01  3.39534681e-09  3.40805399e-09  4.57530196e-01  1.60958556e-07  1.11665081e-07  3.80000000e-01 
 3.90000000e-01  4.57530196e-01  3.07875529e-09  4.57530195e-01  4.57530196e-01  3.39534681e-09  3.40805399e-09  4.57530196e-01  1.60958546e-07  1.11664821e-07  3.90000000e-01 
 4.00000000e-01  4.57530168e-01  3.07875529e-09  4.57530168e-01  4.57530168e-01  3.39534681e-09  3.40805398e-09  4.57530168e-01  1.60958504e-07  1.11664715e-07  4.00000000e-01 
 4.10000000e-01  4.57530161e-01  3.07875529e-09  4.57530161e-01  4.57530161e-01  3.39534681e-09  3.40805398e-09  4.57530161e-01  1.60958510e-07  1.11664711e-07  4.10000000e-01 
 4.20000000e-01  4.57530174e-01  3.07875529e-09  4.57530174e-01  4.57530174e-01  3.39534681e-09  3.40805399e-09  4.57530174e-01  1.60958512e-07  1.11664487e-07  4.20000000e-01 
 4.30000000e-01  4.57530191e-01  3.07875529e-09  4.57530191e-01  4.57530191e-01  3.39534681e-09  3.40805399e-09  4.57530191e-01  1.60958545e-07  1.11664512e-07  4.30000000e-01 
 4.40000000e-01  4.57530197e-01  3.07875529e-09  4.57530197e-01  4.57530197e-01  3.39534681e-09  3.40805393e-09  4.57530197e-01  1.60958552e-07  1.11664431e-07  4.40000000e-01 
 4.50000000e-01  4.57530179e-01  3.07875529e-09  4.57530179e-01  4.57530179e-01  3.39534681e-09  3.40805393e-09  4.57530179e-01  1.60958532e-07  1.11664512e-07  4.50000000e-01 
 4.60000000e-01  4.57530179e-01  3.07875529e-09  4.57530179e-01  4.57530179e-01  3.39534681e-09  3.40805399e-09  4.57530179e-01  1.60958521e-07  1.11664185e-07  4.60000000e-01 
 4.70000000e-01  4.57530166e-01  3.07875529e-09  4.57530166e-01  4.57530166e-01  3.39534687e-09  3.40805398e-09  4.57530166e-01  1.60958515e-07  1.11664114e-07  4.70000000e-01 
 4.80000000e-01  4.57530170e-01  3.07875529e-09  4.57530170e-01  4.57530170e-01  3.39534681e-09  3.40805399e-09  4.57530170e-01  1.60958517e-07  1.11664150e-07  4.80000000e-01 
 4.90000000e-01  4.57530163e-01  3.07875529e-09  4.57530163e-01  4.57530163e-01  3.39534681e-09  3.40805398e-09  4.57530163e-01  1.60958499e-07  1.11663898e-07  4.90000000e-01 
 5.00000000e-01  4.57530157e-01  3.07875529e-09  4.57530157e-01  4.57530157e-01  3.39534681e-09  3.40805398e-09  4.57530157e-01  1.60958507e-07  1.11663837e-07  5.00000000e-01 
 5.10000000e-01  4.57530171e-01  3.07875529e-09  4.57530171e-01  4.57530171e-01  3.39534681e-09  3.40805399e-09  4.57530171e-01  1.60958520e-07  1.11663766e-07  5.10000000e-01 
 5.20000000e-01  4.57530200e-01  3.07875529e-09  4.57530200e-01  4.57530200e-01  3.39534681e-09  3.40805393e-09  4.57530200e-01  1.60958558e-07  1.11663802e-07  5.20000000e-01 
 5.30000000e-01  4.57530175e-01  3.07875529e-09  4.57530175e-01  4.57530175e-01  3.39534681e-09  3.40805399e-09  4.57530175e-01  1.60958527e-07  1.11663699e-07  5.30000000e-01 
 5.40000000e-01  4.57530152e-01  3.07875529e-09  4.57530152e-01  4.57530152e-01  3.39534681e-09  3.40805398e-09  4.57530152e-01  1.60958491e-07  1.11663478e-07  5.40000000e-01 
 5.50000000e-01  4.57530183e-01  3.07875529e-09  4.57530183e-01  4.57530183e-01  3.39534681e-09  3.40805399e-09  4.57530183e-01  1.60958535e-07  1.11663571e-07  5.50000000e-01 
 5.60000000e-01  4.57530174e-01  3.07875529e-09  4.57530174e-01  4.57530174e-01  3.39534681e-09  3.40805399e-09  4.57530174e-01  1.60958527e-07  1.11663386e-07  5.60000000e-01 
 5.70000000e-01  4.57530190e-01  3.07875529e-09  4.57530190e-01  4.57530190e-01  3.39534681e-09  3.40805399e-09  4.57530190e-01  1.60958560e-07  1.11663443e-07  5.70000000e-01 
 5.80000000e-01  4.57530181e-01  3.07875524e-09  4.57530181e-01  4.57530181e-01  3.39534687e-09  3.40805399e-09  4.57530181e-01  1.60958529e-07  1.11663269e-07  5.80000000e-01 
 5.90000000e-01  4.57530165e-01  3.07875531e-09  4.57530165e-01  4.57530165e-01  3.39534681e-09  3.40805398e-09  4.57530165e-01  1.60958507e-07  1.11663169e-07  5.90000000e-01 
 6.00000000e-01  4.57530177e-01  3.07875529e-09  4.57530177e-01  4.57530177e-01  3.39534681e-09  3.40805399e-09  4.57530177e-01  1.60958533e-07  1.11663155e-07  6.00000000e-01 
 6.10000000e-01  4.57530193e-01  3.07875529e-09  4.57530193e-01  4.57530193e-01  3.39534681e-09  3.40805399e-09  4.57530193e-01  1.60958551e-07  1.11663141e-07  6.10000000e-01 
 6.20000000e-01  4.57530168e-01  3.07875529e-09  4.57530168e-01  4.57530168e-01  3.39534681e-09  3.40805398e-09  4.57530168e-01  1.60958504e-07  1.11662906e-07  6.20000000e-01 
 6.30000000e-01  4.57530180e-01  3.07875524e-09  4.57530180e-01  4.57530180e-01  3.39534681e-09  3.40805399e-09  4.57530180e-01  1.60958528e-07  1.11662970e-07  6.30000000e-01 
 6.40000000e-01  4.57530184e-01  3.07875531e-09  4.57530184e-01  4.57530184e-01  3.39534681e-09  3.40805399e-09  4.57530184e-01  1.60958524e-07  1.11662864e-07  6.40000000e-01 
 6.50000000e-01  4.57530189e-01  3.07875529e-09  4.57530188e-01  4.57530188e-01  3.39534687e-09  3.40805399e-09  4.57530189e-01  1.60958547e-07  1.11662715e-07  6.50000000e-01 
 6.60000000e-01  4.57530188e-01  3.07875529e-09  4.57530188e-01  4.57530188e-01  3.39534681e-09  3.40805399e-09  4.57530188e-01  1.60958540e-07  1.11662771e-07  6.60000000e-01 
 6.70000000e-01  4.57530153e-01  3.07875529e-09  4.57530153e-01  4.57530153e-01  3.39534681e-09  3.40805398e-09  4.57530153e-01  1.60958486e-07  1.11662466e-07  6.70000000e-01 
 6.80000000e-01  4.57530197e-01  3.07875529e-09  4.57530197e-01  4.57530197e-01  3.39534681e-09  3.40805399e-09  4.57530197e-01  1.60958554e-07  1.11662494e-07  6.80000000e-01 
 6.90000000e-01  4.57530178e-01  3.07875529e-09  4.57530178e-01  4.57530178e-01  3.39534681e-09  3.40805399e-09  4.57530178e-01  1.60958532e-07  1.11662487e-07  6.90000000e-01 
 7.00000000e-01  4.57530191e-01  3.07875529e-09  4.57530191e-01  4.57530191e-01  3.39534681e-09  3.40805399e-09  4.57530191e-01  1.60958556e-07  1.11662352e-07  7.00000000e-01 
 7.10000000e-01  4.57530197e-01  3.07875529e-09  4.57530197e-01  4.57530197e-01  3.39534681e-09  3.40805399e-09  4.57530197e-01  1.60958554e-07  1.11662295e-07  7.10000000e-01 
 7.20000000e-01  4.57530162e-01  3.07875529e-09  4.57530162e-01  4.57530162e-01  3.39534681e-09  3.40805393e-09  4.57530162e-01  1.60958492e-07  1.11662182e-07  7.20000000e-01 
 7.30000000e-01  4.57530197e-01  3.07875529e-09  4.57530197e-01  4.57530197e-01  3.39534681e-09  3.40805399e-09  4.57530197e-01  1.60958556e-07  1.11662096e-07  7.30000000e-01 
 7.40000000e-01  4.57530190e-01  3.07875529e-09  4.57530190e-01  4.57530190e-01  3.39534681e-09  3.40805399e-09  4.57530190e-01  1.60958550e-07  1.11662040e-07  7.40000000e-01 
 7.50000000e-01  4.57530177e-01  3.07875529e-09  4.57530177e-01  4.57530177e-01  3.39534681e-09  3.40805399e-09  4.57530177e-01  1.60958521e-07  1.11661940e-07  7.50000000e-01 
 7.60000000e-01  4.57530181e-01  3.07875524e-09  4.57530181e-01  4.57530181e-01  3.39534681e-09  3.40805399e-09  4.57530181e-01  1.60958527e-07  1.11661940e-07  7.60000000e-01 
 7.70000000e-01  4.57530202e-01  3.07875525e-09  4.57530202e-01  4.57530202e-01  3.39534681e-09  3.40805399e-09  4.57530202e-01  1.60958561e-07  1.11661748e-07  7.70000000e-01 
 7.80000000e-01  4.57530184e-01  3.07875530e-09  4.57530184e-01  4.57530184e-01  3.39534681e-09  3.40805399e-09  4.57530184e-01  1.60958544e-07  1.11661734e-07  7.80000000e-01 
 7.90000000e-01  4.57530166e-01  3.07875529e-09  4.57530166e-01  4.57530166e-01  3.39534681e-09  3.40805398e-09  4.57530166e-01  1.60958521e-07  1.11661613e-07  7.90000000e-01 
 8.00000000e-01  4.57530173e-01  3.07875529e-09  4.57530173e-01  4.57530173e-01  3.39534687e-09  3.40805399e-09  4.57530173e-01  1.60958541e-07  1.11661514e-07  8.00000000e-01 
 8.10000000e-01  4.57530184e-01  3.07875529e-09  4.57530184e-01  4.57530184e-01  3.39534687e-09  3.40805399e-09  4.57530184e-01  1.60958539e-07  1.11661478e-07  8.10000000e-01 
 8.20000000e-01  4.57530197e-01  3.07875529e-09  4.57530197e-01  4.57530197e-01  3.39534681e-09  3.40805399e-09  4.57530197e-01  1.60958551e-07  1.11661393e-07  8.20000000e-01 
 8.30000000e-01  4.57530148e-01  3.07875529e-09  4.57530148e-01  4.57530148e-01  3.39534681e-09  3.40805393e-09  4.57530148e-01  1.60958470e-07  1.11661208e-07  8.30000000e-01 
 8.40000000e-01  4.57530169e-01  3.07875529e-09  4.57530169e-01  4.57530169e-01  3.39534681e-09  3.40805398e-09  4.57530169e-01  1.60958497e-07  1.11661258e-07  8.40000000e-01 
 8.50000000e-01  4.57530173e-01  3.07875529e-09  4.57530173e-01  4.57530173e-01  3.39534681e-09  3.40805399e-09  4.57530173e-01  1.60958519e-07  1.11661166e-07  8.50000000e-01 
 8.60000000e-01  4.57530172e-01  3.07875529e-09  4.57530172e-01  4.57530172e-01  3.39534687e-09  3.40805399e-09  4.57530172e-01  1.60958520e-07  1.11661009e-07  8.60000000e-01 
 8.70000000e-01  4.57530164e-01  3.07875529e-09  4.57530164e-01  4.57530164e-01  3.39534681e-09  3.40805398e-09  4.57530164e-01  1.60958521e-07  1.11660960e-07  8.70000000e-01 
 8.80000000e-01  4.57530190e-01  3.07875529e-09  4.57530190e-01  4.57530190e-01  3.39534681e-09  3.40805399e-09  4.57530190e-01  1.60958542e-07  1.11660903e-07  8.80000000e-01 
 8.90000000e-01  4.57530170e-01  3.07875529e-09  4.57530170e-01  4.57530170e-01  3.39534681e-09  3.40805399e-09  4.57530170e-01  1.60958511e-07  1.11660832e-07  8.90000000e-01 
 9.00000000e-01  4.57530177e-01  3.07875529e-09  4.57530177e-01  4.57530177e-01  3.39534681e-09  3.40805399e-09  4.57530177e-01  1.60958525e-07  1.11660597e-07  9.00000000e-01 
 9.10000000e-01  4.57530188e-01  3.07875529e-09  4.57530188e-01  4.57530188e-01  3.39534681e-09  3.40805399e-09  4.57530188e-01  1.60958544e-07  1.11660775e-07  9.10000000e-01 
 9.20000000e-01  4.57530184e-01  3.07875529e-09  4.57530184e-01  4.57530184e-01  3.39534681e-09  3.40805399e-09  4.57530184e-01  1.60958537e-07  1.11660576e-07  9.20000000e-01 
 9.30000000e-01  4.57530219e-01  3.07875524e-09  4.57530219e-01  4.57530219e-01  3.39534681e-09  3.40805399e-09  4.57530219e-01  1.60958591e-07  1.11660640e-07  9.30000000e-01 
 9.40000000e-01  4.57530177e-01  3.07875531e-09  4.57530177e-01  4.57530177e-01  3.39534681e-09  3.40805399e-09  4.57530177e-01  1.60958513e-07  1.11660299e-07  9.40000000e-01 
 9.50000000e-01  4.57530157e-01  3.07875529e-09  4.57530157e-01  4.57530157e-01  3.39534681e-09  3.40805398e-09  4.57530157e-01  1.60958488e-07  1.11660114e-07  9.50000000e-01 
 9.60000000e-01  4.57530166e-01  3.07875529e-09  4.57530166e-01  4.57530166e-01  3.39534681e-09  3.40805398e-09  4.57530166e-01  1.60958512e-07  1.11660178e-07  9.60000000e-01 
 9.70000000e-01  4.57530173e-01  3.07875529e-09  4.57530173e-01  4.57530173e-01  3.39534681e-09  3.40805399e-09  4.57530173e-01  1.60958531e-07  1.11660121e-07  9.70000000e-01 
 9.80000000e-01  4.57530160e-01  3.07875529e-09  4.57530160e-01  4.57530160e-01  3.39534681e-09  3.40805398e-09  4.57530160e-01  1.60958496e-07  1.11660007e-07  9.80000000e-01 
 9.90000000e-01  4.57530163e-01  3.07875529e-09  4.57530163e-01  4.57530163e-01  3.39534681e-09  3.40805398e-09  4.57530163e-01  1.60958513e-07  1.11659809e-07  9.90000000e-01 
 1.00000000e+00  4.57530175e-01  3.07875529e-09  4.57530175e-01  4.57530175e-01  3.39534681e-09  3.40805399e-09  4.57530175e-01  1.60958530e-07  1.11659830e-07  1.00000000e+00 
 1.01000000e+00  4.57530161e-01  3.07875529e-09  4.57530161e-01  4.57530161e-01  3.39534681e-09  3.40805398e-09  4.57530161e-01  1.60958493e-07  1.11659752e-07  1.01000000e+00 
 1.02000000e+00  4.57530171e-01  3.07875529e-09  4.57530171e-01  4.57530171e-01  3.39534681e-09  3.40805399e-09  4.57530171e-01  1.60958527e-07  1.11659617e-07  1.02000000e+00 
 1.03000000e+00  4.57530188e-01  3.07875529e-09  4.57530188e-01  4.57530188e-01  3.39534681e-09  3.40805399e-09  4.57530188e-01  1.60958556e-07  1.11659539e-07  1.03000000e+00 
 1.04000000e+00  4.57530174e-01  3.07875524e-09  4.57530174e-01  4.57530174e-01  3.39534681e-09  3.40805399e-09  4.57530174e-01  1.60958515e-07  1.11659311e-07  1.04000000e+00 
 1.05000000e+00  4.57530184e-01  3.07875531e-09  4.57530184e-01  4.57530184e-01  3.39534681e-09  3.40805399e-09  4.57530184e-01  1.60958536e-07  1.11659418e-07  1.05000000e+00 
 1.06000000e+00  4.57530175e-01  3.07875529e-09  4.57530175e-01  4.57530175e-01  3.39534681e-09  3.40805399e-09  4.57530175e-01  1.60958518e-07  1.11659347e-07  1.06000000e+00 
 1.07000000e+00  4.57530171e-01  3.07875529e-09  4.57530171e-01  4.57530171e-01  3.39534681e-09  3.40805399e-09  4.57530171e-01  1.60958524e-07  1.11659212e-07  1.07000000e+00 
 1.08000000e+00  4.57530163e-01  3.07875529e-09  4.57530163e-01  4.57530163e-01  3.39534681e-09  3.40805398e-09  4.57530163e-01  1.60958512e-07  1.11658998e-07  1.08000000e+00 
 1.09000000e+00  4.57530186e-01  3.07875529e-09  4.57530186e-01  4.57530186e-01  3.39534681e-09  3.40805393e-09  4.57530186e-01  1.60958542e-07  1.11659034e-07  1.09000000e+00 
 1.10000000e+00  4.57530162e-01  3.07875529e-09  4.57530161e-01  4.57530161e-01  3.39534681e-09  3.40805398e-09  4.57530162e-01  1.60958497e-07  1.11658835e-07  1.10000000e+00 
 1.11000000e+00  4.57530159e-01  3.07875529e-09  4.57530159e-01  4.57530159e-01  3.39534681e-09  3.40805398e-09  4.57530159e-01  1.60958515e-07  1.11658814e-07  1.11000000e+00 
 1.12000000e+00  4.57530180e-01  3.07875529e-09  4.57530180e-01  4.57530180e-01  3.39534681e-09  3.40805399e-09  4.57530180e-01  1.60958528e-07  1.11658707e-07  1.12000000e+00 
 1.13000000e+00  4.57530215e-01  3.07875530e-09  4.57530215e-01  4.57530215e-01  3.39534681e-09  3.40805399e-09  4.57530215e-01  1.60958579e-07  1.11658707e-07  1.13000000e+00 
 1.14000000e+00  4.57530175e-01  3.07875529e-09  4.57530175e-01  4.57530175e-01  3.39534681e-09  3.40805399e-09  4.57530175e-01  1.60958522e-07  1.11658480e-07  1.14000000e+00 
 1.15000000e+00  4.57530174e-01  3.07875529e-09  4.57530174e-01  4.57530174e-01  3.39534681e-09  3.40805399e-09  4.57530174e-01  1.60958539e-07  1.11658451e-07  1.15000000e+00 
 1.16000000e+00  4.57530192e-01  3.07875524e-09  4.57530192e-01  4.57530192e-01  3.39534681e-09  3.40805393e-09  4.57530192e-01  1.60958551e-07  1.11658409e-07  1.16000000e+00 
 1.17000000e+00  4.57530184e-01  3.07875525e-09  4.57530184e-01  4.57530184e-01  3.39534681e-09  3.40805393e-09  4.57530184e-01  1.60958542e-07  1.11658252e-07  1.17000000e+00 
 1.18000000e+00  4.57530197e-01  3.07875530e-09  4.57530197e-01  4.57530197e-01  3.39534681e-09  3.40805399e-09  4.57530197e-01  1.60958551e-07  1.11658267e-07  1.18000000e+00 
 1.19000000e+00  4.57530152e-01  3.07875529e-09  4.57530152e-01  4.57530152e-01  3.39534681e-09  3.40805398e-09  4.57530152e-01  1.60958492e-07  1.11658025e-07  1.19000000e+00 
 1.20000000e+00  4.57530156e-01  3.07875529e-09  4.57530156e-01  4.57530156e-01  3.39534681e-09  3.40805398e-09  4.57530156e-01  1.60958494e-07  1.11657954e-07  1.20000000e+00 
 1.21000000e+00  4.57530163e-01  3.07875529e-09  4.57530163e-01  4.57530163e-01  3.39534681e-09  3.40805393e-09  4.57530163e-01  1.60958505e-07  1.11657755e-07  1.21000000e+00 
 1.22000000e+00  4.57530172e-01  3.07875529e-09  4.57530172e-01  4.57530172e-01  3.39534681e-09  3.40805399e-09  4.57530172e-01  1.60958520e-07  1.11657585e-07  1.22000000e+00 
 1.23000000e+00  4.57530150e-01  3.07875529e-09  4.57530150e-01  4.57530150e-01  3.39534681e-09  3.40805393e-09  4.57530150e-01  1.60958478e-07  1.11657428e-07  1.23000000e+00 
 1.24000000e+00  4.57530178e-01  3.07875529e-09  4.57530178e-01  4.57530178e-01  3.39534681e-09  3.40805399e-09  4.57530178e-01  1.60958519e-07  1.11657499e-07  1.24000000e+00 
 1.25000000e+00  4.57530181e-01  3.07875529e-09  4.57530181e-01  4.57530181e-01  3.39534681e-09  3.40805399e-09  4.57530181e-01  1.60958545e-07  1.11657286e-07  1.25000000e+00 
 1.26000000e+00  4.57530196e-01  3.07875529e-09  4.57530196e-01  4.57530196e-01  3.39534681e-09  3.40805399e-09  4.57530196e-01  1.60958564e-07  1.11657428e-07  1.26000000e+00 
 1.27000000e+00  4.57530166e-01  3.07875529e-09  4.57530165e-01  4.57530166e-01  3.39534681e-09  3.40805398e-09  4.57530166e-01  1.60958506e-07  1.11657101e-07  1.27000000e+00 
 1.28000000e+00  4.57530180e-01  3.07875524e-09  4.57530180e-01  4.57530180e-01  3.39534681e-09  3.40805399e-09  4.57530180e-01  1.60958530e-07  1.11656988e-07  1.28000000e+00 
 1.29000000e+00  4.57530168e-01  3.07875525e-09  4.57530168e-01  4.57530168e-01  3.39534681e-09  3.40805398e-09  4.57530168e-01  1.60958498e-07  1.11656774e-07  1.29000000e+00 
 1.30000000e+00  4.57530149e-01  3.07875530e-09  4.57530149e-01  4.57530149e-01  3.39534681e-09  3.40805398e-09  4.57530149e-01  1.60958491e-07  1.11656661e-07  1.30000000e+00 
 1.31000000e+00  4.57530166e-01  3.07875529e-09  4.57530166e-01  4.57530166e-01  3.39534681e-09  3.40805398e-09  4.57530166e-01  1.60958509e-07  1.11656632e-07  1.31000000e+00 
 1.32000000e+00  4.57530165e-01  3.07875529e-09  4.57530165e-01  4.57530165e-01  3.39534681e-09  3.40805398e-09  4.57530165e-01  1.60958520e-07  1.11656377e-07  1.32000000e+00 
 1.33000000e+00  4.57530185e-01  3.07875529e-09  4.57530185e-01  4.57530185e-01  3.39534681e-09  3.40805393e-09  4.57530185e-01  1.60958543e-07  1.11656362e-07  1.33000000e+00 
 1.34000000e+00  4.57530175e-01  3.07875524e-09  4.57530175e-01  4.57530175e-01  3.39534687e-09  3.40805393e-09  4.57530175e-01  1.60958519e-07  1.11656092e-07  1.34000000e+00 
 1.35000000e+00  4.57530174e-01  3.07875531e-09  4.57530174e-01  4.57530174e-01  3.39534681e-09  3.40805399e-09  4.57530174e-01  1.60958521e-07  1.11655979e-07  1.35000000e+00 
 1.36000000e+00  4.57530184e-01  3.07875529e-09  4.57530184e-01  4.57530184e-01  3.39534681e-09  3.40805399e-09  4.57530184e-01  1.60958544e-07  1.11655808e-07  1.36000000e+00 
 1.37000000e+00  4.57530186e-01  3.07875529e-09  4.57530186e-01  4.57530186e-01  3.39534687e-09  3.40805393e-09  4.57530186e-01  1.60958547e-07  1.11655652e-07  1.37000000e+00 
 1.38000000e+00  4.57530183e-01  3.07875529e-09  4.57530183e-01  4.57530183e-01  3.39534681e-09  3.40805399e-09  4.57530183e-01  1.60958535e-07  1.11655581e-07  1.38000000e+00 
 1.39000000e+00  4.57530166e-01  3.07875529e-09  4.57530166e-01  4.57530166e-01  3.39534681e-09  3.40805398e-09  4.57530166e-01  1.60958523e-07  1.11655325e-07  1.39000000e+00 
 1.40000000e+00  4.57530165e-01  3.07875529e-09  4.57530164e-01  4.57530164e-01  3.39534681e-09  3.40805398e-09  4.57530165e-01  1.60958515e-07  1.11654998e-07  1.40000000e+00 
 1.41000000e+00  4.57530176e-01  3.07875529e-09  4.57530176e-01  4.57530176e-01  3.39534681e-09  3.40805399e-09  4.57530176e-01  1.60958532e-07  1.11654828e-07  1.41000000e+00 
 1.42000000e+00  4.57530186e-01  3.07875529e-09  4.57530186e-01  4.57530186e-01  3.39534687e-09  3.40805399e-09  4.57530186e-01  1.60958544e-07  1.11654657e-07  1.42000000e+00 
 1.43000000e+00  4.57530172e-01  3.07875529e-09  4.57530172e-01  4.57530172e-01  3.39534681e-09  3.40805399e-09  4.57530172e-01  1.60958519e-07  1.11654302e-07  1.43000000e+00 
 1.44000000e+00  4.57530157e-01  3.07875529e-09  4.57530157e-01  4.57530157e-01  3.39534681e-09  3.40805398e-09  4.57530157e-01  1.60958496e-07  1.11653904e-07  1.44000000e+00 
 1.45000000e+00  4.57530190e-01  3.07875529e-09  4.57530190e-01  4.57530190e-01  3.39534681e-09  3.40805399e-09  4.57530190e-01  1.60958545e-07  1.11653719e-07  1.45000000e+00 
 1.46000000e+00  4.57530184e-01  3.07875529e-09  4.57530184e-01  4.57530184e-01  3.39534681e-09  3.40805393e-09  4.57530184e-01  1.60958542e-07  1.11653350e-07  1.46000000e+00 
 1.47000000e+00  4.57530193e-01  3.07875529e-09  4.57530193e-01  4.57530193e-01  3.39534681e-09  3.40805399e-09  4.57530193e-01  1.60958561e-07  1.11652895e-07  1.47000000e+00 
 1.48000000e+00  4.57530178e-01  3.07875529e-09  4.57530178e-01  4.57530178e-01  3.39534681e-09  3.40805399e-09  4.57530178e-01  1.60958527e-07  1.11652142e-07  1.48000000e+00 
 1.49000000e+00  4.57530179e-01  3.07875529e-09  4.57530179e-01  4.57530179e-01  3.39534681e-09  3.40805399e-09  4.57530179e-01  1.60958517e-07  1.11651715e-07  1.49000000e+00 
 1.50000000e+00  4.57530186e-01  3.07875529e-09  4.57530185e-01  4.57530186e-01  3.39534681e-09  3.40805399e-09  4.57530186e-01  1.60958529e-07  1.11650849e-07  1.50000000e+00 
 1.51000000e+00  4.57530184e-01  3.07875529e-09  4.57530184e-01  4.57530184e-01  3.39534681e-09  3.40805399e-09  4.57530184e-01  1.60958533e-07  1.11649840e-07  1.51000000e+00 
 1.52000000e+00  4.57530173e-01  3.07875529e-09  4.57530173e-01  4.57530173e-01  3.39534681e-09  3.40805399e-09  4.57530173e-01  1.60958527e-07  1.11648447e-07  1.52000000e+00 
 1.53000000e+00  4.57530186e-01  3.07875524e-09  4.57530185e-01  4.57530185e-01  3.39534681e-09  3.40805399e-09  4.57530186e-01  1.60958542e-07  1.11646571e-07  1.53000000e+00 
 1.54000000e+00  4.57530191e-01  3.07875531e-09  4.57530191e-01  4.57530191e-01  3.39534681e-09  3.40805399e-09  4.57530191e-01  1.60958549e-07  1.11643928e-07  1.54000000e+00 
 1.55000000e+00  4.57530185e-01  3.07875523e-09  4.57530185e-01  4.57530185e-01  3.39534687e-09  3.40805399e-09  4.57530185e-01  1.60958532e-07  1.11640077e-07  1.55000000e+00 
 1.56000000e+00  4.57530148e-01  3.07875531e-09  4.57530148e-01  4.57530148e-01  3.39534681e-09  3.40805393e-09  4.57530148e-01  1.60958493e-07  1.11633682e-07  1.56000000e+00 
 1.57000000e+00  4.57530176e-01  3.07875529e-09  4.57530176e-01  4.57530176e-01  3.39534681e-09  3.40805393e-09  4.57530176e-01  1.60958534e-07  1.11623592e-07  1.57000000e+00 
 1.58000000e+00  4.57530184e-01  3.07875529e-09  4.57530184e-01  4.57530184e-01  3.39534681e-09  3.40805393e-09  4.57530184e-01  1.60958542e-07  1.11606084e-07  1.58000000e+00 
 1.59000000e+00  4.57530211e-01  3.07875530e-09  4.57530211e-01  4.57530211e-01  3.39534681e-09  3.40805393e-09  4.57530211e-01  1.60958569e-07  1.11574010e-07  1.59000000e+00 
 1.60000000e+00  4.57530167e-01  3.07875529e-09  4.57530167e-01  4.57530167e-01  3.39534681e-09  3.40805398e-09  4.57530167e-01  1.60958510e-07  1.11512790e-07  1.60000000e+00 
 1.61000000e+00  4.57530166e-01  3.07875529e-09  4.57530166e-01  4.57530166e-01  3.39534681e-09  3.40805398e-09  4.57530166e-01  1.60958515e-07  1.11382334e-07  1.61000000e+00 
 1.62000000e+00  4.57530186e-01  3.07875529e-09  4.57530186e-01  4.57530186e-01  3.39534681e-09  3.40805399e-09  4.57530186e-01  1.60958556e-07  1.11010337e-07  1.62000000e+00 
 1.63000000e+00  4.57530187e-01  3.07875529e-09  4.57530186e-01  4.57530186e-01  3.39534681e-09  3.40805399e-09  4.57530187e-01  1.60958542e-07  1.09959259e-07  1.63000000e+00 
 1.64000000e+00  4.57530197e-01  3.07875529e-09  4.57530197e-01  4.57530197e-01  3.39534681e-09  3.40805399e-09  4.57530197e-01  1.60958547e-07  1.07759575e-07  1.64000000e+00 
 1.65000000e+00  4.57530167e-01  3.07875524e-09  4.57530167e-01  4.57530167e-01  3.39534681e-09  3.40805398e-09  4.57530167e-01  1.60958510e-07  8.87968099e-08  1.65000000e+00 
 1.66000000e+00  4.57530185e-01  3.07875529e-09  4.57530185e-01  4.57530185e-01  3.39534681e-09  3.40805399e-09  4.57530185e-01  1.60958532e-07  7.21924209e-08  1.66000000e+00 
 1.67000000e+00  4.57530193e-01  3.07875529e-09  4.57530193e-01  4.57530193e-01  3.39534681e-09  3.40805399e-09  4.57530193e-01  1.60958565e-07  5.81874531e-08  1.67000000e+00 
 1.68000000e+00  4.57530169e-01  3.07875529e-09  4.57530169e-01  4.57530169e-01  3.39534681e-09  3.40805393e-09  4.57530169e-01  1.60958519e-07  4.65047663e-08  1.68000000e+00 
 1.69000000e+00  4.57530177e-01  3.07875529e-09  4.57530177e-01  4.57530177e-01  3.39534681e-09  3.40805399e-09  4.57530177e-01  1.60958537e-07  3.68385429e-08  1.69000000e+00 
 1.70000000e+00  4.57530181e-01  3.07875529e-09  4.57530181e-01  4.57530181e-01  3.39534681e-09  3.40805399e-09  4.57530181e-01  1.60958542e-07  2.88851112e-08  1.70000000e+00 
 1.71000000e+00  4.57530176e-01  3.07875529e-09  4.57530176e-01  4.57530176e-01  3.39534681e-09  3.40805399e-09  4.57530176e-01  1.60958527e-07  2.23671890e-08  1.71000000e+00 
 1.72000000e+00  4.57530176e-01  3.07875529e-09  4.57530175e-01  4.57530176e-01  3.39534681e-09  3.40805399e-09  4.57530176e-01  1.60958538e-07  1.70402927e-08  1.72000000e+00 
 1.73000000e+00  4.57530172e-01  3.07875529e-09  4.57530172e-01  4.57530172e-01  3.39534681e-09  3.40805399e-09  4.57530172e-01  1.60958520e-07  1.26921549e-08  1.73000000e+00 
 1.74000000e+00  4.57530172e-01  3.07875529e-09  4.57530172e-01  4.57530172e-01  3.39534681e-09  3.40805399e-09  4.57530172e-01  1.60958515e-07  9.13915699e-09  1.74000000e+00 
 1.75000000e+00  4.57530170e-01  3.07875529e-09  4.57530170e-01  4.57530170e-01  3.39534681e-09  3.40805399e-09  4.57530170e-01  1.60958523e-07  6.22226537e-09  1.75000000e+00 
 1.76000000e+00  4.57530172e-01  3.07875524e-09  4.57530172e-01  4.57530172e-01  3.39534681e-09  3.40805399e-09  4.57530172e-01  1.60958514e-07  3.80519793e-09  1.76000000e+00 
 1.77000000e+00  4.57530176e-01  3.07875525e-09  4.57530176e-01  4.57530176e-01  3.39534681e-09  3.40805399e-09  4.57530176e-01  1.60958531e-07  1.78130222e-09  1.77000000e+00 
 1.78000000e+00  4.57530167e-01  3.07875530e-09  4.57530167e-01  4.57530167e-01  3.39534681e-09  3.40805398e-09  4.57530167e-01  1.60958512e-07  8.53077609e-11  1.78000000e+00 
 1.79000000e+00  4.57530160e-01  3.07875529e-09  4.57530160e-01  4.57530160e-01  3.39534681e-09  3.40805393e-09  4.57530160e-01  1.60958494e-07 -1.30201272e-09  1.79000000e+00 
 1.80000000e+00  4.57530172e-01  3.07875529e-09  4.57530172e-01  4.57530172e-01  3.39534681e-09  3.40805399e-09  4.57530172e-01  1.60958516e-07 -2.37818654e-09  1.80000000e+00 
