 v-sweep         v(b0)           v(b1)           v(b2)           v(b3)           v(b4)           v(b5)           v(b6)           i(vbias)        i(viout)        v(vout)        
 0.00000000e+00  3.38417305e-09  3.13295849e-09  3.57842253e-09  4.59963208e-01  3.37160757e-09  3.37738415e-09  4.59963208e-01  1.60018366e-07  1.14397946e-07  0.00000000e+00 
 1.00000000e-02  3.38417310e-09  3.13295848e-09  3.57842247e-09  4.59963205e-01  3.37160757e-09  3.37738421e-09  4.59963205e-01  1.60018376e-07  1.14397479e-07  1.00000000e-02 
 2.00000000e-02  3.38417305e-09  3.13295848e-09  3.57842247e-09  4.59963195e-01  3.37160751e-09  3.37738419e-09  4.59963196e-01  1.60018360e-07  1.14397151e-07  2.00000000e-02 
 3.00000000e-02  3.38417310e-09  3.13295848e-09  3.57842247e-09  4.59963189e-01  3.37160751e-09  3.37738420e-09  4.59963190e-01  1.60018355e-07  1.14396739e-07  3.00000000e-02 
 4.00000000e-02  3.38417310e-09  3.13295842e-09  3.57842247e-09  4.59963188e-01  3.37160751e-09  3.37738414e-09  4.59963188e-01  1.60018353e-07  1.14396281e-07  4.00000000e-02 
 5.00000000e-02  3.38417305e-09  3.13295848e-09  3.57842252e-09  4.59963188e-01  3.37160751e-09  3.37738415e-09  4.59963188e-01  1.60018358e-07  1.14395969e-07  5.00000000e-02 
 6.00000000e-02  3.38417305e-09  3.13295848e-09  3.57842252e-09  4.59963203e-01  3.37160757e-09  3.37738415e-09  4.59963204e-01  1.60018366e-07  1.14395655e-07  6.00000000e-02 
 7.00000000e-02  3.38417310e-09  3.13295848e-09  3.57842247e-09  4.59963190e-01  3.37160757e-09  3.37738415e-09  4.59963190e-01  1.60018339e-07  1.14395295e-07  7.00000000e-02 
 8.00000000e-02  3.38417305e-09  3.13295848e-09  3.57842253e-09  4.59963223e-01  3.37160757e-09  3.37738415e-09  4.59963223e-01  1.60018405e-07  1.14395066e-07  8.00000000e-02 
 9.00000000e-02  3.38417310e-09  3.13295848e-09  3.57842252e-09  4.59963208e-01  3.37160757e-09  3.37738415e-09  4.59963208e-01  1.60018378e-07  1.14394704e-07  9.00000000e-02 
 1.00000000e-01  3.38417310e-09  3.13295848e-09  3.57842252e-09  4.59963199e-01  3.37160751e-09  3.37738420e-09  4.59963199e-01  1.60018348e-07  1.14394566e-07  1.00000000e-01 
 1.10000000e-01  3.38417305e-09  3.13295848e-09  3.57842247e-09  4.59963207e-01  3.37160757e-09  3.37738419e-09  4.59963207e-01  1.60018381e-07  1.14394238e-07  1.10000000e-01 
 1.20000000e-01  3.38417310e-09  3.13295848e-09  3.57842247e-09  4.59963213e-01  3.37160751e-09  3.37738414e-09  4.59963213e-01  1.60018377e-07  1.14393990e-07  1.20000000e-01 
 1.30000000e-01  3.38417310e-09  3.13295842e-09  3.57842252e-09  4.59963204e-01  3.37160757e-09  3.37738415e-09  4.59963204e-01  1.60018367e-07  1.14393623e-07  1.30000000e-01 
 1.40000000e-01  3.38417311e-09  3.13295848e-09  3.57842247e-09  4.59963225e-01  3.37160751e-09  3.37738421e-09  4.59963225e-01  1.60018386e-07  1.14393520e-07  1.40000000e-01 
 1.50000000e-01  3.38417311e-09  3.13295848e-09  3.57842253e-09  4.59963220e-01  3.37160751e-09  3.37738414e-09  4.59963220e-01  1.60018389e-07  1.14393359e-07  1.50000000e-01 
 1.60000000e-01  3.38417305e-09  3.13295848e-09  3.57842252e-09  4.59963188e-01  3.37160751e-09  3.37738415e-09  4.59963188e-01  1.60018344e-07  1.14393089e-07  1.60000000e-01 
 1.70000000e-01  3.38417305e-09  3.13295848e-09  3.57842253e-09  4.59963220e-01  3.37160751e-09  3.37738421e-09  4.59963220e-01  1.60018403e-07  1.14392948e-07  1.70000000e-01 
 1.80000000e-01  3.38417305e-09  3.13295848e-09  3.57842252e-09  4.59963188e-01  3.37160751e-09  3.37738413e-09  4.59963188e-01  1.60018349e-07  1.14392650e-07  1.80000000e-01 
 1.90000000e-01  3.38417310e-09  3.13295848e-09  3.57842252e-09  4.59963210e-01  3.37160751e-09  3.37738415e-09  4.59963210e-01  1.60018373e-07  1.14392558e-07  1.90000000e-01 
 2.00000000e-01  3.38417305e-09  3.13295842e-09  3.57842247e-09  4.59963208e-01  3.37160757e-09  3.37738421e-09  4.59963209e-01  1.60018378e-07  1.14392357e-07  2.00000000e-01 
 2.10000000e-01  3.38417305e-09  3.13295848e-09  3.57842247e-09  4.59963219e-01  3.37160751e-09  3.37738414e-09  4.59963219e-01  1.60018399e-07  1.14392103e-07  2.10000000e-01 
 2.20000000e-01  3.38417310e-09  3.13295842e-09  3.57842252e-09  4.59963199e-01  3.37160757e-09  3.37738415e-09  4.59963199e-01  1.60018367e-07  1.14391989e-07  2.20000000e-01 
 2.30000000e-01  3.38417305e-09  3.13295848e-09  3.57842253e-09  4.59963219e-01  3.37160751e-09  3.37738415e-09  4.59963219e-01  1.60018398e-07  1.14391865e-07  2.30000000e-01 
 2.40000000e-01  3.38417305e-09  3.13295848e-09  3.57842252e-09  4.59963201e-01  3.37160757e-09  3.37738415e-09  4.59963202e-01  1.60018370e-07  1.14391582e-07  2.40000000e-01 
 2.50000000e-01  3.38417311e-09  3.13295842e-09  3.57842253e-09  4.59963220e-01  3.37160751e-09  3.37738415e-09  4.59963220e-01  1.60018390e-07  1.14391529e-07  2.50000000e-01 
 2.60000000e-01  3.38417305e-09  3.13295848e-09  3.57842252e-09  4.59963185e-01  3.37160757e-09  3.37738420e-09  4.59963185e-01  1.60018341e-07  1.14391248e-07  2.60000000e-01 
 2.70000000e-01  3.38417305e-09  3.13295848e-09  3.57842247e-09  4.59963204e-01  3.37160751e-09  3.37738414e-09  4.59963205e-01  1.60018376e-07  1.14391188e-07  2.70000000e-01 
 2.80000000e-01  3.38417310e-09  3.13295842e-09  3.57842252e-09  4.59963199e-01  3.37160757e-09  3.37738415e-09  4.59963199e-01  1.60018358e-07  1.14390991e-07  2.80000000e-01 
 2.90000000e-01  3.38417310e-09  3.13295842e-09  3.57842252e-09  4.59963185e-01  3.37160751e-09  3.37738420e-09  4.59963186e-01  1.60018340e-07  1.14390900e-07  2.90000000e-01 
 3.00000000e-01  3.38417305e-09  3.13295848e-09  3.57842252e-09  4.59963200e-01  3.37160751e-09  3.37738414e-09  4.59963200e-01  1.60018362e-07  1.14390822e-07  3.00000000e-01 
 3.10000000e-01  3.38417305e-09  3.13295848e-09  3.57842252e-09  4.59963203e-01  3.37160757e-09  3.37738415e-09  4.59963204e-01  1.60018362e-07  1.14390716e-07  3.10000000e-01 
 3.20000000e-01  3.38417310e-09  3.13295848e-09  3.57842252e-09  4.59963184e-01  3.37160757e-09  3.37738415e-09  4.59963184e-01  1.60018342e-07  1.14390559e-07  3.20000000e-01 
 3.30000000e-01  3.38417311e-09  3.13295848e-09  3.57842247e-09  4.59963221e-01  3.37160757e-09  3.37738415e-09  4.59963221e-01  1.60018401e-07  1.14390541e-07  3.30000000e-01 
 3.40000000e-01  3.38417305e-09  3.13295848e-09  3.57842247e-09  4.59963235e-01  3.37160751e-09  3.37738415e-09  4.59963235e-01  1.60018417e-07  1.14390456e-07  3.40000000e-01 
 3.50000000e-01  3.38417310e-09  3.13295848e-09  3.57842246e-09  4.59963175e-01  3.37160757e-09  3.37738420e-09  4.59963175e-01  1.60018321e-07  1.14390190e-07  3.50000000e-01 
 3.60000000e-01  3.38417305e-09  3.13295848e-09  3.57842246e-09  4.59963185e-01  3.37160757e-09  3.37738413e-09  4.59963185e-01  1.60018332e-07  1.14390094e-07  3.60000000e-01 
 3.70000000e-01  3.38417305e-09  3.13295848e-09  3.57842252e-09  4.59963207e-01  3.37160757e-09  3.37738415e-09  4.59963207e-01  1.60018379e-07  1.14390112e-07  3.70000000e-01 
 3.80000000e-01  3.38417310e-09  3.13295848e-09  3.57842247e-09  4.59963210e-01  3.37160757e-09  3.37738415e-09  4.59963210e-01  1.60018377e-07  1.14389952e-07  3.80000000e-01 
 3.90000000e-01  3.38417310e-09  3.13295848e-09  3.57842252e-09  4.59963189e-01  3.37160757e-09  3.37738415e-09  4.59963189e-01  1.60018351e-07  1.14389842e-07  3.90000000e-01 
 4.00000000e-01  3.38417305e-09  3.13295848e-09  3.57842252e-09  4.59963192e-01  3.37160757e-09  3.37738415e-09  4.59963192e-01  1.60018344e-07  1.14389795e-07  4.00000000e-01 
 4.10000000e-01  3.38417310e-09  3.13295848e-09  3.57842252e-09  4.59963206e-01  3.37160757e-09  3.37738415e-09  4.59963207e-01  1.60018368e-07  1.14389639e-07  4.10000000e-01 
 4.20000000e-01  3.38417310e-09  3.13295848e-09  3.57842247e-09  4.59963204e-01  3.37160757e-09  3.37738415e-09  4.59963204e-01  1.60018361e-07  1.14389618e-07  4.20000000e-01 
 4.30000000e-01  3.38417305e-09  3.13295848e-09  3.57842252e-09  4.59963211e-01  3.37160757e-09  3.37738415e-09  4.59963211e-01  1.60018382e-07  1.14389398e-07  4.30000000e-01 
 4.40000000e-01  3.38417310e-09  3.13295848e-09  3.57842252e-09  4.59963207e-01  3.37160751e-09  3.37738415e-09  4.59963207e-01  1.60018377e-07  1.14389451e-07  4.40000000e-01 
 4.50000000e-01  3.38417310e-09  3.13295848e-09  3.57842252e-09  4.59963204e-01  3.37160751e-09  3.37738415e-09  4.59963204e-01  1.60018364e-07  1.14389191e-07  4.50000000e-01 
 4.60000000e-01  3.38417305e-09  3.13295848e-09  3.57842252e-09  4.59963190e-01  3.37160757e-09  3.37738415e-09  4.59963190e-01  1.60018361e-07  1.14389206e-07  4.60000000e-01 
 4.70000000e-01  3.38417310e-09  3.13295848e-09  3.57842252e-09  4.59963182e-01  3.37160751e-09  3.37738420e-09  4.59963182e-01  1.60018338e-07  1.14389060e-07  4.70000000e-01 
 4.80000000e-01  3.38417310e-09  3.13295848e-09  3.57842252e-09  4.59963190e-01  3.37160751e-09  3.37738419e-09  4.59963190e-01  1.60018356e-07  1.14388968e-07  4.80000000e-01 
 4.90000000e-01  3.38417310e-09  3.13295848e-09  3.57842252e-09  4.59963207e-01  3.37160757e-09  3.37738414e-09  4.59963207e-01  1.60018364e-07  1.14388968e-07  4.90000000e-01 
 5.00000000e-01  3.38417305e-09  3.13295848e-09  3.57842252e-09  4.59963185e-01  3.37160757e-09  3.37738415e-09  4.59963185e-01  1.60018343e-07  1.14388818e-07  5.00000000e-01 
 5.10000000e-01  3.38417310e-09  3.13295848e-09  3.57842252e-09  4.59963199e-01  3.37160751e-09  3.37738415e-09  4.59963199e-01  1.60018370e-07  1.14388779e-07  5.10000000e-01 
 5.20000000e-01  3.38417310e-09  3.13295848e-09  3.57842252e-09  4.59963204e-01  3.37160751e-09  3.37738415e-09  4.59963205e-01  1.60018367e-07  1.14388754e-07  5.20000000e-01 
 5.30000000e-01  3.38417305e-09  3.13295848e-09  3.57842252e-09  4.59963195e-01  3.37160757e-09  3.37738420e-09  4.59963195e-01  1.60018360e-07  1.14388527e-07  5.30000000e-01 
 5.40000000e-01  3.38417311e-09  3.13295848e-09  3.57842247e-09  4.59963222e-01  3.37160757e-09  3.37738419e-09  4.59963222e-01  1.60018396e-07  1.14388591e-07  5.40000000e-01 
 5.50000000e-01  3.38417310e-09  3.13295848e-09  3.57842252e-09  4.59963199e-01  3.37160757e-09  3.37738414e-09  4.59963199e-01  1.60018369e-07  1.14388374e-07  5.50000000e-01 
 5.60000000e-01  3.38417305e-09  3.13295848e-09  3.57842252e-09  4.59963181e-01  3.37160757e-09  3.37738415e-09  4.59963181e-01  1.60018337e-07  1.14388275e-07  5.60000000e-01 
 5.70000000e-01  3.38417305e-09  3.13295848e-09  3.57842252e-09  4.59963203e-01  3.37160757e-09  3.37738421e-09  4.59963203e-01  1.60018364e-07  1.14388232e-07  5.70000000e-01 
 5.80000000e-01  3.38417311e-09  3.13295848e-09  3.57842253e-09  4.59963221e-01  3.37160751e-09  3.37738419e-09  4.59963221e-01  1.60018395e-07  1.14388229e-07  5.80000000e-01 
 5.90000000e-01  3.38417310e-09  3.13295848e-09  3.57842252e-09  4.59963182e-01  3.37160751e-09  3.37738420e-09  4.59963183e-01  1.60018334e-07  1.14388094e-07  5.90000000e-01 
 6.00000000e-01  3.38417310e-09  3.13295848e-09  3.57842247e-09  4.59963204e-01  3.37160751e-09  3.37738414e-09  4.59963204e-01  1.60018356e-07  1.14388087e-07  6.00000000e-01 
 6.10000000e-01  3.38417305e-09  3.13295848e-09  3.57842252e-09  4.59963201e-01  3.37160757e-09  3.37738415e-09  4.59963201e-01  1.60018373e-07  1.14387923e-07  6.10000000e-01 
 6.20000000e-01  3.38417310e-09  3.13295848e-09  3.57842252e-09  4.59963193e-01  3.37160751e-09  3.37738415e-09  4.59963193e-01  1.60018368e-07  1.14387873e-07  6.20000000e-01 
 6.30000000e-01  3.38417310e-09  3.13295848e-09  3.57842252e-09  4.59963184e-01  3.37160757e-09  3.37738415e-09  4.59963184e-01  1.60018349e-07  1.14387696e-07  6.30000000e-01 
 6.40000000e-01  3.38417310e-09  3.13295848e-09  3.57842252e-09  4.59963210e-01  3.37160751e-09  3.37738415e-09  4.59963210e-01  1.60018372e-07  1.14387767e-07  6.40000000e-01 
 6.50000000e-01  3.38417310e-09  3.13295848e-09  3.57842252e-09  4.59963203e-01  3.37160751e-09  3.37738415e-09  4.59963203e-01  1.60018360e-07  1.14387547e-07  6.50000000e-01 
 6.60000000e-01  3.38417305e-09  3.13295848e-09  3.57842247e-09  4.59963214e-01  3.37160757e-09  3.37738415e-09  4.59963214e-01  1.60018383e-07  1.14387660e-07  6.60000000e-01 
 6.70000000e-01  3.38417305e-09  3.13295848e-09  3.57842253e-09  4.59963236e-01  3.37160751e-09  3.37738421e-09  4.59963236e-01  1.60018405e-07  1.14387653e-07  6.70000000e-01 
 6.80000000e-01  3.38417310e-09  3.13295848e-09  3.57842247e-09  4.59963193e-01  3.37160757e-09  3.37738413e-09  4.59963193e-01  1.60018352e-07  1.14387355e-07  6.80000000e-01 
 6.90000000e-01  3.38417305e-09  3.13295848e-09  3.57842247e-09  4.59963191e-01  3.37160751e-09  3.37738415e-09  4.59963191e-01  1.60018357e-07  1.14387213e-07  6.90000000e-01 
 7.00000000e-01  3.38417305e-09  3.13295848e-09  3.57842247e-09  4.59963206e-01  3.37160757e-09  3.37738421e-09  4.59963206e-01  1.60018363e-07  1.14387163e-07  7.00000000e-01 
 7.10000000e-01  3.38417310e-09  3.13295848e-09  3.57842252e-09  4.59963207e-01  3.37160757e-09  3.37738414e-09  4.59963207e-01  1.60018385e-07  1.14387205e-07  7.10000000e-01 
 7.20000000e-01  3.38417310e-09  3.13295848e-09  3.57842252e-09  4.59963201e-01  3.37160757e-09  3.37738415e-09  4.59963201e-01  1.60018370e-07  1.14387106e-07  7.20000000e-01 
 7.30000000e-01  3.38417310e-09  3.13295848e-09  3.57842247e-09  4.59963189e-01  3.37160757e-09  3.37738415e-09  4.59963190e-01  1.60018348e-07  1.14386950e-07  7.30000000e-01 
 7.40000000e-01  3.38417310e-09  3.13295848e-09  3.57842252e-09  4.59963211e-01  3.37160757e-09  3.37738415e-09  4.59963211e-01  1.60018376e-07  1.14386822e-07  7.40000000e-01 
 7.50000000e-01  3.38417305e-09  3.13295848e-09  3.57842252e-09  4.59963201e-01  3.37160751e-09  3.37738415e-09  4.59963201e-01  1.60018357e-07  1.14386808e-07  7.50000000e-01 
 7.60000000e-01  3.38417310e-09  3.13295848e-09  3.57842252e-09  4.59963189e-01  3.37160751e-09  3.37738415e-09  4.59963189e-01  1.60018344e-07  1.14386864e-07  7.60000000e-01 
 7.70000000e-01  3.38417310e-09  3.13295848e-09  3.57842247e-09  4.59963212e-01  3.37160751e-09  3.37738421e-09  4.59963212e-01  1.60018396e-07  1.14386701e-07  7.70000000e-01 
 7.80000000e-01  3.38417305e-09  3.13295842e-09  3.57842252e-09  4.59963206e-01  3.37160757e-09  3.37738419e-09  4.59963206e-01  1.60018368e-07  1.14386459e-07  7.80000000e-01 
 7.90000000e-01  3.38417310e-09  3.13295848e-09  3.57842252e-09  4.59963200e-01  3.37160751e-09  3.37738414e-09  4.59963201e-01  1.60018355e-07  1.14386452e-07  7.90000000e-01 
 8.00000000e-01  3.38417311e-09  3.13295848e-09  3.57842253e-09  4.59963222e-01  3.37160751e-09  3.37738416e-09  4.59963222e-01  1.60018401e-07  1.14386395e-07  8.00000000e-01 
 8.10000000e-01  3.38417310e-09  3.13295842e-09  3.57842252e-09  4.59963212e-01  3.37160757e-09  3.37738415e-09  4.59963212e-01  1.60018385e-07  1.14386417e-07  8.10000000e-01 
 8.20000000e-01  3.38417305e-09  3.13295848e-09  3.57842252e-09  4.59963201e-01  3.37160751e-09  3.37738415e-09  4.59963201e-01  1.60018356e-07  1.14386168e-07  8.20000000e-01 
 8.30000000e-01  3.38417310e-09  3.13295848e-09  3.57842252e-09  4.59963182e-01  3.37160757e-09  3.37738415e-09  4.59963182e-01  1.60018353e-07  1.14386047e-07  8.30000000e-01 
 8.40000000e-01  3.38417311e-09  3.13295848e-09  3.57842253e-09  4.59963226e-01  3.37160751e-09  3.37738415e-09  4.59963226e-01  1.60018417e-07  1.14386090e-07  8.40000000e-01 
 8.50000000e-01  3.38417305e-09  3.13295848e-09  3.57842247e-09  4.59963210e-01  3.37160751e-09  3.37738421e-09  4.59963210e-01  1.60018388e-07  1.14386033e-07  8.50000000e-01 
 8.60000000e-01  3.38417305e-09  3.13295848e-09  3.57842252e-09  4.59963196e-01  3.37160757e-09  3.37738414e-09  4.59963196e-01  1.60018347e-07  1.14385955e-07  8.60000000e-01 
 8.70000000e-01  3.38417305e-09  3.13295848e-09  3.57842247e-09  4.59963188e-01  3.37160757e-09  3.37738415e-09  4.59963188e-01  1.60018345e-07  1.14385671e-07  8.70000000e-01 
 8.80000000e-01  3.38417305e-09  3.13295848e-09  3.57842252e-09  4.59963191e-01  3.37160751e-09  3.37738415e-09  4.59963191e-01  1.60018355e-07  1.14385699e-07  8.80000000e-01 
 8.90000000e-01  3.38417305e-09  3.13295848e-09  3.57842252e-09  4.59963198e-01  3.37160757e-09  3.37738415e-09  4.59963198e-01  1.60018361e-07  1.14385614e-07  8.90000000e-01 
 9.00000000e-01  3.38417310e-09  3.13295848e-09  3.57842252e-09  4.59963196e-01  3.37160751e-09  3.37738415e-09  4.59963197e-01  1.60018347e-07  1.14385550e-07  9.00000000e-01 
 9.10000000e-01  3.38417310e-09  3.13295848e-09  3.57842247e-09  4.59963201e-01  3.37160757e-09  3.37738415e-09  4.59963201e-01  1.60018371e-07  1.14385436e-07  9.10000000e-01 
 9.20000000e-01  3.38417305e-09  3.13295848e-09  3.57842252e-09  4.59963193e-01  3.37160751e-09  3.37738415e-09  4.59963193e-01  1.60018365e-07  1.14385337e-07  9.20000000e-01 
 9.30000000e-01  3.38417305e-09  3.13295848e-09  3.57842247e-09  4.59963197e-01  3.37160751e-09  3.37738420e-09  4.59963197e-01  1.60018358e-07  1.14385244e-07  9.30000000e-01 
 9.40000000e-01  3.38417305e-09  3.13295848e-09  3.57842247e-09  4.59963211e-01  3.37160757e-09  3.37738419e-09  4.59963212e-01  1.60018377e-07  1.14385102e-07  9.40000000e-01 
 9.50000000e-01  3.38417305e-09  3.13295848e-09  3.57842252e-09  4.59963202e-01  3.37160751e-09  3.37738414e-09  4.59963202e-01  1.60018369e-07  1.14385081e-07  9.50000000e-01 
 9.60000000e-01  3.38417310e-09  3.13295848e-09  3.57842252e-09  4.59963206e-01  3.37160757e-09  3.37738415e-09  4.59963206e-01  1.60018391e-07  1.14385024e-07  9.60000000e-01 
 9.70000000e-01  3.38417305e-09  3.13295848e-09  3.57842247e-09  4.59963193e-01  3.37160751e-09  3.37738420e-09  4.59963193e-01  1.60018345e-07  1.14384832e-07  9.70000000e-01 
 9.80000000e-01  3.38417310e-09  3.13295848e-09  3.57842252e-09  4.59963194e-01  3.37160751e-09  3.37738419e-09  4.59963194e-01  1.60018356e-07  1.14384839e-07  9.80000000e-01 
 9.90000000e-01  3.38417305e-09  3.13295848e-09  3.57842252e-09  4.59963213e-01  3.37160751e-09  3.37738420e-09  4.59963213e-01  1.60018375e-07  1.14384711e-07  9.90000000e-01 
 1.00000000e+00  3.38417310e-09  3.13295848e-09  3.57842252e-09  4.59963207e-01  3.37160751e-09  3.37738420e-09  4.59963207e-01  1.60018376e-07  1.14384683e-07  1.00000000e+00 
 1.01000000e+00  3.38417310e-09  3.13295848e-09  3.57842252e-09  4.59963199e-01  3.37160751e-09  3.37738414e-09  4.59963199e-01  1.60018363e-07  1.14384541e-07  1.01000000e+00 
 1.02000000e+00  3.38417310e-09  3.13295848e-09  3.57842252e-09  4.59963214e-01  3.37160757e-09  3.37738416e-09  4.59963214e-01  1.60018368e-07  1.14384513e-07  1.02000000e+00 
 1.03000000e+00  3.38417310e-09  3.13295848e-09  3.57842252e-09  4.59963202e-01  3.37160757e-09  3.37738420e-09  4.59963202e-01  1.60018359e-07  1.14384356e-07  1.03000000e+00 
 1.04000000e+00  3.38417310e-09  3.13295848e-09  3.57842247e-09  4.59963187e-01  3.37160751e-09  3.37738413e-09  4.59963187e-01  1.60018341e-07  1.14384157e-07  1.04000000e+00 
 1.05000000e+00  3.38417310e-09  3.13295848e-09  3.57842252e-09  4.59963201e-01  3.37160757e-09  3.37738415e-09  4.59963201e-01  1.60018371e-07  1.14384221e-07  1.05000000e+00 
 1.06000000e+00  3.38417310e-09  3.13295848e-09  3.57842252e-09  4.59963200e-01  3.37160751e-09  3.37738415e-09  4.59963200e-01  1.60018360e-07  1.14384179e-07  1.06000000e+00 
 1.07000000e+00  3.38417305e-09  3.13295848e-09  3.57842252e-09  4.59963204e-01  3.37160751e-09  3.37738415e-09  4.59963204e-01  1.60018373e-07  1.14383994e-07  1.07000000e+00 
 1.08000000e+00  3.38417310e-09  3.13295848e-09  3.57842247e-09  4.59963214e-01  3.37160751e-09  3.37738415e-09  4.59963214e-01  1.60018379e-07  1.14383788e-07  1.08000000e+00 
 1.09000000e+00  3.38417310e-09  3.13295848e-09  3.57842247e-09  4.59963212e-01  3.37160757e-09  3.37738415e-09  4.59963212e-01  1.60018388e-07  1.14383830e-07  1.09000000e+00 
 1.10000000e+00  3.38417305e-09  3.13295848e-09  3.57842252e-09  4.59963197e-01  3.37160757e-09  3.37738415e-09  4.59963197e-01  1.60018364e-07  1.14383752e-07  1.10000000e+00 
 1.11000000e+00  3.38417310e-09  3.13295848e-09  3.57842252e-09  4.59963201e-01  3.37160751e-09  3.37738420e-09  4.59963201e-01  1.60018365e-07  1.14383482e-07  1.11000000e+00 
 1.12000000e+00  3.38417310e-09  3.13295848e-09  3.57842246e-09  4.59963171e-01  3.37160757e-09  3.37738413e-09  4.59963171e-01  1.60018323e-07  1.14383411e-07  1.12000000e+00 
 1.13000000e+00  3.38417305e-09  3.13295848e-09  3.57842252e-09  4.59963201e-01  3.37160751e-09  3.37738415e-09  4.59963201e-01  1.60018363e-07  1.14383354e-07  1.13000000e+00 
 1.14000000e+00  3.38417305e-09  3.13295848e-09  3.57842252e-09  4.59963189e-01  3.37160757e-09  3.37738415e-09  4.59963189e-01  1.60018335e-07  1.14383354e-07  1.14000000e+00 
 1.15000000e+00  3.38417310e-09  3.13295848e-09  3.57842252e-09  4.59963184e-01  3.37160751e-09  3.37738415e-09  4.59963184e-01  1.60018333e-07  1.14383077e-07  1.15000000e+00 
 1.16000000e+00  3.38417305e-09  3.13295848e-09  3.57842252e-09  4.59963190e-01  3.37160757e-09  3.37738415e-09  4.59963190e-01  1.60018349e-07  1.14383042e-07  1.16000000e+00 
 1.17000000e+00  3.38417310e-09  3.13295848e-09  3.57842252e-09  4.59963193e-01  3.37160757e-09  3.37738415e-09  4.59963193e-01  1.60018358e-07  1.14382985e-07  1.17000000e+00 
 1.18000000e+00  3.38417310e-09  3.13295848e-09  3.57842252e-09  4.59963181e-01  3.37160751e-09  3.37738420e-09  4.59963181e-01  1.60018337e-07  1.14382786e-07  1.18000000e+00 
 1.19000000e+00  3.38417305e-09  3.13295848e-09  3.57842252e-09  4.59963190e-01  3.37160751e-09  3.37738413e-09  4.59963190e-01  1.60018351e-07  1.14382615e-07  1.19000000e+00 
 1.20000000e+00  3.38417305e-09  3.13295848e-09  3.57842252e-09  4.59963197e-01  3.37160757e-09  3.37738415e-09  4.59963197e-01  1.60018355e-07  1.14382686e-07  1.20000000e+00 
 1.21000000e+00  3.38417305e-09  3.13295848e-09  3.57842252e-09  4.59963205e-01  3.37160751e-09  3.37738415e-09  4.59963205e-01  1.60018365e-07  1.14382672e-07  1.21000000e+00 
 1.22000000e+00  3.38417310e-09  3.13295848e-09  3.57842252e-09  4.59963211e-01  3.37160757e-09  3.37738415e-09  4.59963211e-01  1.60018378e-07  1.14382459e-07  1.22000000e+00 
 1.23000000e+00  3.38417310e-09  3.13295848e-09  3.57842252e-09  4.59963203e-01  3.37160751e-09  3.37738421e-09  4.59963203e-01  1.60018374e-07  1.14382374e-07  1.23000000e+00 
 1.24000000e+00  3.38417305e-09  3.13295848e-09  3.57842247e-09  4.59963202e-01  3.37160751e-09  3.37738419e-09  4.59963202e-01  1.60018368e-07  1.14382104e-07  1.24000000e+00 
 1.25000000e+00  3.38417310e-09  3.13295842e-09  3.57842252e-09  4.59963207e-01  3.37160751e-09  3.37738414e-09  4.59963208e-01  1.60018374e-07  1.14381933e-07  1.25000000e+00 
 1.26000000e+00  3.38417310e-09  3.13295848e-09  3.57842252e-09  4.59963206e-01  3.37160757e-09  3.37738421e-09  4.59963206e-01  1.60018375e-07  1.14381891e-07  1.26000000e+00 
 1.27000000e+00  3.38417310e-09  3.13295848e-09  3.57842252e-09  4.59963189e-01  3.37160751e-09  3.37738419e-09  4.59963189e-01  1.60018346e-07  1.14381834e-07  1.27000000e+00 
 1.28000000e+00  3.38417310e-09  3.13295848e-09  3.57842252e-09  4.59963197e-01  3.37160757e-09  3.37738414e-09  4.59963197e-01  1.60018358e-07  1.14381635e-07  1.28000000e+00 
 1.29000000e+00  3.38417305e-09  3.13295842e-09  3.57842247e-09  4.59963197e-01  3.37160751e-09  3.37738415e-09  4.59963197e-01  1.60018353e-07  1.14381450e-07  1.29000000e+00 
 1.30000000e+00  3.38417310e-09  3.13295848e-09  3.57842247e-09  4.59963213e-01  3.37160757e-09  3.37738421e-09  4.59963213e-01  1.60018385e-07  1.14381336e-07  1.30000000e+00 
 1.31000000e+00  3.38417310e-09  3.13295848e-09  3.57842252e-09  4.59963201e-01  3.37160757e-09  3.37738419e-09  4.59963201e-01  1.60018354e-07  1.14381180e-07  1.31000000e+00 
 1.32000000e+00  3.38417305e-09  3.13295848e-09  3.57842252e-09  4.59963204e-01  3.37160751e-09  3.37738420e-09  4.59963204e-01  1.60018372e-07  1.14381081e-07  1.32000000e+00 
 1.33000000e+00  3.38417310e-09  3.13295848e-09  3.57842252e-09  4.59963198e-01  3.37160751e-09  3.37738414e-09  4.59963198e-01  1.60018356e-07  1.14380924e-07  1.33000000e+00 
 1.34000000e+00  3.38417310e-09  3.13295848e-09  3.57842252e-09  4.59963207e-01  3.37160757e-09  3.37738415e-09  4.59963207e-01  1.60018362e-07  1.14380839e-07  1.34000000e+00 
 1.35000000e+00  3.38417310e-09  3.13295848e-09  3.57842252e-09  4.59963201e-01  3.37160751e-09  3.37738420e-09  4.59963201e-01  1.60018364e-07  1.14380626e-07  1.35000000e+00 
 1.36000000e+00  3.38417310e-09  3.13295842e-09  3.57842252e-09  4.59963172e-01  3.37160751e-09  3.37738419e-09  4.59963172e-01  1.60018327e-07  1.14380427e-07  1.36000000e+00 
 1.37000000e+00  3.38417305e-09  3.13295848e-09  3.57842252e-09  4.59963190e-01  3.37160751e-09  3.37738414e-09  4.59963190e-01  1.60018361e-07  1.14380143e-07  1.37000000e+00 
 1.38000000e+00  3.38417305e-09  3.13295848e-09  3.57842252e-09  4.59963200e-01  3.37160751e-09  3.37738415e-09  4.59963200e-01  1.60018358e-07  1.14380143e-07  1.38000000e+00 
 1.39000000e+00  3.38417310e-09  3.13295842e-09  3.57842252e-09  4.59963190e-01  3.37160757e-09  3.37738420e-09  4.59963190e-01  1.60018353e-07  1.14379958e-07  1.39000000e+00 
 1.40000000e+00  3.38417305e-09  3.13295842e-09  3.57842252e-09  4.59963203e-01  3.37160751e-09  3.37738414e-09  4.59963203e-01  1.60018378e-07  1.14379574e-07  1.40000000e+00 
 1.41000000e+00  3.38417305e-09  3.13295848e-09  3.57842252e-09  4.59963204e-01  3.37160751e-09  3.37738421e-09  4.59963204e-01  1.60018378e-07  1.14379361e-07  1.41000000e+00 
 1.42000000e+00  3.38417310e-09  3.13295848e-09  3.57842252e-09  4.59963189e-01  3.37160751e-09  3.37738413e-09  4.59963189e-01  1.60018341e-07  1.14379120e-07  1.42000000e+00 
 1.43000000e+00  3.38417305e-09  3.13295842e-09  3.57842247e-09  4.59963193e-01  3.37160751e-09  3.37738415e-09  4.59963193e-01  1.60018370e-07  1.14378764e-07  1.43000000e+00 
 1.44000000e+00  3.38417305e-09  3.13295842e-09  3.57842247e-09  4.59963189e-01  3.37160757e-09  3.37738415e-09  4.59963189e-01  1.60018352e-07  1.14378452e-07  1.44000000e+00 
 1.45000000e+00  3.38417310e-09  3.13295848e-09  3.57842247e-09  4.59963206e-01  3.37160751e-09  3.37738415e-09  4.59963206e-01  1.60018382e-07  1.14378139e-07  1.45000000e+00 
 1.46000000e+00  3.38417310e-09  3.13295848e-09  3.57842247e-09  4.59963206e-01  3.37160757e-09  3.37738415e-09  4.59963206e-01  1.60018362e-07  1.14377741e-07  1.46000000e+00 
 1.47000000e+00  3.38417310e-09  3.13295848e-09  3.57842247e-09  4.59963187e-01  3.37160751e-09  3.37738415e-09  4.59963187e-01  1.60018346e-07  1.14377187e-07  1.47000000e+00 
 1.48000000e+00  3.38417310e-09  3.13295848e-09  3.57842247e-09  4.59963209e-01  3.37160757e-09  3.37738421e-09  4.59963209e-01  1.60018377e-07  1.14376618e-07  1.48000000e+00 
 1.49000000e+00  3.38417311e-09  3.13295848e-09  3.57842252e-09  4.59963216e-01  3.37160751e-09  3.37738419e-09  4.59963216e-01  1.60018384e-07  1.14375993e-07  1.49000000e+00 
 1.50000000e+00  3.38417305e-09  3.13295848e-09  3.57842252e-09  4.59963202e-01  3.37160751e-09  3.37738414e-09  4.59963202e-01  1.60018362e-07  1.14375013e-07  1.50000000e+00 
 1.51000000e+00  3.38417310e-09  3.13295848e-09  3.57842252e-09  4.59963207e-01  3.37160751e-09  3.37738415e-09  4.59963207e-01  1.60018366e-07  1.14373805e-07  1.51000000e+00 
 1.52000000e+00  3.38417305e-09  3.13295848e-09  3.57842252e-09  4.59963200e-01  3.37160751e-09  3.37738415e-09  4.59963200e-01  1.60018360e-07  1.14372284e-07  1.52000000e+00 
 1.53000000e+00  3.38417310e-09  3.13295842e-09  3.57842252e-09  4.59963208e-01  3.37160751e-09  3.37738415e-09  4.59963208e-01  1.60018378e-07  1.14370025e-07  1.53000000e+00 
 1.54000000e+00  3.38417311e-09  3.13295848e-09  3.57842253e-09  4.59963224e-01  3.37160751e-09  3.37738415e-09  4.59963224e-01  1.60018397e-07  1.14366941e-07  1.54000000e+00 
 1.55000000e+00  3.38417305e-09  3.13295848e-09  3.57842252e-09  4.59963175e-01  3.37160751e-09  3.37738415e-09  4.59963175e-01  1.60018330e-07  1.14362365e-07  1.55000000e+00 
 1.56000000e+00  3.38417305e-09  3.13295848e-09  3.57842252e-09  4.59963213e-01  3.37160751e-09  3.37738415e-09  4.59963213e-01  1.60018394e-07  1.14354918e-07  1.56000000e+00 
 1.57000000e+00  3.38417305e-09  3.13295842e-09  3.57842247e-09  4.59963212e-01  3.37160757e-09  3.37738415e-09  4.59963212e-01  1.60018384e-07  1.14342427e-07  1.57000000e+00 
 1.58000000e+00  3.38417305e-09  3.13295848e-09  3.57842253e-09  4.59963220e-01  3.37160751e-09  3.37738415e-09  4.59963220e-01  1.60018399e-07  1.14320542e-07  1.58000000e+00 
 1.59000000e+00  3.38417310e-09  3.13295842e-09  3.57842252e-09  4.59963193e-01  3.37160757e-09  3.37738415e-09  4.59963193e-01  1.60018347e-07  1.14279572e-07  1.59000000e+00 
 1.60000000e+00  3.38417305e-09  3.13295848e-09  3.57842252e-09  4.59963196e-01  3.37160757e-09  3.37738415e-09  4.59963196e-01  1.60018362e-07  1.14199096e-07  1.60000000e+00 
 1.61000000e+00  3.38417305e-09  3.13295848e-09  3.57842252e-09  4.59963216e-01  3.37160751e-09  3.37738415e-09  4.59963216e-01  1.60018382e-07  1.14012479e-07  1.61000000e+00 
 1.62000000e+00  3.38417305e-09  3.13295848e-09  3.57842252e-09  4.59963208e-01  3.37160751e-09  3.37738415e-09  4.59963209e-01  1.60018386e-07  1.13473774e-07  1.62000000e+00 
 1.63000000e+00  3.38417305e-09  3.13295848e-09  3.57842252e-09  4.59963211e-01  3.37160757e-09  3.37738415e-09  4.59963211e-01  1.60018368e-07  1.12225848e-07  1.63000000e+00 
 1.64000000e+00  3.38417310e-09  3.13295848e-09  3.57842252e-09  4.59963212e-01  3.37160751e-09  3.37738415e-09  4.59963212e-01  1.60018374e-07  1.05387144e-07  1.64000000e+00 
 1.65000000e+00  3.38417310e-09  3.13295848e-09  3.57842252e-09  4.59963207e-01  3.37160751e-09  3.37738415e-09  4.59963207e-01  1.60018371e-07  8.65555165e-08  1.65000000e+00 
 1.66000000e+00  3.38417310e-09  3.13295848e-09  3.57842252e-09  4.59963195e-01  3.37160757e-09  3.37738415e-09  4.59963195e-01  1.60018360e-07  7.04033596e-08  1.66000000e+00 
 1.67000000e+00  3.38417305e-09  3.13295848e-09  3.57842252e-09  4.59963203e-01  3.37160757e-09  3.37738421e-09  4.59963204e-01  1.60018375e-07  5.67663960e-08  1.67000000e+00 
 1.68000000e+00  3.38417310e-09  3.13295848e-09  3.57842252e-09  4.59963214e-01  3.37160751e-09  3.37738419e-09  4.59963214e-01  1.60018389e-07  4.53835298e-08  1.68000000e+00 
 1.69000000e+00  3.38417310e-09  3.13295848e-09  3.57842252e-09  4.59963214e-01  3.37160751e-09  3.37738414e-09  4.59963215e-01  1.60018380e-07  3.59604257e-08  1.69000000e+00 
 1.70000000e+00  3.38417305e-09  3.13295848e-09  3.57842247e-09  4.59963216e-01  3.37160757e-09  3.37738416e-09  4.59963216e-01  1.60018389e-07  2.82049939e-08  1.70000000e+00 
 1.71000000e+00  3.38417305e-09  3.13295848e-09  3.57842247e-09  4.59963197e-01  3.37160751e-09  3.37738415e-09  4.59963198e-01  1.60018367e-07  2.18484359e-08  1.71000000e+00 
 1.72000000e+00  3.38417310e-09  3.13295848e-09  3.57842247e-09  4.59963190e-01  3.37160751e-09  3.37738415e-09  4.59963190e-01  1.60018365e-07  1.66536864e-08  1.72000000e+00 
 1.73000000e+00  3.38417310e-09  3.13295848e-09  3.57842252e-09  4.59963203e-01  3.37160757e-09  3.37738415e-09  4.59963203e-01  1.60018374e-07  1.24147590e-08  1.73000000e+00 
 1.74000000e+00  3.38417311e-09  3.13295848e-09  3.57842247e-09  4.59963216e-01  3.37160757e-09  3.37738415e-09  4.59963216e-01  1.60018384e-07  8.95268215e-09  1.74000000e+00 
 1.75000000e+00  3.38417310e-09  3.13295848e-09  3.57842247e-09  4.59963198e-01  3.37160751e-09  3.37738420e-09  4.59963198e-01  1.60018356e-07  6.11251494e-09  1.75000000e+00 
 1.76000000e+00  3.38417305e-09  3.13295848e-09  3.57842247e-09  4.59963208e-01  3.37160757e-09  3.37738419e-09  4.59963208e-01  1.60018375e-07  3.76172693e-09  1.76000000e+00 
 1.77000000e+00  3.38417310e-09  3.13295848e-09  3.57842252e-09  4.59963198e-01  3.37160751e-09  3.37738420e-09  4.59963198e-01  1.60018354e-07  1.79598203e-09  1.77000000e+00 
 1.78000000e+00  3.38417305e-09  3.13295848e-09  3.57842253e-09  4.59963225e-01  3.37160751e-09  3.37738414e-09  4.59963225e-01  1.60018397e-07  1.51601398e-10  1.78000000e+00 
 1.79000000e+00  3.38417310e-09  3.13295848e-09  3.57842252e-09  4.59963198e-01  3.37160751e-09  3.37738415e-09  4.59963198e-01  1.60018353e-07 -1.19119647e-09  1.79000000e+00 
 1.80000000e+00  3.38417305e-09  3.13295842e-09  3.57842252e-09  4.59963191e-01  3.37160751e-09  3.37738415e-09  4.59963191e-01  1.60018355e-07 -2.23063523e-09  1.80000000e+00 
