 v-sweep         v(b0)           v(b1)           v(b2)           v(b3)           v(b4)           v(b5)           v(b6)           i(vbias)        i(viout)        v(vout)        
 0.00000000e+00  4.58421864e-01  3.24791715e-09  3.43120989e-09  3.21758320e-09  4.58421864e-01  4.58421864e-01  4.58421864e-01  1.58697565e-07  1.79342058e-07  0.00000000e+00 
 1.00000000e-02  4.58421832e-01  3.24791713e-09  3.43120992e-09  3.21758318e-09  4.58421832e-01  4.58421832e-01  4.58421832e-01  1.58697515e-07  1.79341413e-07  1.00000000e-02 
 2.00000000e-02  4.58421864e-01  3.24791719e-09  3.43120986e-09  3.21758313e-09  4.58421864e-01  4.58421864e-01  4.58421864e-01  1.58697549e-07  1.79341214e-07  2.00000000e-02 
 3.00000000e-02  4.58421871e-01  3.24791713e-09  3.43120993e-09  3.21758313e-09  4.58421871e-01  4.58421871e-01  4.58421871e-01  1.58697573e-07  1.79340745e-07  3.00000000e-02 
 4.00000000e-02  4.58421868e-01  3.24791719e-09  3.43120992e-09  3.21758313e-09  4.58421868e-01  4.58421868e-01  4.58421868e-01  1.58697544e-07  1.79340252e-07  4.00000000e-02 
 5.00000000e-02  4.58421848e-01  3.24791713e-09  3.43120992e-09  3.21758312e-09  4.58421849e-01  4.58421848e-01  4.58421849e-01  1.58697527e-07  1.79339850e-07  5.00000000e-02 
 6.00000000e-02  4.58421839e-01  3.24791719e-09  3.43120992e-09  3.21758312e-09  4.58421839e-01  4.58421839e-01  4.58421839e-01  1.58697516e-07  1.79339392e-07  6.00000000e-02 
 7.00000000e-02  4.58421868e-01  3.24791713e-09  3.43120992e-09  3.21758318e-09  4.58421868e-01  4.58421868e-01  4.58421868e-01  1.58697563e-07  1.79339148e-07  7.00000000e-02 
 8.00000000e-02  4.58421840e-01  3.24791719e-09  3.43120992e-09  3.21758312e-09  4.58421840e-01  4.58421840e-01  4.58421840e-01  1.58697514e-07  1.79338604e-07  8.00000000e-02 
 9.00000000e-02  4.58421836e-01  3.24791719e-09  3.43120992e-09  3.21758312e-09  4.58421836e-01  4.58421836e-01  4.58421836e-01  1.58697498e-07  1.79338247e-07  9.00000000e-02 
 1.00000000e-01  4.58421857e-01  3.24791713e-09  3.43120992e-09  3.21758318e-09  4.58421857e-01  4.58421857e-01  4.58421857e-01  1.58697533e-07  1.79338054e-07  1.00000000e-01 
 1.10000000e-01  4.58421864e-01  3.24791713e-09  3.43120992e-09  3.21758318e-09  4.58421864e-01  4.58421864e-01  4.58421864e-01  1.58697540e-07  1.79337722e-07  1.10000000e-01 
 1.20000000e-01  4.58421856e-01  3.24791713e-09  3.43120992e-09  3.21758318e-09  4.58421857e-01  4.58421856e-01  4.58421857e-01  1.58697537e-07  1.79337313e-07  1.20000000e-01 
 1.30000000e-01  4.58421848e-01  3.24791713e-09  3.43120992e-09  3.21758318e-09  4.58421848e-01  4.58421848e-01  4.58421848e-01  1.58697543e-07  1.79337110e-07  1.30000000e-01 
 1.40000000e-01  4.58421862e-01  3.24791719e-09  3.43120992e-09  3.21758318e-09  4.58421862e-01  4.58421862e-01  4.58421862e-01  1.58697550e-07  1.79336825e-07  1.40000000e-01 
 1.50000000e-01  4.58421864e-01  3.24791713e-09  3.43120992e-09  3.21758318e-09  4.58421865e-01  4.58421864e-01  4.58421865e-01  1.58697560e-07  1.79336626e-07  1.50000000e-01 
 1.60000000e-01  4.58421864e-01  3.24791713e-09  3.43120992e-09  3.21758318e-09  4.58421864e-01  4.58421864e-01  4.58421864e-01  1.58697547e-07  1.79336219e-07  1.60000000e-01 
 1.70000000e-01  4.58421861e-01  3.24791713e-09  3.43120992e-09  3.21758318e-09  4.58421861e-01  4.58421861e-01  4.58421861e-01  1.58697547e-07  1.79336006e-07  1.70000000e-01 
 1.80000000e-01  4.58421837e-01  3.24791713e-09  3.43120992e-09  3.21758312e-09  4.58421837e-01  4.58421837e-01  4.58421837e-01  1.58697512e-07  1.79335714e-07  1.80000000e-01 
 1.90000000e-01  4.58421842e-01  3.24791713e-09  3.43120992e-09  3.21758318e-09  4.58421842e-01  4.58421842e-01  4.58421842e-01  1.58697513e-07  1.79335498e-07  1.90000000e-01 
 2.00000000e-01  4.58421842e-01  3.24791713e-09  3.43120992e-09  3.21758312e-09  4.58421842e-01  4.58421842e-01  4.58421842e-01  1.58697534e-07  1.79335203e-07  2.00000000e-01 
 2.10000000e-01  4.58421842e-01  3.24791719e-09  3.43120992e-09  3.21758312e-09  4.58421842e-01  4.58421842e-01  4.58421842e-01  1.58697529e-07  1.79335059e-07  2.10000000e-01 
 2.20000000e-01  4.58421858e-01  3.24791713e-09  3.43120992e-09  3.21758318e-09  4.58421858e-01  4.58421858e-01  4.58421858e-01  1.58697553e-07  1.79334895e-07  2.20000000e-01 
 2.30000000e-01  4.58421871e-01  3.24791713e-09  3.43120992e-09  3.21758318e-09  4.58421871e-01  4.58421871e-01  4.58421871e-01  1.58697560e-07  1.79334775e-07  2.30000000e-01 
 2.40000000e-01  4.58421863e-01  3.24791713e-09  3.43120986e-09  3.21758318e-09  4.58421863e-01  4.58421863e-01  4.58421863e-01  1.58697534e-07  1.79334508e-07  2.40000000e-01 
 2.50000000e-01  4.58421852e-01  3.24791719e-09  3.43120993e-09  3.21758313e-09  4.58421852e-01  4.58421852e-01  4.58421852e-01  1.58697543e-07  1.79334174e-07  2.50000000e-01 
 2.60000000e-01  4.58421878e-01  3.24791719e-09  3.43120992e-09  3.21758318e-09  4.58421878e-01  4.58421878e-01  4.58421878e-01  1.58697575e-07  1.79334121e-07  2.60000000e-01 
 2.70000000e-01  4.58421853e-01  3.24791719e-09  3.43120992e-09  3.21758318e-09  4.58421853e-01  4.58421853e-01  4.58421853e-01  1.58697547e-07  1.79333867e-07  2.70000000e-01 
 2.80000000e-01  4.58421842e-01  3.24791719e-09  3.43120992e-09  3.21758318e-09  4.58421842e-01  4.58421842e-01  4.58421842e-01  1.58697515e-07  1.79333668e-07  2.80000000e-01 
 2.90000000e-01  4.58421851e-01  3.24791713e-09  3.43120992e-09  3.21758318e-09  4.58421851e-01  4.58421851e-01  4.58421851e-01  1.58697528e-07  1.79333309e-07  2.90000000e-01 
 3.00000000e-01  4.58421825e-01  3.24791713e-09  3.43120992e-09  3.21758312e-09  4.58421825e-01  4.58421825e-01  4.58421825e-01  1.58697499e-07  1.79333149e-07  3.00000000e-01 
 3.10000000e-01  4.58421858e-01  3.24791713e-09  3.43120992e-09  3.21758318e-09  4.58421858e-01  4.58421858e-01  4.58421858e-01  1.58697534e-07  1.79333156e-07  3.10000000e-01 
 3.20000000e-01  4.58421866e-01  3.24791713e-09  3.43120986e-09  3.21758318e-09  4.58421866e-01  4.58421866e-01  4.58421866e-01  1.58697542e-07  1.79332996e-07  3.20000000e-01 
 3.30000000e-01  4.58421873e-01  3.24791719e-09  3.43120993e-09  3.21758318e-09  4.58421873e-01  4.58421873e-01  4.58421873e-01  1.58697548e-07  1.79332769e-07  3.30000000e-01 
 3.40000000e-01  4.58421845e-01  3.24791713e-09  3.43120991e-09  3.21758318e-09  4.58421845e-01  4.58421845e-01  4.58421845e-01  1.58697512e-07  1.79332421e-07  3.40000000e-01 
 3.50000000e-01  4.58421830e-01  3.24791713e-09  3.43120992e-09  3.21758312e-09  4.58421830e-01  4.58421830e-01  4.58421830e-01  1.58697504e-07  1.79332215e-07  3.50000000e-01 
 3.60000000e-01  4.58421826e-01  3.24791713e-09  3.43120992e-09  3.21758318e-09  4.58421826e-01  4.58421826e-01  4.58421826e-01  1.58697489e-07  1.79332005e-07  3.60000000e-01 
 3.70000000e-01  4.58421864e-01  3.24791713e-09  3.43120986e-09  3.21758318e-09  4.58421864e-01  4.58421864e-01  4.58421864e-01  1.58697548e-07  1.79332069e-07  3.70000000e-01 
 3.80000000e-01  4.58421871e-01  3.24791713e-09  3.43120993e-09  3.21758318e-09  4.58421871e-01  4.58421871e-01  4.58421871e-01  1.58697563e-07  1.79331902e-07  3.80000000e-01 
 3.90000000e-01  4.58421855e-01  3.24791713e-09  3.43120991e-09  3.21758318e-09  4.58421855e-01  4.58421855e-01  4.58421855e-01  1.58697529e-07  1.79331824e-07  3.90000000e-01 
 4.00000000e-01  4.58421860e-01  3.24791713e-09  3.43120992e-09  3.21758318e-09  4.58421860e-01  4.58421860e-01  4.58421860e-01  1.58697543e-07  1.79331686e-07  4.00000000e-01 
 4.10000000e-01  4.58421864e-01  3.24791713e-09  3.43120992e-09  3.21758318e-09  4.58421864e-01  4.58421864e-01  4.58421864e-01  1.58697541e-07  1.79331419e-07  4.10000000e-01 
 4.20000000e-01  4.58421849e-01  3.24791713e-09  3.43120992e-09  3.21758318e-09  4.58421849e-01  4.58421849e-01  4.58421849e-01  1.58697531e-07  1.79331202e-07  4.20000000e-01 
 4.30000000e-01  4.58421857e-01  3.24791713e-09  3.43120992e-09  3.21758318e-09  4.58421857e-01  4.58421857e-01  4.58421857e-01  1.58697538e-07  1.79331149e-07  4.30000000e-01 
 4.40000000e-01  4.58421859e-01  3.24791713e-09  3.43120992e-09  3.21758318e-09  4.58421860e-01  4.58421859e-01  4.58421860e-01  1.58697532e-07  1.79331035e-07  4.40000000e-01 
 4.50000000e-01  4.58421860e-01  3.24791719e-09  3.43120992e-09  3.21758313e-09  4.58421860e-01  4.58421860e-01  4.58421860e-01  1.58697545e-07  1.79330812e-07  4.50000000e-01 
 4.60000000e-01  4.58421858e-01  3.24791713e-09  3.43120992e-09  3.21758318e-09  4.58421858e-01  4.58421858e-01  4.58421858e-01  1.58697538e-07  1.79330669e-07  4.60000000e-01 
 4.70000000e-01  4.58421851e-01  3.24791713e-09  3.43120992e-09  3.21758318e-09  4.58421851e-01  4.58421851e-01  4.58421851e-01  1.58697524e-07  1.79330495e-07  4.70000000e-01 
 4.80000000e-01  4.58421824e-01  3.24791713e-09  3.43120992e-09  3.21758318e-09  4.58421824e-01  4.58421824e-01  4.58421824e-01  1.58697499e-07  1.79330318e-07  4.80000000e-01 
 4.90000000e-01  4.58421864e-01  3.24791719e-09  3.43120992e-09  3.21758313e-09  4.58421864e-01  4.58421864e-01  4.58421864e-01  1.58697546e-07  1.79330168e-07  4.90000000e-01 
 5.00000000e-01  4.58421853e-01  3.24791713e-09  3.43120992e-09  3.21758318e-09  4.58421853e-01  4.58421853e-01  4.58421853e-01  1.58697536e-07  1.79330044e-07  5.00000000e-01 
 5.10000000e-01  4.58421847e-01  3.24791713e-09  3.43120992e-09  3.21758318e-09  4.58421848e-01  4.58421847e-01  4.58421847e-01  1.58697529e-07  1.79329806e-07  5.10000000e-01 
 5.20000000e-01  4.58421866e-01  3.24791713e-09  3.43120992e-09  3.21758313e-09  4.58421866e-01  4.58421866e-01  4.58421866e-01  1.58697569e-07  1.79329781e-07  5.20000000e-01 
 5.30000000e-01  4.58421855e-01  3.24791719e-09  3.43120992e-09  3.21758318e-09  4.58421855e-01  4.58421855e-01  4.58421855e-01  1.58697527e-07  1.79329589e-07  5.30000000e-01 
 5.40000000e-01  4.58421843e-01  3.24791713e-09  3.43120992e-09  3.21758312e-09  4.58421843e-01  4.58421843e-01  4.58421843e-01  1.58697524e-07  1.79329422e-07  5.40000000e-01 
 5.50000000e-01  4.58421884e-01  3.24791713e-09  3.43120992e-09  3.21758313e-09  4.58421884e-01  4.58421884e-01  4.58421884e-01  1.58697579e-07  1.79329465e-07  5.50000000e-01 
 5.60000000e-01  4.58421877e-01  3.24791713e-09  3.43120987e-09  3.21758318e-09  4.58421877e-01  4.58421877e-01  4.58421877e-01  1.58697596e-07  1.79329309e-07  5.60000000e-01 
 5.70000000e-01  4.58421866e-01  3.24791719e-09  3.43120993e-09  3.21758318e-09  4.58421867e-01  4.58421866e-01  4.58421867e-01  1.58697574e-07  1.79329046e-07  5.70000000e-01 
 5.80000000e-01  4.58421851e-01  3.24791719e-09  3.43120991e-09  3.21758318e-09  4.58421851e-01  4.58421851e-01  4.58421851e-01  1.58697539e-07  1.79328886e-07  5.80000000e-01 
 5.90000000e-01  4.58421841e-01  3.24791713e-09  3.43120992e-09  3.21758318e-09  4.58421841e-01  4.58421841e-01  4.58421841e-01  1.58697513e-07  1.79328701e-07  5.90000000e-01 
 6.00000000e-01  4.58421837e-01  3.24791713e-09  3.43120986e-09  3.21758312e-09  4.58421837e-01  4.58421837e-01  4.58421837e-01  1.58697510e-07  1.79328545e-07  6.00000000e-01 
 6.10000000e-01  4.58421854e-01  3.24791719e-09  3.43120993e-09  3.21758318e-09  4.58421854e-01  4.58421854e-01  4.58421854e-01  1.58697532e-07  1.79328346e-07  6.10000000e-01 
 6.20000000e-01  4.58421850e-01  3.24791713e-09  3.43120991e-09  3.21758318e-09  4.58421850e-01  4.58421850e-01  4.58421850e-01  1.58697523e-07  1.79328367e-07  6.20000000e-01 
 6.30000000e-01  4.58421861e-01  3.24791713e-09  3.43120992e-09  3.21758318e-09  4.58421861e-01  4.58421861e-01  4.58421861e-01  1.58697551e-07  1.79328126e-07  6.30000000e-01 
 6.40000000e-01  4.58421841e-01  3.24791713e-09  3.43120992e-09  3.21758318e-09  4.58421841e-01  4.58421841e-01  4.58421841e-01  1.58697515e-07  1.79328012e-07  6.40000000e-01 
 6.50000000e-01  4.58421857e-01  3.24791713e-09  3.43120986e-09  3.21758318e-09  4.58421857e-01  4.58421857e-01  4.58421857e-01  1.58697539e-07  1.79327770e-07  6.50000000e-01 
 6.60000000e-01  4.58421868e-01  3.24791719e-09  3.43120993e-09  3.21758318e-09  4.58421868e-01  4.58421868e-01  4.58421868e-01  1.58697557e-07  1.79327685e-07  6.60000000e-01 
 6.70000000e-01  4.58421844e-01  3.24791719e-09  3.43120991e-09  3.21758318e-09  4.58421844e-01  4.58421844e-01  4.58421844e-01  1.58697514e-07  1.79327529e-07  6.70000000e-01 
 6.80000000e-01  4.58421845e-01  3.24791713e-09  3.43120992e-09  3.21758318e-09  4.58421845e-01  4.58421845e-01  4.58421845e-01  1.58697533e-07  1.79327280e-07  6.80000000e-01 
 6.90000000e-01  4.58421856e-01  3.24791719e-09  3.43120992e-09  3.21758318e-09  4.58421856e-01  4.58421856e-01  4.58421856e-01  1.58697539e-07  1.79327166e-07  6.90000000e-01 
 7.00000000e-01  4.58421861e-01  3.24791719e-09  3.43120992e-09  3.21758318e-09  4.58421861e-01  4.58421861e-01  4.58421861e-01  1.58697544e-07  1.79327046e-07  7.00000000e-01 
 7.10000000e-01  4.58421851e-01  3.24791719e-09  3.43120992e-09  3.21758312e-09  4.58421851e-01  4.58421851e-01  4.58421851e-01  1.58697528e-07  1.79327010e-07  7.10000000e-01 
 7.20000000e-01  4.58421876e-01  3.24791719e-09  3.43120992e-09  3.21758318e-09  4.58421877e-01  4.58421876e-01  4.58421877e-01  1.58697582e-07  1.79326918e-07  7.20000000e-01 
 7.30000000e-01  4.58421882e-01  3.24791713e-09  3.43120992e-09  3.21758313e-09  4.58421882e-01  4.58421882e-01  4.58421882e-01  1.58697587e-07  1.79326719e-07  7.30000000e-01 
 7.40000000e-01  4.58421851e-01  3.24791713e-09  3.43120992e-09  3.21758318e-09  4.58421851e-01  4.58421851e-01  4.58421851e-01  1.58697523e-07  1.79326456e-07  7.40000000e-01 
 7.50000000e-01  4.58421852e-01  3.24791719e-09  3.43120992e-09  3.21758318e-09  4.58421852e-01  4.58421852e-01  4.58421852e-01  1.58697540e-07  1.79326250e-07  7.50000000e-01 
 7.60000000e-01  4.58421833e-01  3.24791719e-09  3.43120992e-09  3.21758318e-09  4.58421833e-01  4.58421833e-01  4.58421833e-01  1.58697503e-07  1.79326172e-07  7.60000000e-01 
 7.70000000e-01  4.58421836e-01  3.24791713e-09  3.43120992e-09  3.21758312e-09  4.58421836e-01  4.58421836e-01  4.58421836e-01  1.58697506e-07  1.79325866e-07  7.70000000e-01 
 7.80000000e-01  4.58421848e-01  3.24791719e-09  3.43120992e-09  3.21758312e-09  4.58421848e-01  4.58421848e-01  4.58421848e-01  1.58697531e-07  1.79325902e-07  7.80000000e-01 
 7.90000000e-01  4.58421839e-01  3.24791719e-09  3.43120986e-09  3.21758318e-09  4.58421839e-01  4.58421839e-01  4.58421839e-01  1.58697514e-07  1.79325632e-07  7.90000000e-01 
 8.00000000e-01  4.58421856e-01  3.24791713e-09  3.43120993e-09  3.21758313e-09  4.58421856e-01  4.58421856e-01  4.58421856e-01  1.58697538e-07  1.79325426e-07  8.00000000e-01 
 8.10000000e-01  4.58421843e-01  3.24791719e-09  3.43120991e-09  3.21758318e-09  4.58421844e-01  4.58421843e-01  4.58421844e-01  1.58697507e-07  1.79325333e-07  8.10000000e-01 
 8.20000000e-01  4.58421862e-01  3.24791713e-09  3.43120992e-09  3.21758313e-09  4.58421862e-01  4.58421862e-01  4.58421862e-01  1.58697549e-07  1.79325220e-07  8.20000000e-01 
 8.30000000e-01  4.58421829e-01  3.24791713e-09  3.43120992e-09  3.21758318e-09  4.58421829e-01  4.58421829e-01  4.58421829e-01  1.58697498e-07  1.79324957e-07  8.30000000e-01 
 8.40000000e-01  4.58421839e-01  3.24791719e-09  3.43120992e-09  3.21758318e-09  4.58421839e-01  4.58421839e-01  4.58421839e-01  1.58697522e-07  1.79324857e-07  8.40000000e-01 
 8.50000000e-01  4.58421843e-01  3.24791713e-09  3.43120992e-09  3.21758318e-09  4.58421843e-01  4.58421843e-01  4.58421843e-01  1.58697528e-07  1.79324722e-07  8.50000000e-01 
 8.60000000e-01  4.58421853e-01  3.24791713e-09  3.43120986e-09  3.21758318e-09  4.58421853e-01  4.58421852e-01  4.58421853e-01  1.58697540e-07  1.79324495e-07  8.60000000e-01 
 8.70000000e-01  4.58421844e-01  3.24791713e-09  3.43120987e-09  3.21758312e-09  4.58421844e-01  4.58421844e-01  4.58421844e-01  1.58697524e-07  1.79324331e-07  8.70000000e-01 
 8.80000000e-01  4.58421852e-01  3.24791713e-09  3.43120993e-09  3.21758313e-09  4.58421852e-01  4.58421852e-01  4.58421852e-01  1.58697531e-07  1.79324289e-07  8.80000000e-01 
 8.90000000e-01  4.58421851e-01  3.24791713e-09  3.43120991e-09  3.21758313e-09  4.58421852e-01  4.58421851e-01  4.58421852e-01  1.58697532e-07  1.79324054e-07  8.90000000e-01 
 9.00000000e-01  4.58421845e-01  3.24791719e-09  3.43120992e-09  3.21758312e-09  4.58421845e-01  4.58421845e-01  4.58421845e-01  1.58697531e-07  1.79323749e-07  9.00000000e-01 
 9.10000000e-01  4.58421831e-01  3.24791713e-09  3.43120992e-09  3.21758312e-09  4.58421831e-01  4.58421831e-01  4.58421831e-01  1.58697504e-07  1.79323578e-07  9.10000000e-01 
 9.20000000e-01  4.58421837e-01  3.24791719e-09  3.43120986e-09  3.21758318e-09  4.58421837e-01  4.58421837e-01  4.58421837e-01  1.58697500e-07  1.79323493e-07  9.20000000e-01 
 9.30000000e-01  4.58421836e-01  3.24791719e-09  3.43120987e-09  3.21758312e-09  4.58421837e-01  4.58421836e-01  4.58421837e-01  1.58697507e-07  1.79323216e-07  9.30000000e-01 
 9.40000000e-01  4.58421868e-01  3.24791713e-09  3.43120987e-09  3.21758313e-09  4.58421868e-01  4.58421868e-01  4.58421868e-01  1.58697557e-07  1.79323322e-07  9.40000000e-01 
 9.50000000e-01  4.58421851e-01  3.24791719e-09  3.43120993e-09  3.21758313e-09  4.58421851e-01  4.58421851e-01  4.58421851e-01  1.58697537e-07  1.79323003e-07  9.50000000e-01 
 9.60000000e-01  4.58421855e-01  3.24791719e-09  3.43120991e-09  3.21758318e-09  4.58421855e-01  4.58421855e-01  4.58421855e-01  1.58697535e-07  1.79322861e-07  9.60000000e-01 
 9.70000000e-01  4.58421855e-01  3.24791719e-09  3.43120992e-09  3.21758313e-09  4.58421855e-01  4.58421855e-01  4.58421855e-01  1.58697545e-07  1.79322733e-07  9.70000000e-01 
 9.80000000e-01  4.58421854e-01  3.24791713e-09  3.43120992e-09  3.21758318e-09  4.58421854e-01  4.58421854e-01  4.58421854e-01  1.58697545e-07  1.79322555e-07  9.80000000e-01 
 9.90000000e-01  4.58421827e-01  3.24791713e-09  3.43120992e-09  3.21758318e-09  4.58421827e-01  4.58421827e-01  4.58421827e-01  1.58697479e-07  1.79322186e-07  9.90000000e-01 
 1.00000000e+00  4.58421844e-01  3.24791719e-09  3.43120992e-09  3.21758318e-09  4.58421844e-01  4.58421844e-01  4.58421844e-01  1.58697502e-07  1.79322051e-07  1.00000000e+00 
 1.01000000e+00  4.58421865e-01  3.24791713e-09  3.43120992e-09  3.21758318e-09  4.58421865e-01  4.58421865e-01  4.58421865e-01  1.58697556e-07  1.79322029e-07  1.01000000e+00 
 1.02000000e+00  4.58421839e-01  3.24791713e-09  3.43120992e-09  3.21758318e-09  4.58421840e-01  4.58421839e-01  4.58421839e-01  1.58697510e-07  1.79321688e-07  1.02000000e+00 
 1.03000000e+00  4.58421853e-01  3.24791719e-09  3.43120992e-09  3.21758318e-09  4.58421854e-01  4.58421853e-01  4.58421854e-01  1.58697537e-07  1.79321631e-07  1.03000000e+00 
 1.04000000e+00  4.58421856e-01  3.24791713e-09  3.43120992e-09  3.21758318e-09  4.58421856e-01  4.58421856e-01  4.58421856e-01  1.58697543e-07  1.79321447e-07  1.04000000e+00 
 1.05000000e+00  4.58421828e-01  3.24791719e-09  3.43120992e-09  3.21758318e-09  4.58421828e-01  4.58421828e-01  4.58421828e-01  1.58697493e-07  1.79321077e-07  1.05000000e+00 
 1.06000000e+00  4.58421855e-01  3.24791719e-09  3.43120992e-09  3.21758318e-09  4.58421855e-01  4.58421855e-01  4.58421855e-01  1.58697532e-07  1.79320985e-07  1.06000000e+00 
 1.07000000e+00  4.58421870e-01  3.24791713e-09  3.43120992e-09  3.21758318e-09  4.58421870e-01  4.58421870e-01  4.58421870e-01  1.58697560e-07  1.79320779e-07  1.07000000e+00 
 1.08000000e+00  4.58421838e-01  3.24791719e-09  3.43120992e-09  3.21758318e-09  4.58421838e-01  4.58421838e-01  4.58421838e-01  1.58697509e-07  1.79320523e-07  1.08000000e+00 
 1.09000000e+00  4.58421872e-01  3.24791719e-09  3.43120987e-09  3.21758313e-09  4.58421872e-01  4.58421872e-01  4.58421872e-01  1.58697562e-07  1.79320480e-07  1.09000000e+00 
 1.10000000e+00  4.58421873e-01  3.24791719e-09  3.43120988e-09  3.21758318e-09  4.58421873e-01  4.58421873e-01  4.58421873e-01  1.58697576e-07  1.79320296e-07  1.10000000e+00 
 1.11000000e+00  4.58421873e-01  3.24791719e-09  3.43120993e-09  3.21758313e-09  4.58421873e-01  4.58421873e-01  4.58421873e-01  1.58697557e-07  1.79320175e-07  1.11000000e+00 
 1.12000000e+00  4.58421864e-01  3.24791713e-09  3.43120991e-09  3.21758318e-09  4.58421864e-01  4.58421863e-01  4.58421864e-01  1.58697554e-07  1.79319748e-07  1.12000000e+00 
 1.13000000e+00  4.58421853e-01  3.24791713e-09  3.43120992e-09  3.21758313e-09  4.58421853e-01  4.58421853e-01  4.58421853e-01  1.58697532e-07  1.79319692e-07  1.13000000e+00 
 1.14000000e+00  4.58421867e-01  3.24791719e-09  3.43120992e-09  3.21758313e-09  4.58421867e-01  4.58421867e-01  4.58421867e-01  1.58697568e-07  1.79319400e-07  1.14000000e+00 
 1.15000000e+00  4.58421895e-01  3.24791719e-09  3.43120993e-09  3.21758319e-09  4.58421895e-01  4.58421895e-01  4.58421895e-01  1.58697588e-07  1.79319301e-07  1.15000000e+00 
 1.16000000e+00  4.58421847e-01  3.24791713e-09  3.43120986e-09  3.21758318e-09  4.58421847e-01  4.58421847e-01  4.58421847e-01  1.58697547e-07  1.79318818e-07  1.16000000e+00 
 1.17000000e+00  4.58421860e-01  3.24791713e-09  3.43120988e-09  3.21758318e-09  4.58421860e-01  4.58421860e-01  4.58421860e-01  1.58697532e-07  1.79318732e-07  1.17000000e+00 
 1.18000000e+00  4.58421868e-01  3.24791713e-09  3.43120993e-09  3.21758313e-09  4.58421868e-01  4.58421868e-01  4.58421868e-01  1.58697560e-07  1.79318519e-07  1.18000000e+00 
 1.19000000e+00  4.58421861e-01  3.24791713e-09  3.43120991e-09  3.21758318e-09  4.58421861e-01  4.58421861e-01  4.58421861e-01  1.58697538e-07  1.79318192e-07  1.19000000e+00 
 1.20000000e+00  4.58421845e-01  3.24791713e-09  3.43120992e-09  3.21758312e-09  4.58421845e-01  4.58421844e-01  4.58421845e-01  1.58697538e-07  1.79318008e-07  1.20000000e+00 
 1.21000000e+00  4.58421860e-01  3.24791719e-09  3.43120992e-09  3.21758313e-09  4.58421860e-01  4.58421860e-01  4.58421860e-01  1.58697547e-07  1.79317638e-07  1.21000000e+00 
 1.22000000e+00  4.58421842e-01  3.24791719e-09  3.43120992e-09  3.21758318e-09  4.58421842e-01  4.58421842e-01  4.58421842e-01  1.58697524e-07  1.79317411e-07  1.22000000e+00 
 1.23000000e+00  4.58421860e-01  3.24791719e-09  3.43120992e-09  3.21758318e-09  4.58421860e-01  4.58421860e-01  4.58421860e-01  1.58697543e-07  1.79317183e-07  1.23000000e+00 
 1.24000000e+00  4.58421856e-01  3.24791713e-09  3.43120986e-09  3.21758318e-09  4.58421856e-01  4.58421856e-01  4.58421856e-01  1.58697543e-07  1.79316885e-07  1.24000000e+00 
 1.25000000e+00  4.58421865e-01  3.24791719e-09  3.43120993e-09  3.21758318e-09  4.58421865e-01  4.58421865e-01  4.58421865e-01  1.58697555e-07  1.79316586e-07  1.25000000e+00 
 1.26000000e+00  4.58421847e-01  3.24791713e-09  3.43120991e-09  3.21758318e-09  4.58421847e-01  4.58421847e-01  4.58421847e-01  1.58697529e-07  1.79316217e-07  1.26000000e+00 
 1.27000000e+00  4.58421832e-01  3.24791713e-09  3.43120992e-09  3.21758318e-09  4.58421832e-01  4.58421832e-01  4.58421832e-01  1.58697513e-07  1.79315876e-07  1.27000000e+00 
 1.28000000e+00  4.58421845e-01  3.24791719e-09  3.43120992e-09  3.21758318e-09  4.58421845e-01  4.58421844e-01  4.58421845e-01  1.58697530e-07  1.79315705e-07  1.28000000e+00 
 1.29000000e+00  4.58421863e-01  3.24791719e-09  3.43120992e-09  3.21758318e-09  4.58421863e-01  4.58421863e-01  4.58421863e-01  1.58697551e-07  1.79315421e-07  1.29000000e+00 
 1.30000000e+00  4.58421840e-01  3.24791719e-09  3.43120992e-09  3.21758318e-09  4.58421841e-01  4.58421840e-01  4.58421841e-01  1.58697509e-07  1.79315123e-07  1.30000000e+00 
 1.31000000e+00  4.58421855e-01  3.24791719e-09  3.43120992e-09  3.21758318e-09  4.58421855e-01  4.58421855e-01  4.58421855e-01  1.58697539e-07  1.79314725e-07  1.31000000e+00 
 1.32000000e+00  4.58421858e-01  3.24791719e-09  3.43120992e-09  3.21758318e-09  4.58421858e-01  4.58421858e-01  4.58421858e-01  1.58697531e-07  1.79314313e-07  1.32000000e+00 
 1.33000000e+00  4.58421877e-01  3.24791719e-09  3.43120992e-09  3.21758318e-09  4.58421877e-01  4.58421877e-01  4.58421877e-01  1.58697580e-07  1.79314142e-07  1.33000000e+00 
 1.34000000e+00  4.58421847e-01  3.24791719e-09  3.43120992e-09  3.21758318e-09  4.58421847e-01  4.58421847e-01  4.58421847e-01  1.58697528e-07  1.79313403e-07  1.34000000e+00 
 1.35000000e+00  4.58421854e-01  3.24791719e-09  3.43120986e-09  3.21758318e-09  4.58421854e-01  4.58421854e-01  4.58421854e-01  1.58697529e-07  1.79313076e-07  1.35000000e+00 
 1.36000000e+00  4.58421845e-01  3.24791719e-09  3.43120993e-09  3.21758318e-09  4.58421845e-01  4.58421845e-01  4.58421845e-01  1.58697523e-07  1.79312579e-07  1.36000000e+00 
 1.37000000e+00  4.58421838e-01  3.24791719e-09  3.43120991e-09  3.21758312e-09  4.58421838e-01  4.58421838e-01  4.58421838e-01  1.58697508e-07  1.79312082e-07  1.37000000e+00 
 1.38000000e+00  4.58421864e-01  3.24791713e-09  3.43120992e-09  3.21758318e-09  4.58421864e-01  4.58421863e-01  4.58421864e-01  1.58697554e-07  1.79311655e-07  1.38000000e+00 
 1.39000000e+00  4.58421861e-01  3.24791713e-09  3.43120992e-09  3.21758318e-09  4.58421861e-01  4.58421861e-01  4.58421861e-01  1.58697538e-07  1.79310987e-07  1.39000000e+00 
 1.40000000e+00  4.58421832e-01  3.24791713e-09  3.43120992e-09  3.21758318e-09  4.58421832e-01  4.58421832e-01  4.58421832e-01  1.58697513e-07  1.79310135e-07  1.40000000e+00 
 1.41000000e+00  4.58421866e-01  3.24791713e-09  3.43120992e-09  3.21758313e-09  4.58421866e-01  4.58421866e-01  4.58421866e-01  1.58697554e-07  1.79309609e-07  1.41000000e+00 
 1.42000000e+00  4.58421895e-01  3.24791713e-09  3.43120993e-09  3.21758319e-09  4.58421895e-01  4.58421895e-01  4.58421895e-01  1.58697590e-07  1.79308799e-07  1.42000000e+00 
 1.43000000e+00  4.58421859e-01  3.24791719e-09  3.43120992e-09  3.21758313e-09  4.58421859e-01  4.58421859e-01  4.58421859e-01  1.58697555e-07  1.79307818e-07  1.43000000e+00 
 1.44000000e+00  4.58421860e-01  3.24791713e-09  3.43120992e-09  3.21758313e-09  4.58421860e-01  4.58421860e-01  4.58421860e-01  1.58697543e-07  1.79306639e-07  1.44000000e+00 
 1.45000000e+00  4.58421852e-01  3.24791713e-09  3.43120992e-09  3.21758318e-09  4.58421853e-01  4.58421852e-01  4.58421853e-01  1.58697533e-07  1.79305403e-07  1.45000000e+00 
 1.46000000e+00  4.58421853e-01  3.24791719e-09  3.43120992e-09  3.21758318e-09  4.58421853e-01  4.58421853e-01  4.58421853e-01  1.58697542e-07  1.79303626e-07  1.46000000e+00 
 1.47000000e+00  4.58421847e-01  3.24791719e-09  3.43120992e-09  3.21758318e-09  4.58421848e-01  4.58421847e-01  4.58421848e-01  1.58697524e-07  1.79301679e-07  1.47000000e+00 
 1.48000000e+00  4.58421860e-01  3.24791713e-09  3.43120992e-09  3.21758318e-09  4.58421860e-01  4.58421860e-01  4.58421860e-01  1.58697545e-07  1.79299136e-07  1.48000000e+00 
 1.49000000e+00  4.58421839e-01  3.24791713e-09  3.43120992e-09  3.21758318e-09  4.58421839e-01  4.58421839e-01  4.58421839e-01  1.58697517e-07  1.79295910e-07  1.49000000e+00 
 1.50000000e+00  4.58421838e-01  3.24791713e-09  3.43120992e-09  3.21758318e-09  4.58421838e-01  4.58421838e-01  4.58421838e-01  1.58697521e-07  1.79291547e-07  1.50000000e+00 
 1.51000000e+00  4.58421829e-01  3.24791719e-09  3.43120986e-09  3.21758312e-09  4.58421829e-01  4.58421829e-01  4.58421829e-01  1.58697506e-07  1.79285379e-07  1.51000000e+00 
 1.52000000e+00  4.58421825e-01  3.24791713e-09  3.43120993e-09  3.21758318e-09  4.58421825e-01  4.58421825e-01  4.58421825e-01  1.58697503e-07  1.79276654e-07  1.52000000e+00 
 1.53000000e+00  4.58421834e-01  3.24791713e-09  3.43120991e-09  3.21758318e-09  4.58421834e-01  4.58421834e-01  4.58421834e-01  1.58697518e-07  1.79263296e-07  1.53000000e+00 
 1.54000000e+00  4.58421847e-01  3.24791719e-09  3.43120992e-09  3.21758318e-09  4.58421847e-01  4.58421847e-01  4.58421847e-01  1.58697535e-07  1.79242278e-07  1.54000000e+00 
 1.55000000e+00  4.58421880e-01  3.24791719e-09  3.43120992e-09  3.21758318e-09  4.58421880e-01  4.58421880e-01  4.58421880e-01  1.58697570e-07  1.79206808e-07  1.55000000e+00 
 1.56000000e+00  4.58421842e-01  3.24791719e-09  3.43120992e-09  3.21758318e-09  4.58421842e-01  4.58421842e-01  4.58421842e-01  1.58697541e-07  1.79143527e-07  1.56000000e+00 
 1.57000000e+00  4.58421853e-01  3.24791713e-09  3.43120992e-09  3.21758318e-09  4.58421853e-01  4.58421853e-01  4.58421853e-01  1.58697535e-07  1.79027410e-07  1.57000000e+00 
 1.58000000e+00  4.58421878e-01  3.24791719e-09  3.43120992e-09  3.21758318e-09  4.58421878e-01  4.58421878e-01  4.58421878e-01  1.58697564e-07  1.78806062e-07  1.58000000e+00 
 1.59000000e+00  4.58421859e-01  3.24791719e-09  3.43120992e-09  3.21758318e-09  4.58421859e-01  4.58421859e-01  4.58421859e-01  1.58697551e-07  1.78375558e-07  1.59000000e+00 
 1.60000000e+00  4.58421822e-01  3.24791713e-09  3.43120992e-09  3.21758312e-09  4.58421822e-01  4.58421822e-01  4.58421822e-01  1.58697492e-07  1.77554213e-07  1.60000000e+00 
 1.61000000e+00  4.58421855e-01  3.24791719e-09  3.43120986e-09  3.21758318e-09  4.58421855e-01  4.58421855e-01  4.58421855e-01  1.58697542e-07  1.75721638e-07  1.61000000e+00 
 1.62000000e+00  4.58421827e-01  3.24791713e-09  3.43120992e-09  3.21758318e-09  4.58421827e-01  4.58421827e-01  4.58421827e-01  1.58697498e-07  1.51691381e-07  1.62000000e+00 
 1.63000000e+00  4.58421844e-01  3.24791713e-09  3.43120992e-09  3.21758318e-09  4.58421844e-01  4.58421844e-01  4.58421844e-01  1.58697523e-07  1.27845922e-07  1.63000000e+00 
 1.64000000e+00  4.58421850e-01  3.24791713e-09  3.43120992e-09  3.21758318e-09  4.58421850e-01  4.58421850e-01  4.58421850e-01  1.58697526e-07  1.06302309e-07  1.64000000e+00 
 1.65000000e+00  4.58421853e-01  3.24791713e-09  3.43120992e-09  3.21758318e-09  4.58421853e-01  4.58421853e-01  4.58421853e-01  1.58697541e-07  8.73691874e-08  1.65000000e+00 
 1.66000000e+00  4.58421845e-01  3.24791713e-09  3.43120992e-09  3.21758312e-09  4.58421845e-01  4.58421845e-01  4.58421845e-01  1.58697519e-07  7.11044379e-08  1.66000000e+00 
 1.67000000e+00  4.58421859e-01  3.24791719e-09  3.43120992e-09  3.21758318e-09  4.58421859e-01  4.58421859e-01  4.58421859e-01  1.58697542e-07  5.73523948e-08  1.67000000e+00 
 1.68000000e+00  4.58421836e-01  3.24791713e-09  3.43120992e-09  3.21758312e-09  4.58421836e-01  4.58421836e-01  4.58421836e-01  1.58697520e-07  4.58620804e-08  1.68000000e+00 
 1.69000000e+00  4.58421832e-01  3.24791713e-09  3.43120992e-09  3.21758318e-09  4.58421833e-01  4.58421832e-01  4.58421833e-01  1.58697515e-07  3.63433514e-08  1.69000000e+00 
 1.70000000e+00  4.58421831e-01  3.24791713e-09  3.43120992e-09  3.21758318e-09  4.58421831e-01  4.58421830e-01  4.58421831e-01  1.58697513e-07  2.85067330e-08  1.70000000e+00 
 1.71000000e+00  4.58421850e-01  3.24791719e-09  3.43120992e-09  3.21758318e-09  4.58421850e-01  4.58421850e-01  4.58421850e-01  1.58697527e-07  2.20818919e-08  1.71000000e+00 
 1.72000000e+00  4.58421850e-01  3.24791713e-09  3.43120992e-09  3.21758318e-09  4.58421850e-01  4.58421850e-01  4.58421850e-01  1.58697527e-07  1.68305121e-08  1.72000000e+00 
 1.73000000e+00  4.58421849e-01  3.24791719e-09  3.43120986e-09  3.21758312e-09  4.58421849e-01  4.58421849e-01  4.58421849e-01  1.58697521e-07  1.25440351e-08  1.73000000e+00 
 1.74000000e+00  4.58421842e-01  3.24791713e-09  3.43120993e-09  3.21758318e-09  4.58421842e-01  4.58421842e-01  4.58421842e-01  1.58697508e-07  9.04212527e-09  1.74000000e+00 
 1.75000000e+00  4.58421842e-01  3.24791719e-09  3.43120991e-09  3.21758312e-09  4.58421842e-01  4.58421842e-01  4.58421842e-01  1.58697510e-07  6.16790885e-09  1.75000000e+00 
 1.76000000e+00  4.58421865e-01  3.24791713e-09  3.43120986e-09  3.21758318e-09  4.58421865e-01  4.58421865e-01  4.58421865e-01  1.58697559e-07  3.78750542e-09  1.76000000e+00 
 1.77000000e+00  4.58421876e-01  3.24791713e-09  3.43120988e-09  3.21758313e-09  4.58421876e-01  4.58421876e-01  4.58421876e-01  1.58697573e-07  1.79521464e-09  1.77000000e+00 
 1.78000000e+00  4.58421867e-01  3.24791713e-09  3.43120993e-09  3.21758318e-09  4.58421867e-01  4.58421866e-01  4.58421867e-01  1.58697551e-07  1.27215571e-10  1.78000000e+00 
 1.79000000e+00  4.58421855e-01  3.24791713e-09  3.43120991e-09  3.21758318e-09  4.58421855e-01  4.58421855e-01  4.58421855e-01  1.58697551e-07 -1.23631594e-09  1.79000000e+00 
 1.80000000e+00  4.58421847e-01  3.24791713e-09  3.43120992e-09  3.21758318e-09  4.58421847e-01  4.58421847e-01  4.58421847e-01  1.58697536e-07 -2.29277930e-09  1.80000000e+00 
