 v-sweep         v(b0)           v(b1)           v(b2)           v(b3)           v(b4)           v(b5)           v(b6)           i(vbias)        i(viout)        v(vout)        
 0.00000000e+00  3.20092439e-09  4.60193177e-01  3.14033987e-09  3.48094878e-09  3.12374170e-09  4.60193177e-01  3.37240526e-09  1.62501767e-07  5.46211766e-08  0.00000000e+00 
 1.00000000e-02  3.20092438e-09  4.60193225e-01  3.14033985e-09  3.48094877e-09  3.12374168e-09  4.60193225e-01  3.37240524e-09  1.62501847e-07  5.46209318e-08  1.00000000e-02 
 2.00000000e-02  3.20092437e-09  4.60193183e-01  3.14033985e-09  3.48094876e-09  3.12374173e-09  4.60193183e-01  3.37240529e-09  1.62501776e-07  5.46204184e-08  2.00000000e-02 
 3.00000000e-02  3.20092437e-09  4.60193198e-01  3.14033985e-09  3.48094882e-09  3.12374168e-09  4.60193198e-01  3.37240524e-09  1.62501810e-07  5.46201369e-08  3.00000000e-02 
 4.00000000e-02  3.20092437e-09  4.60193201e-01  3.14033985e-09  3.48094881e-09  3.12374173e-09  4.60193201e-01  3.37240529e-09  1.62501801e-07  5.46197119e-08  4.00000000e-02 
 5.00000000e-02  3.20092437e-09  4.60193196e-01  3.14033985e-09  3.48094876e-09  3.12374173e-09  4.60193196e-01  3.37240524e-09  1.62501787e-07  5.46194481e-08  5.00000000e-02 
 6.00000000e-02  3.20092437e-09  4.60193199e-01  3.14033985e-09  3.48094877e-09  3.12374168e-09  4.60193199e-01  3.37240529e-09  1.62501800e-07  5.46190666e-08  6.00000000e-02 
 7.00000000e-02  3.20092437e-09  4.60193214e-01  3.14033980e-09  3.48094877e-09  3.12374174e-09  4.60193214e-01  3.37240529e-09  1.62501817e-07  5.46188241e-08  7.00000000e-02 
 8.00000000e-02  3.20092437e-09  4.60193184e-01  3.14033979e-09  3.48094876e-09  3.12374173e-09  4.60193184e-01  3.37240524e-09  1.62501780e-07  5.46184076e-08  8.00000000e-02 
 9.00000000e-02  3.20092437e-09  4.60193200e-01  3.14033985e-09  3.48094877e-09  3.12374173e-09  4.60193200e-01  3.37240524e-09  1.62501815e-07  5.46182033e-08  9.00000000e-02 
 1.00000000e-01  3.20092437e-09  4.60193208e-01  3.14033980e-09  3.48094877e-09  3.12374168e-09  4.60193208e-01  3.37240524e-09  1.62501806e-07  5.46179342e-08  1.00000000e-01 
 1.10000000e-01  3.20092437e-09  4.60193182e-01  3.14033985e-09  3.48094876e-09  3.12374168e-09  4.60193182e-01  3.37240524e-09  1.62501764e-07  5.46177761e-08  1.10000000e-01 
 1.20000000e-01  3.20092437e-09  4.60193188e-01  3.14033985e-09  3.48094877e-09  3.12374168e-09  4.60193188e-01  3.37240524e-09  1.62501795e-07  5.46174137e-08  1.20000000e-01 
 1.30000000e-01  3.20092437e-09  4.60193193e-01  3.14033985e-09  3.48094877e-09  3.12374173e-09  4.60193193e-01  3.37240529e-09  1.62501787e-07  5.46172894e-08  1.30000000e-01 
 1.40000000e-01  3.20092437e-09  4.60193208e-01  3.14033985e-09  3.48094882e-09  3.12374174e-09  4.60193208e-01  3.37240524e-09  1.62501819e-07  5.46170531e-08  1.40000000e-01 
 1.50000000e-01  3.20092437e-09  4.60193185e-01  3.14033979e-09  3.48094875e-09  3.12374168e-09  4.60193185e-01  3.37240524e-09  1.62501794e-07  5.46167822e-08  1.50000000e-01 
 1.60000000e-01  3.20092437e-09  4.60193202e-01  3.14033985e-09  3.48094877e-09  3.12374168e-09  4.60193202e-01  3.37240524e-09  1.62501803e-07  5.46165992e-08  1.60000000e-01 
 1.70000000e-01  3.20092437e-09  4.60193215e-01  3.14033985e-09  3.48094877e-09  3.12374168e-09  4.60193215e-01  3.37240529e-09  1.62501826e-07  5.46164731e-08  1.70000000e-01 
 1.80000000e-01  3.20092437e-09  4.60193195e-01  3.14033985e-09  3.48094877e-09  3.12374168e-09  4.60193195e-01  3.37240524e-09  1.62501791e-07  5.46162031e-08  1.80000000e-01 
 1.90000000e-01  3.20092437e-09  4.60193206e-01  3.14033985e-09  3.48094877e-09  3.12374168e-09  4.60193206e-01  3.37240524e-09  1.62501824e-07  5.46159935e-08  1.90000000e-01 
 2.00000000e-01  3.20092437e-09  4.60193206e-01  3.14033985e-09  3.48094877e-09  3.12374174e-09  4.60193206e-01  3.37240524e-09  1.62501802e-07  5.46159420e-08  2.00000000e-01 
 2.10000000e-01  3.20092437e-09  4.60193192e-01  3.14033985e-09  3.48094877e-09  3.12374168e-09  4.60193192e-01  3.37240529e-09  1.62501800e-07  5.46157768e-08  2.10000000e-01 
 2.20000000e-01  3.20092437e-09  4.60193197e-01  3.14033980e-09  3.48094877e-09  3.12374173e-09  4.60193197e-01  3.37240524e-09  1.62501798e-07  5.46156187e-08  2.20000000e-01 
 2.30000000e-01  3.20092437e-09  4.60193195e-01  3.14033985e-09  3.48094877e-09  3.12374168e-09  4.60193195e-01  3.37240524e-09  1.62501790e-07  5.46154375e-08  2.30000000e-01 
 2.40000000e-01  3.20092437e-09  4.60193196e-01  3.14033985e-09  3.48094877e-09  3.12374168e-09  4.60193196e-01  3.37240524e-09  1.62501793e-07  5.46153185e-08  2.40000000e-01 
 2.50000000e-01  3.20092437e-09  4.60193201e-01  3.14033980e-09  3.48094877e-09  3.12374168e-09  4.60193201e-01  3.37240524e-09  1.62501807e-07  5.46151675e-08  2.50000000e-01 
 2.60000000e-01  3.20092437e-09  4.60193201e-01  3.14033985e-09  3.48094877e-09  3.12374168e-09  4.60193201e-01  3.37240524e-09  1.62501798e-07  5.46150822e-08  2.60000000e-01 
 2.70000000e-01  3.20092437e-09  4.60193178e-01  3.14033979e-09  3.48094876e-09  3.12374173e-09  4.60193178e-01  3.37240524e-09  1.62501761e-07  5.46149348e-08  2.70000000e-01 
 2.80000000e-01  3.20092437e-09  4.60193166e-01  3.14033985e-09  3.48094876e-09  3.12374168e-09  4.60193166e-01  3.37240524e-09  1.62501752e-07  5.46147803e-08  2.80000000e-01 
 2.90000000e-01  3.20092437e-09  4.60193195e-01  3.14033985e-09  3.48094877e-09  3.12374173e-09  4.60193195e-01  3.37240524e-09  1.62501794e-07  5.46146950e-08  2.90000000e-01 
 3.00000000e-01  3.20092437e-09  4.60193180e-01  3.14033979e-09  3.48094876e-09  3.12374168e-09  4.60193180e-01  3.37240524e-09  1.62501782e-07  5.46144996e-08  3.00000000e-01 
 3.10000000e-01  3.20092437e-09  4.60193195e-01  3.14033985e-09  3.48094877e-09  3.12374173e-09  4.60193195e-01  3.37240529e-09  1.62501793e-07  5.46145600e-08  3.10000000e-01 
 3.20000000e-01  3.20092437e-09  4.60193189e-01  3.14033985e-09  3.48094877e-09  3.12374168e-09  4.60193189e-01  3.37240524e-09  1.62501779e-07  5.46144037e-08  3.20000000e-01 
 3.30000000e-01  3.20092437e-09  4.60193171e-01  3.14033985e-09  3.48094876e-09  3.12374168e-09  4.60193171e-01  3.37240524e-09  1.62501760e-07  5.46142793e-08  3.30000000e-01 
 3.40000000e-01  3.20092437e-09  4.60193194e-01  3.14033980e-09  3.48094877e-09  3.12374173e-09  4.60193194e-01  3.37240529e-09  1.62501802e-07  5.46141692e-08  3.40000000e-01 
 3.50000000e-01  3.20092437e-09  4.60193209e-01  3.14033985e-09  3.48094877e-09  3.12374168e-09  4.60193209e-01  3.37240524e-09  1.62501810e-07  5.46141834e-08  3.50000000e-01 
 3.60000000e-01  3.20092437e-09  4.60193180e-01  3.14033979e-09  3.48094876e-09  3.12374168e-09  4.60193180e-01  3.37240524e-09  1.62501772e-07  5.46140662e-08  3.60000000e-01 
 3.70000000e-01  3.20092437e-09  4.60193199e-01  3.14033985e-09  3.48094877e-09  3.12374168e-09  4.60193199e-01  3.37240524e-09  1.62501807e-07  5.46139205e-08  3.70000000e-01 
 3.80000000e-01  3.20092437e-09  4.60193193e-01  3.14033985e-09  3.48094877e-09  3.12374173e-09  4.60193193e-01  3.37240524e-09  1.62501790e-07  5.46139525e-08  3.80000000e-01 
 3.90000000e-01  3.20092437e-09  4.60193200e-01  3.14033980e-09  3.48094877e-09  3.12374173e-09  4.60193200e-01  3.37240524e-09  1.62501800e-07  5.46138033e-08  3.90000000e-01 
 4.00000000e-01  3.20092437e-09  4.60193197e-01  3.14033980e-09  3.48094877e-09  3.12374168e-09  4.60193197e-01  3.37240524e-09  1.62501807e-07  5.46137855e-08  4.00000000e-01 
 4.10000000e-01  3.20092437e-09  4.60193206e-01  3.14033985e-09  3.48094877e-09  3.12374174e-09  4.60193206e-01  3.37240524e-09  1.62501800e-07  5.46135439e-08  4.10000000e-01 
 4.20000000e-01  3.20092437e-09  4.60193196e-01  3.14033985e-09  3.48094877e-09  3.12374168e-09  4.60193196e-01  3.37240529e-09  1.62501783e-07  5.46134906e-08  4.20000000e-01 
 4.30000000e-01  3.20092437e-09  4.60193192e-01  3.14033979e-09  3.48094877e-09  3.12374173e-09  4.60193192e-01  3.37240524e-09  1.62501790e-07  5.46136256e-08  4.30000000e-01 
 4.40000000e-01  3.20092437e-09  4.60193167e-01  3.14033979e-09  3.48094876e-09  3.12374168e-09  4.60193167e-01  3.37240529e-09  1.62501745e-07  5.46133592e-08  4.40000000e-01 
 4.50000000e-01  3.20092437e-09  4.60193206e-01  3.14033985e-09  3.48094877e-09  3.12374174e-09  4.60193206e-01  3.37240524e-09  1.62501809e-07  5.46133521e-08  4.50000000e-01 
 4.60000000e-01  3.20092437e-09  4.60193178e-01  3.14033985e-09  3.48094876e-09  3.12374173e-09  4.60193178e-01  3.37240524e-09  1.62501779e-07  5.46132171e-08  4.60000000e-01 
 4.70000000e-01  3.20092437e-09  4.60193174e-01  3.14033985e-09  3.48094876e-09  3.12374173e-09  4.60193174e-01  3.37240524e-09  1.62501773e-07  5.46132277e-08  4.70000000e-01 
 4.80000000e-01  3.20092437e-09  4.60193185e-01  3.14033985e-09  3.48094877e-09  3.12374168e-09  4.60193185e-01  3.37240529e-09  1.62501774e-07  5.46130501e-08  4.80000000e-01 
 4.90000000e-01  3.20092437e-09  4.60193198e-01  3.14033985e-09  3.48094877e-09  3.12374173e-09  4.60193198e-01  3.37240529e-09  1.62501802e-07  5.46131709e-08  4.90000000e-01 
 5.00000000e-01  3.20092437e-09  4.60193189e-01  3.14033985e-09  3.48094877e-09  3.12374168e-09  4.60193189e-01  3.37240524e-09  1.62501782e-07  5.46130288e-08  5.00000000e-01 
 5.10000000e-01  3.20092437e-09  4.60193199e-01  3.14033980e-09  3.48094877e-09  3.12374173e-09  4.60193199e-01  3.37240524e-09  1.62501796e-07  5.46129897e-08  5.10000000e-01 
 5.20000000e-01  3.20092437e-09  4.60193195e-01  3.14033985e-09  3.48094877e-09  3.12374173e-09  4.60193195e-01  3.37240524e-09  1.62501796e-07  5.46128760e-08  5.20000000e-01 
 5.30000000e-01  3.20092437e-09  4.60193157e-01  3.14033979e-09  3.48094882e-09  3.12374168e-09  4.60193157e-01  3.37240529e-09  1.62501730e-07  5.46127588e-08  5.30000000e-01 
 5.40000000e-01  3.20092437e-09  4.60193188e-01  3.14033985e-09  3.48094875e-09  3.12374168e-09  4.60193188e-01  3.37240524e-09  1.62501787e-07  5.46126309e-08  5.40000000e-01 
 5.50000000e-01  3.20092437e-09  4.60193210e-01  3.14033985e-09  3.48094877e-09  3.12374168e-09  4.60193210e-01  3.37240524e-09  1.62501817e-07  5.46127055e-08  5.50000000e-01 
 5.60000000e-01  3.20092437e-09  4.60193197e-01  3.14033985e-09  3.48094877e-09  3.12374173e-09  4.60193197e-01  3.37240524e-09  1.62501787e-07  5.46126095e-08  5.60000000e-01 
 5.70000000e-01  3.20092437e-09  4.60193197e-01  3.14033985e-09  3.48094877e-09  3.12374168e-09  4.60193197e-01  3.37240524e-09  1.62501815e-07  5.46125207e-08  5.70000000e-01 
 5.80000000e-01  3.20092437e-09  4.60193188e-01  3.14033985e-09  3.48094877e-09  3.12374173e-09  4.60193188e-01  3.37240529e-09  1.62501789e-07  5.46123857e-08  5.80000000e-01 
 5.90000000e-01  3.20092437e-09  4.60193199e-01  3.14033985e-09  3.48094877e-09  3.12374173e-09  4.60193199e-01  3.37240524e-09  1.62501801e-07  5.46125420e-08  5.90000000e-01 
 6.00000000e-01  3.20092437e-09  4.60193200e-01  3.14033985e-09  3.48094882e-09  3.12374168e-09  4.60193200e-01  3.37240529e-09  1.62501790e-07  5.46123076e-08  6.00000000e-01 
 6.10000000e-01  3.20092437e-09  4.60193174e-01  3.14033979e-09  3.48094875e-09  3.12374173e-09  4.60193174e-01  3.37240524e-09  1.62501758e-07  5.46123928e-08  6.10000000e-01 
 6.20000000e-01  3.20092437e-09  4.60193201e-01  3.14033980e-09  3.48094877e-09  3.12374168e-09  4.60193201e-01  3.37240529e-09  1.62501809e-07  5.46122436e-08  6.20000000e-01 
 6.30000000e-01  3.20092437e-09  4.60193194e-01  3.14033985e-09  3.48094877e-09  3.12374173e-09  4.60193194e-01  3.37240524e-09  1.62501794e-07  5.46121868e-08  6.30000000e-01 
 6.40000000e-01  3.20092437e-09  4.60193186e-01  3.14033985e-09  3.48094877e-09  3.12374168e-09  4.60193186e-01  3.37240524e-09  1.62501787e-07  5.46121299e-08  6.40000000e-01 
 6.50000000e-01  3.20092437e-09  4.60193210e-01  3.14033985e-09  3.48094877e-09  3.12374168e-09  4.60193210e-01  3.37240529e-09  1.62501816e-07  5.46120020e-08  6.50000000e-01 
 6.60000000e-01  3.20092437e-09  4.60193191e-01  3.14033979e-09  3.48094877e-09  3.12374168e-09  4.60193191e-01  3.37240524e-09  1.62501777e-07  5.46119807e-08  6.60000000e-01 
 6.70000000e-01  3.20092437e-09  4.60193203e-01  3.14033985e-09  3.48094877e-09  3.12374173e-09  4.60193203e-01  3.37240524e-09  1.62501822e-07  5.46119310e-08  6.70000000e-01 
 6.80000000e-01  3.20092438e-09  4.60193228e-01  3.14033986e-09  3.48094877e-09  3.12374174e-09  4.60193228e-01  3.37240524e-09  1.62501832e-07  5.46119736e-08  6.80000000e-01 
 6.90000000e-01  3.20092437e-09  4.60193194e-01  3.14033985e-09  3.48094877e-09  3.12374168e-09  4.60193194e-01  3.37240524e-09  1.62501793e-07  5.46118955e-08  6.90000000e-01 
 7.00000000e-01  3.20092437e-09  4.60193214e-01  3.14033985e-09  3.48094877e-09  3.12374174e-09  4.60193214e-01  3.37240524e-09  1.62501831e-07  5.46117462e-08  7.00000000e-01 
 7.10000000e-01  3.20092437e-09  4.60193204e-01  3.14033985e-09  3.48094877e-09  3.12374173e-09  4.60193204e-01  3.37240529e-09  1.62501807e-07  5.46117462e-08  7.10000000e-01 
 7.20000000e-01  3.20092437e-09  4.60193185e-01  3.14033985e-09  3.48094876e-09  3.12374168e-09  4.60193185e-01  3.37240524e-09  1.62501787e-07  5.46116325e-08  7.20000000e-01 
 7.30000000e-01  3.20092437e-09  4.60193178e-01  3.14033985e-09  3.48094876e-09  3.12374168e-09  4.60193178e-01  3.37240529e-09  1.62501775e-07  5.46115615e-08  7.30000000e-01 
 7.40000000e-01  3.20092437e-09  4.60193203e-01  3.14033980e-09  3.48094877e-09  3.12374168e-09  4.60193203e-01  3.37240529e-09  1.62501824e-07  5.46115473e-08  7.40000000e-01 
 7.50000000e-01  3.20092437e-09  4.60193176e-01  3.14033979e-09  3.48094876e-09  3.12374173e-09  4.60193176e-01  3.37240524e-09  1.62501766e-07  5.46115260e-08  7.50000000e-01 
 7.60000000e-01  3.20092437e-09  4.60193187e-01  3.14033985e-09  3.48094877e-09  3.12374168e-09  4.60193187e-01  3.37240524e-09  1.62501792e-07  5.46113199e-08  7.60000000e-01 
 7.70000000e-01  3.20092437e-09  4.60193194e-01  3.14033980e-09  3.48094877e-09  3.12374168e-09  4.60193194e-01  3.37240529e-09  1.62501790e-07  5.46113483e-08  7.70000000e-01 
 7.80000000e-01  3.20092437e-09  4.60193201e-01  3.14033985e-09  3.48094877e-09  3.12374168e-09  4.60193201e-01  3.37240524e-09  1.62501798e-07  5.46112915e-08  7.80000000e-01 
 7.90000000e-01  3.20092437e-09  4.60193209e-01  3.14033985e-09  3.48094877e-09  3.12374174e-09  4.60193209e-01  3.37240529e-09  1.62501802e-07  5.46112986e-08  7.90000000e-01 
 8.00000000e-01  3.20092437e-09  4.60193210e-01  3.14033980e-09  3.48094877e-09  3.12374174e-09  4.60193210e-01  3.37240524e-09  1.62501820e-07  5.46111636e-08  8.00000000e-01 
 8.10000000e-01  3.20092437e-09  4.60193206e-01  3.14033985e-09  3.48094877e-09  3.12374168e-09  4.60193206e-01  3.37240524e-09  1.62501807e-07  5.46110286e-08  8.10000000e-01 
 8.20000000e-01  3.20092437e-09  4.60193181e-01  3.14033985e-09  3.48094876e-09  3.12374173e-09  4.60193181e-01  3.37240524e-09  1.62501779e-07  5.46109646e-08  8.20000000e-01 
 8.30000000e-01  3.20092437e-09  4.60193202e-01  3.14033985e-09  3.48094882e-09  3.12374173e-09  4.60193202e-01  3.37240529e-09  1.62501809e-07  5.46110286e-08  8.30000000e-01 
 8.40000000e-01  3.20092437e-09  4.60193203e-01  3.14033985e-09  3.48094881e-09  3.12374173e-09  4.60193203e-01  3.37240524e-09  1.62501799e-07  5.46108794e-08  8.40000000e-01 
 8.50000000e-01  3.20092437e-09  4.60193188e-01  3.14033979e-09  3.48094876e-09  3.12374173e-09  4.60193188e-01  3.37240524e-09  1.62501793e-07  5.46108652e-08  8.50000000e-01 
 8.60000000e-01  3.20092437e-09  4.60193200e-01  3.14033985e-09  3.48094877e-09  3.12374168e-09  4.60193200e-01  3.37240529e-09  1.62501810e-07  5.46108083e-08  8.60000000e-01 
 8.70000000e-01  3.20092437e-09  4.60193196e-01  3.14033985e-09  3.48094877e-09  3.12374168e-09  4.60193196e-01  3.37240524e-09  1.62501803e-07  5.46107657e-08  8.70000000e-01 
 8.80000000e-01  3.20092437e-09  4.60193195e-01  3.14033985e-09  3.48094877e-09  3.12374173e-09  4.60193195e-01  3.37240524e-09  1.62501785e-07  5.46106023e-08  8.80000000e-01 
 8.90000000e-01  3.20092437e-09  4.60193182e-01  3.14033985e-09  3.48094876e-09  3.12374173e-09  4.60193182e-01  3.37240529e-09  1.62501767e-07  5.46105952e-08  8.90000000e-01 
 9.00000000e-01  3.20092437e-09  4.60193208e-01  3.14033985e-09  3.48094877e-09  3.12374174e-09  4.60193208e-01  3.37240529e-09  1.62501817e-07  5.46104673e-08  9.00000000e-01 
 9.10000000e-01  3.20092437e-09  4.60193194e-01  3.14033985e-09  3.48094877e-09  3.12374168e-09  4.60193194e-01  3.37240529e-09  1.62501786e-07  5.46104388e-08  9.10000000e-01 
 9.20000000e-01  3.20092437e-09  4.60193205e-01  3.14033985e-09  3.48094877e-09  3.12374174e-09  4.60193205e-01  3.37240524e-09  1.62501830e-07  5.46104175e-08  9.20000000e-01 
 9.30000000e-01  3.20092437e-09  4.60193197e-01  3.14033985e-09  3.48094877e-09  3.12374168e-09  4.60193197e-01  3.37240524e-09  1.62501785e-07  5.46103465e-08  9.30000000e-01 
 9.40000000e-01  3.20092437e-09  4.60193193e-01  3.14033985e-09  3.48094877e-09  3.12374168e-09  4.60193193e-01  3.37240529e-09  1.62501792e-07  5.46101688e-08  9.40000000e-01 
 9.50000000e-01  3.20092437e-09  4.60193166e-01  3.14033985e-09  3.48094876e-09  3.12374168e-09  4.60193166e-01  3.37240529e-09  1.62501755e-07  5.46101688e-08  9.50000000e-01 
 9.60000000e-01  3.20092437e-09  4.60193197e-01  3.14033985e-09  3.48094877e-09  3.12374168e-09  4.60193197e-01  3.37240524e-09  1.62501800e-07  5.46100694e-08  9.60000000e-01 
 9.70000000e-01  3.20092437e-09  4.60193191e-01  3.14033985e-09  3.48094877e-09  3.12374173e-09  4.60193191e-01  3.37240524e-09  1.62501790e-07  5.46100694e-08  9.70000000e-01 
 9.80000000e-01  3.20092437e-09  4.60193188e-01  3.14033979e-09  3.48094877e-09  3.12374173e-09  4.60193188e-01  3.37240524e-09  1.62501790e-07  5.46099130e-08  9.80000000e-01 
 9.90000000e-01  3.20092438e-09  4.60193236e-01  3.14033986e-09  3.48094877e-09  3.12374174e-09  4.60193236e-01  3.37240530e-09  1.62501847e-07  5.46100338e-08  9.90000000e-01 
 1.00000000e+00  3.20092437e-09  4.60193199e-01  3.14033980e-09  3.48094882e-09  3.12374168e-09  4.60193199e-01  3.37240524e-09  1.62501798e-07  5.46097567e-08  1.00000000e+00 
 1.01000000e+00  3.20092437e-09  4.60193212e-01  3.14033985e-09  3.48094876e-09  3.12374168e-09  4.60193212e-01  3.37240524e-09  1.62501831e-07  5.46097638e-08  1.01000000e+00 
 1.02000000e+00  3.20092437e-09  4.60193194e-01  3.14033980e-09  3.48094877e-09  3.12374168e-09  4.60193194e-01  3.37240529e-09  1.62501794e-07  5.46097070e-08  1.02000000e+00 
 1.03000000e+00  3.20092437e-09  4.60193202e-01  3.14033980e-09  3.48094877e-09  3.12374173e-09  4.60193202e-01  3.37240524e-09  1.62501808e-07  5.46095933e-08  1.03000000e+00 
 1.04000000e+00  3.20092437e-09  4.60193203e-01  3.14033985e-09  3.48094877e-09  3.12374173e-09  4.60193203e-01  3.37240524e-09  1.62501816e-07  5.46095364e-08  1.04000000e+00 
 1.05000000e+00  3.20092437e-09  4.60193189e-01  3.14033979e-09  3.48094877e-09  3.12374168e-09  4.60193189e-01  3.37240524e-09  1.62501805e-07  5.46094938e-08  1.05000000e+00 
 1.06000000e+00  3.20092437e-09  4.60193193e-01  3.14033985e-09  3.48094877e-09  3.12374168e-09  4.60193193e-01  3.37240529e-09  1.62501800e-07  5.46094157e-08  1.06000000e+00 
 1.07000000e+00  3.20092437e-09  4.60193191e-01  3.14033985e-09  3.48094877e-09  3.12374168e-09  4.60193191e-01  3.37240524e-09  1.62501778e-07  5.46094299e-08  1.07000000e+00 
 1.08000000e+00  3.20092437e-09  4.60193187e-01  3.14033979e-09  3.48094877e-09  3.12374168e-09  4.60193187e-01  3.37240524e-09  1.62501782e-07  5.46094157e-08  1.08000000e+00 
 1.09000000e+00  3.20092437e-09  4.60193187e-01  3.14033985e-09  3.48094877e-09  3.12374173e-09  4.60193187e-01  3.37240524e-09  1.62501778e-07  5.46092522e-08  1.09000000e+00 
 1.10000000e+00  3.20092437e-09  4.60193194e-01  3.14033985e-09  3.48094877e-09  3.12374173e-09  4.60193194e-01  3.37240524e-09  1.62501800e-07  5.46092096e-08  1.10000000e+00 
 1.11000000e+00  3.20092437e-09  4.60193202e-01  3.14033980e-09  3.48094877e-09  3.12374168e-09  4.60193202e-01  3.37240529e-09  1.62501808e-07  5.46091101e-08  1.11000000e+00 
 1.12000000e+00  3.20092437e-09  4.60193212e-01  3.14033985e-09  3.48094877e-09  3.12374168e-09  4.60193212e-01  3.37240524e-09  1.62501811e-07  5.46089893e-08  1.12000000e+00 
 1.13000000e+00  3.20092437e-09  4.60193200e-01  3.14033985e-09  3.48094877e-09  3.12374168e-09  4.60193200e-01  3.37240524e-09  1.62501812e-07  5.46089893e-08  1.13000000e+00 
 1.14000000e+00  3.20092437e-09  4.60193194e-01  3.14033985e-09  3.48094877e-09  3.12374173e-09  4.60193194e-01  3.37240524e-09  1.62501788e-07  5.46089396e-08  1.14000000e+00 
 1.15000000e+00  3.20092437e-09  4.60193192e-01  3.14033985e-09  3.48094877e-09  3.12374168e-09  4.60193192e-01  3.37240529e-09  1.62501785e-07  5.46087762e-08  1.15000000e+00 
 1.16000000e+00  3.20092437e-09  4.60193197e-01  3.14033985e-09  3.48094877e-09  3.12374168e-09  4.60193197e-01  3.37240529e-09  1.62501795e-07  5.46087620e-08  1.16000000e+00 
 1.17000000e+00  3.20092437e-09  4.60193185e-01  3.14033985e-09  3.48094876e-09  3.12374173e-09  4.60193185e-01  3.37240529e-09  1.62501781e-07  5.46087051e-08  1.17000000e+00 
 1.18000000e+00  3.20092437e-09  4.60193203e-01  3.14033980e-09  3.48094877e-09  3.12374168e-09  4.60193203e-01  3.37240524e-09  1.62501804e-07  5.46086483e-08  1.18000000e+00 
 1.19000000e+00  3.20092437e-09  4.60193204e-01  3.14033985e-09  3.48094877e-09  3.12374173e-09  4.60193204e-01  3.37240529e-09  1.62501811e-07  5.46085204e-08  1.19000000e+00 
 1.20000000e+00  3.20092437e-09  4.60193194e-01  3.14033985e-09  3.48094877e-09  3.12374173e-09  4.60193194e-01  3.37240524e-09  1.62501795e-07  5.46083925e-08  1.20000000e+00 
 1.21000000e+00  3.20092438e-09  4.60193220e-01  3.14033985e-09  3.48094877e-09  3.12374174e-09  4.60193220e-01  3.37240524e-09  1.62501833e-07  5.46084351e-08  1.21000000e+00 
 1.22000000e+00  3.20092437e-09  4.60193192e-01  3.14033979e-09  3.48094877e-09  3.12374168e-09  4.60193192e-01  3.37240524e-09  1.62501797e-07  5.46083072e-08  1.22000000e+00 
 1.23000000e+00  3.20092437e-09  4.60193205e-01  3.14033985e-09  3.48094877e-09  3.12374168e-09  4.60193205e-01  3.37240529e-09  1.62501811e-07  5.46082504e-08  1.23000000e+00 
 1.24000000e+00  3.20092437e-09  4.60193184e-01  3.14033979e-09  3.48094876e-09  3.12374168e-09  4.60193184e-01  3.37240524e-09  1.62501784e-07  5.46081367e-08  1.24000000e+00 
 1.25000000e+00  3.20092437e-09  4.60193204e-01  3.14033980e-09  3.48094877e-09  3.12374168e-09  4.60193204e-01  3.37240529e-09  1.62501806e-07  5.46079946e-08  1.25000000e+00 
 1.26000000e+00  3.20092437e-09  4.60193209e-01  3.14033980e-09  3.48094877e-09  3.12374168e-09  4.60193209e-01  3.37240524e-09  1.62501818e-07  5.46080088e-08  1.26000000e+00 
 1.27000000e+00  3.20092437e-09  4.60193200e-01  3.14033980e-09  3.48094877e-09  3.12374168e-09  4.60193200e-01  3.37240529e-09  1.62501797e-07  5.46078667e-08  1.27000000e+00 
 1.28000000e+00  3.20092437e-09  4.60193171e-01  3.14033985e-09  3.48094876e-09  3.12374173e-09  4.60193171e-01  3.37240529e-09  1.62501763e-07  5.46078240e-08  1.28000000e+00 
 1.29000000e+00  3.20092437e-09  4.60193208e-01  3.14033980e-09  3.48094877e-09  3.12374174e-09  4.60193208e-01  3.37240524e-09  1.62501803e-07  5.46077104e-08  1.29000000e+00 
 1.30000000e+00  3.20092437e-09  4.60193214e-01  3.14033985e-09  3.48094877e-09  3.12374168e-09  4.60193214e-01  3.37240529e-09  1.62501817e-07  5.46077672e-08  1.30000000e+00 
 1.31000000e+00  3.20092437e-09  4.60193205e-01  3.14033985e-09  3.48094877e-09  3.12374168e-09  4.60193205e-01  3.37240524e-09  1.62501802e-07  5.46076393e-08  1.31000000e+00 
 1.32000000e+00  3.20092437e-09  4.60193179e-01  3.14033985e-09  3.48094876e-09  3.12374173e-09  4.60193179e-01  3.37240529e-09  1.62501768e-07  5.46075114e-08  1.32000000e+00 
 1.33000000e+00  3.20092437e-09  4.60193189e-01  3.14033985e-09  3.48094877e-09  3.12374168e-09  4.60193189e-01  3.37240524e-09  1.62501796e-07  5.46074972e-08  1.33000000e+00 
 1.34000000e+00  3.20092437e-09  4.60193191e-01  3.14033985e-09  3.48094882e-09  3.12374168e-09  4.60193191e-01  3.37240524e-09  1.62501794e-07  5.46073124e-08  1.34000000e+00 
 1.35000000e+00  3.20092437e-09  4.60193188e-01  3.14033979e-09  3.48094881e-09  3.12374168e-09  4.60193188e-01  3.37240529e-09  1.62501784e-07  5.46072130e-08  1.35000000e+00 
 1.36000000e+00  3.20092437e-09  4.60193180e-01  3.14033985e-09  3.48094876e-09  3.12374173e-09  4.60193180e-01  3.37240529e-09  1.62501774e-07  5.46072414e-08  1.36000000e+00 
 1.37000000e+00  3.20092437e-09  4.60193190e-01  3.14033985e-09  3.48094877e-09  3.12374173e-09  4.60193190e-01  3.37240524e-09  1.62501791e-07  5.46069998e-08  1.37000000e+00 
 1.38000000e+00  3.20092437e-09  4.60193208e-01  3.14033980e-09  3.48094877e-09  3.12374174e-09  4.60193208e-01  3.37240529e-09  1.62501819e-07  5.46069572e-08  1.38000000e+00 
 1.39000000e+00  3.20092437e-09  4.60193175e-01  3.14033985e-09  3.48094882e-09  3.12374173e-09  4.60193175e-01  3.37240524e-09  1.62501771e-07  5.46068435e-08  1.39000000e+00 
 1.40000000e+00  3.20092437e-09  4.60193183e-01  3.14033985e-09  3.48094881e-09  3.12374168e-09  4.60193183e-01  3.37240529e-09  1.62501789e-07  5.46066303e-08  1.40000000e+00 
 1.41000000e+00  3.20092438e-09  4.60193220e-01  3.14033985e-09  3.48094876e-09  3.12374168e-09  4.60193220e-01  3.37240530e-09  1.62501835e-07  5.46067298e-08  1.41000000e+00 
 1.42000000e+00  3.20092437e-09  4.60193214e-01  3.14033980e-09  3.48094877e-09  3.12374174e-09  4.60193214e-01  3.37240524e-09  1.62501820e-07  5.46066303e-08  1.42000000e+00 
 1.43000000e+00  3.20092437e-09  4.60193216e-01  3.14033985e-09  3.48094877e-09  3.12374168e-09  4.60193216e-01  3.37240524e-09  1.62501823e-07  5.46064314e-08  1.43000000e+00 
 1.44000000e+00  3.20092437e-09  4.60193180e-01  3.14033985e-09  3.48094876e-09  3.12374173e-09  4.60193180e-01  3.37240524e-09  1.62501780e-07  5.46063177e-08  1.44000000e+00 
 1.45000000e+00  3.20092437e-09  4.60193202e-01  3.14033980e-09  3.48094877e-09  3.12374168e-09  4.60193202e-01  3.37240529e-09  1.62501804e-07  5.46062040e-08  1.45000000e+00 
 1.46000000e+00  3.20092437e-09  4.60193174e-01  3.14033985e-09  3.48094876e-09  3.12374168e-09  4.60193174e-01  3.37240524e-09  1.62501764e-07  5.46059908e-08  1.46000000e+00 
 1.47000000e+00  3.20092437e-09  4.60193203e-01  3.14033980e-09  3.48094877e-09  3.12374168e-09  4.60193203e-01  3.37240524e-09  1.62501813e-07  5.46057066e-08  1.47000000e+00 
 1.48000000e+00  3.20092437e-09  4.60193206e-01  3.14033980e-09  3.48094877e-09  3.12374174e-09  4.60193206e-01  3.37240524e-09  1.62501824e-07  5.46055929e-08  1.48000000e+00 
 1.49000000e+00  3.20092437e-09  4.60193200e-01  3.14033985e-09  3.48094877e-09  3.12374168e-09  4.60193200e-01  3.37240524e-09  1.62501798e-07  5.46055077e-08  1.49000000e+00 
 1.50000000e+00  3.20092437e-09  4.60193199e-01  3.14033985e-09  3.48094877e-09  3.12374168e-09  4.60193199e-01  3.37240524e-09  1.62501806e-07  5.46052945e-08  1.50000000e+00 
 1.51000000e+00  3.20092437e-09  4.60193210e-01  3.14033985e-09  3.48094877e-09  3.12374174e-09  4.60193210e-01  3.37240524e-09  1.62501811e-07  5.46049677e-08  1.51000000e+00 
 1.52000000e+00  3.20092437e-09  4.60193212e-01  3.14033985e-09  3.48094877e-09  3.12374168e-09  4.60193212e-01  3.37240524e-09  1.62501828e-07  5.46046834e-08  1.52000000e+00 
 1.53000000e+00  3.20092437e-09  4.60193206e-01  3.14033980e-09  3.48094877e-09  3.12374168e-09  4.60193206e-01  3.37240524e-09  1.62501810e-07  5.46042287e-08  1.53000000e+00 
 1.54000000e+00  3.20092437e-09  4.60193172e-01  3.14033985e-09  3.48094876e-09  3.12374173e-09  4.60193172e-01  3.37240529e-09  1.62501764e-07  5.46037455e-08  1.54000000e+00 
 1.55000000e+00  3.20092437e-09  4.60193203e-01  3.14033985e-09  3.48094877e-09  3.12374173e-09  4.60193203e-01  3.37240524e-09  1.62501813e-07  5.46032197e-08  1.55000000e+00 
 1.56000000e+00  3.20092437e-09  4.60193193e-01  3.14033985e-09  3.48094877e-09  3.12374168e-09  4.60193193e-01  3.37240524e-09  1.62501784e-07  5.46023387e-08  1.56000000e+00 
 1.57000000e+00  3.20092437e-09  4.60193192e-01  3.14033979e-09  3.48094877e-09  3.12374168e-09  4.60193192e-01  3.37240529e-09  1.62501790e-07  5.46013013e-08  1.57000000e+00 
 1.58000000e+00  3.20092437e-09  4.60193174e-01  3.14033985e-09  3.48094876e-09  3.12374168e-09  4.60193174e-01  3.37240529e-09  1.62501755e-07  5.45997381e-08  1.58000000e+00 
 1.59000000e+00  3.20092437e-09  4.60193187e-01  3.14033979e-09  3.48094877e-09  3.12374173e-09  4.60193187e-01  3.37240529e-09  1.62501789e-07  5.45971801e-08  1.59000000e+00 
 1.60000000e+00  3.20092437e-09  4.60193178e-01  3.14033979e-09  3.48094876e-09  3.12374173e-09  4.60193178e-01  3.37240524e-09  1.62501768e-07  5.45934569e-08  1.60000000e+00 
 1.61000000e+00  3.20092437e-09  4.60193218e-01  3.14033985e-09  3.48094877e-09  3.12374174e-09  4.60193218e-01  3.37240524e-09  1.62501825e-07  5.45870478e-08  1.61000000e+00 
 1.62000000e+00  3.20092437e-09  4.60193190e-01  3.14033979e-09  3.48094877e-09  3.12374173e-09  4.60193190e-01  3.37240524e-09  1.62501793e-07  5.45757786e-08  1.62000000e+00 
 1.63000000e+00  3.20092437e-09  4.60193168e-01  3.14033985e-09  3.48094876e-09  3.12374173e-09  4.60193168e-01  3.37240529e-09  1.62501769e-07  5.45553291e-08  1.63000000e+00 
 1.64000000e+00  3.20092437e-09  4.60193185e-01  3.14033985e-09  3.48094877e-09  3.12374168e-09  4.60193185e-01  3.37240524e-09  1.62501781e-07  5.45169598e-08  1.64000000e+00 
 1.65000000e+00  3.20092437e-09  4.60193219e-01  3.14033980e-09  3.48094877e-09  3.12374168e-09  4.60193219e-01  3.37240524e-09  1.62501823e-07  5.44409744e-08  1.65000000e+00 
 1.66000000e+00  3.20092437e-09  4.60193180e-01  3.14033985e-09  3.48094882e-09  3.12374173e-09  4.60193180e-01  3.37240529e-09  1.62501773e-07  5.41991483e-08  1.66000000e+00 
 1.67000000e+00  3.20092437e-09  4.60193175e-01  3.14033985e-09  3.48094876e-09  3.12374173e-09  4.60193175e-01  3.37240529e-09  1.62501768e-07  5.28360005e-08  1.67000000e+00 
 1.68000000e+00  3.20092437e-09  4.60193193e-01  3.14033985e-09  3.48094877e-09  3.12374168e-09  4.60193193e-01  3.37240524e-09  1.62501789e-07  4.90676655e-08  1.68000000e+00 
 1.69000000e+00  3.20092437e-09  4.60193200e-01  3.14033985e-09  3.48094877e-09  3.12374168e-09  4.60193200e-01  3.37240524e-09  1.62501803e-07  3.89278085e-08  1.69000000e+00 
 1.70000000e+00  3.20092437e-09  4.60193172e-01  3.14033985e-09  3.48094876e-09  3.12374168e-09  4.60193172e-01  3.37240524e-09  1.62501764e-07  3.05758618e-08  1.70000000e+00 
 1.71000000e+00  3.20092437e-09  4.60193199e-01  3.14033985e-09  3.48094877e-09  3.12374168e-09  4.60193199e-01  3.37240524e-09  1.62501790e-07  2.37244535e-08  1.71000000e+00 
 1.72000000e+00  3.20092437e-09  4.60193187e-01  3.14033985e-09  3.48094877e-09  3.12374173e-09  4.60193187e-01  3.37240524e-09  1.62501790e-07  1.81195361e-08  1.72000000e+00 
 1.73000000e+00  3.20092437e-09  4.60193190e-01  3.14033985e-09  3.48094877e-09  3.12374173e-09  4.60193190e-01  3.37240524e-09  1.62501795e-07  1.35395055e-08  1.73000000e+00 
 1.74000000e+00  3.20092438e-09  4.60193224e-01  3.14033980e-09  3.48094877e-09  3.12374174e-09  4.60193224e-01  3.37240524e-09  1.62501837e-07  9.79214576e-09  1.74000000e+00 
 1.75000000e+00  3.20092437e-09  4.60193189e-01  3.14033985e-09  3.48094877e-09  3.12374168e-09  4.60193189e-01  3.37240529e-09  1.62501777e-07  6.71037981e-09  1.75000000e+00 
 1.76000000e+00  3.20092437e-09  4.60193189e-01  3.14033985e-09  3.48094877e-09  3.12374173e-09  4.60193189e-01  3.37240524e-09  1.62501794e-07  4.15109014e-09  1.76000000e+00 
 1.77000000e+00  3.20092437e-09  4.60193173e-01  3.14033985e-09  3.48094876e-09  3.12374173e-09  4.60193173e-01  3.37240524e-09  1.62501758e-07  2.00198258e-09  1.77000000e+00 
 1.78000000e+00  3.20092437e-09  4.60193170e-01  3.14033985e-09  3.48094876e-09  3.12374173e-09  4.60193170e-01  3.37240529e-09  1.62501766e-07  1.95441885e-10  1.78000000e+00 
 1.79000000e+00  3.20092437e-09  4.60193201e-01  3.14033985e-09  3.48094877e-09  3.12374168e-09  4.60193201e-01  3.37240529e-09  1.62501811e-07 -1.28794397e-09  1.79000000e+00 
 1.80000000e+00  3.20092437e-09  4.60193203e-01  3.14033985e-09  3.48094877e-09  3.12374168e-09  4.60193203e-01  3.37240524e-09  1.62501792e-07 -2.44357068e-09  1.80000000e+00 
