 v-sweep         v(b0)           v(b1)           v(b2)           v(b3)           v(b4)           v(b5)           v(b6)           i(vbias)        i(viout)        v(vout)        
 0.00000000e+00  4.58268861e-01  3.38703502e-09  4.58268861e-01  3.45898236e-09  3.23751254e-09  3.26474076e-09  4.58268861e-01  1.59044993e-07  1.05593762e-07  0.00000000e+00 
 1.00000000e-02  4.58268858e-01  3.38703493e-09  4.58268858e-01  3.45898233e-09  3.23751252e-09  3.26474073e-09  4.58268858e-01  1.59044990e-07  1.05593346e-07  1.00000000e-02 
 2.00000000e-02  4.58268852e-01  3.38703493e-09  4.58268852e-01  3.45898233e-09  3.23751251e-09  3.26474079e-09  4.58268852e-01  1.59044973e-07  1.05592761e-07  2.00000000e-02 
 3.00000000e-02  4.58268866e-01  3.38703499e-09  4.58268866e-01  3.45898233e-09  3.23751252e-09  3.26474079e-09  4.58268866e-01  1.59045010e-07  1.05592505e-07  3.00000000e-02 
 4.00000000e-02  4.58268856e-01  3.38703499e-09  4.58268857e-01  3.45898233e-09  3.23751252e-09  3.26474073e-09  4.58268857e-01  1.59044992e-07  1.05592055e-07  4.00000000e-02 
 5.00000000e-02  4.58268865e-01  3.38703499e-09  4.58268865e-01  3.45898233e-09  3.23751252e-09  3.26474073e-09  4.58268865e-01  1.59044999e-07  1.05591756e-07  5.00000000e-02 
 6.00000000e-02  4.58268830e-01  3.38703499e-09  4.58268831e-01  3.45898233e-09  3.23751251e-09  3.26474079e-09  4.58268831e-01  1.59044942e-07  1.05591330e-07  6.00000000e-02 
 7.00000000e-02  4.58268870e-01  3.38703493e-09  4.58268870e-01  3.45898233e-09  3.23751252e-09  3.26474073e-09  4.58268870e-01  1.59045009e-07  1.05591213e-07  7.00000000e-02 
 8.00000000e-02  4.58268863e-01  3.38703499e-09  4.58268863e-01  3.45898233e-09  3.23751246e-09  3.26474073e-09  4.58268863e-01  1.59044998e-07  1.05590889e-07  8.00000000e-02 
 9.00000000e-02  4.58268868e-01  3.38703493e-09  4.58268868e-01  3.45898233e-09  3.23751246e-09  3.26474073e-09  4.58268868e-01  1.59044990e-07  1.05590552e-07  9.00000000e-02 
 1.00000000e-01  4.58268854e-01  3.38703499e-09  4.58268855e-01  3.45898233e-09  3.23751251e-09  3.26474073e-09  4.58268855e-01  1.59044980e-07  1.05590263e-07  1.00000000e-01 
 1.10000000e-01  4.58268877e-01  3.38703499e-09  4.58268877e-01  3.45898233e-09  3.23751252e-09  3.26474079e-09  4.58268877e-01  1.59045029e-07  1.05590142e-07  1.10000000e-01 
 1.20000000e-01  4.58268868e-01  3.38703499e-09  4.58268868e-01  3.45898233e-09  3.23751252e-09  3.26474073e-09  4.58268868e-01  1.59045000e-07  1.05589763e-07  1.20000000e-01 
 1.30000000e-01  4.58268845e-01  3.38703499e-09  4.58268845e-01  3.45898233e-09  3.23751251e-09  3.26474073e-09  4.58268845e-01  1.59044974e-07  1.05589522e-07  1.30000000e-01 
 1.40000000e-01  4.58268869e-01  3.38703493e-09  4.58268869e-01  3.45898233e-09  3.23751246e-09  3.26474073e-09  4.58268869e-01  1.59045006e-07  1.05589272e-07  1.40000000e-01 
 1.50000000e-01  4.58268878e-01  3.38703499e-09  4.58268879e-01  3.45898233e-09  3.23751252e-09  3.26474073e-09  4.58268879e-01  1.59045020e-07  1.05589139e-07  1.50000000e-01 
 1.60000000e-01  4.58268844e-01  3.38703499e-09  4.58268845e-01  3.45898233e-09  3.23751251e-09  3.26474073e-09  4.58268845e-01  1.59044966e-07  1.05588795e-07  1.60000000e-01 
 1.70000000e-01  4.58268870e-01  3.38703493e-09  4.58268870e-01  3.45898233e-09  3.23751252e-09  3.26474073e-09  4.58268870e-01  1.59045011e-07  1.05588656e-07  1.70000000e-01 
 1.80000000e-01  4.58268873e-01  3.38703493e-09  4.58268873e-01  3.45898233e-09  3.23751246e-09  3.26474073e-09  4.58268873e-01  1.59045007e-07  1.05588544e-07  1.80000000e-01 
 1.90000000e-01  4.58268873e-01  3.38703493e-09  4.58268873e-01  3.45898233e-09  3.23751252e-09  3.26474079e-09  4.58268873e-01  1.59045014e-07  1.05588278e-07  1.90000000e-01 
 2.00000000e-01  4.58268854e-01  3.38703493e-09  4.58268854e-01  3.45898233e-09  3.23751246e-09  3.26474079e-09  4.58268854e-01  1.59044988e-07  1.05588052e-07  2.00000000e-01 
 2.10000000e-01  4.58268868e-01  3.38703499e-09  4.58268868e-01  3.45898233e-09  3.23751246e-09  3.26474073e-09  4.58268868e-01  1.59044999e-07  1.05587841e-07  2.10000000e-01 
 2.20000000e-01  4.58268873e-01  3.38703499e-09  4.58268873e-01  3.45898233e-09  3.23751246e-09  3.26474073e-09  4.58268873e-01  1.59045016e-07  1.05587830e-07  2.20000000e-01 
 2.30000000e-01  4.58268866e-01  3.38703499e-09  4.58268866e-01  3.45898233e-09  3.23751252e-09  3.26474073e-09  4.58268866e-01  1.59045004e-07  1.05587590e-07  2.30000000e-01 
 2.40000000e-01  4.58268866e-01  3.38703499e-09  4.58268866e-01  3.45898233e-09  3.23751252e-09  3.26474073e-09  4.58268866e-01  1.59044992e-07  1.05587462e-07  2.40000000e-01 
 2.50000000e-01  4.58268852e-01  3.38703499e-09  4.58268852e-01  3.45898233e-09  3.23751251e-09  3.26474073e-09  4.58268852e-01  1.59044972e-07  1.05587279e-07  2.50000000e-01 
 2.60000000e-01  4.58268871e-01  3.38703493e-09  4.58268871e-01  3.45898233e-09  3.23751252e-09  3.26474073e-09  4.58268871e-01  1.59045003e-07  1.05587162e-07  2.60000000e-01 
 2.70000000e-01  4.58268861e-01  3.38703499e-09  4.58268862e-01  3.45898233e-09  3.23751252e-09  3.26474073e-09  4.58268861e-01  1.59044993e-07  1.05587079e-07  2.70000000e-01 
 2.80000000e-01  4.58268845e-01  3.38703499e-09  4.58268845e-01  3.45898233e-09  3.23751251e-09  3.26474073e-09  4.58268845e-01  1.59044969e-07  1.05586832e-07  2.80000000e-01 
 2.90000000e-01  4.58268860e-01  3.38703499e-09  4.58268860e-01  3.45898233e-09  3.23751252e-09  3.26474073e-09  4.58268860e-01  1.59044987e-07  1.05586818e-07  2.90000000e-01 
 3.00000000e-01  4.58268872e-01  3.38703499e-09  4.58268872e-01  3.45898233e-09  3.23751246e-09  3.26474073e-09  4.58268872e-01  1.59045001e-07  1.05586665e-07  3.00000000e-01 
 3.10000000e-01  4.58268861e-01  3.38703499e-09  4.58268862e-01  3.45898233e-09  3.23751252e-09  3.26474073e-09  4.58268862e-01  1.59044988e-07  1.05586583e-07  3.10000000e-01 
 3.20000000e-01  4.58268848e-01  3.38703499e-09  4.58268848e-01  3.45898233e-09  3.23751251e-09  3.26474073e-09  4.58268848e-01  1.59044973e-07  1.05586288e-07  3.20000000e-01 
 3.30000000e-01  4.58268849e-01  3.38703493e-09  4.58268849e-01  3.45898233e-09  3.23751246e-09  3.26474073e-09  4.58268849e-01  1.59044980e-07  1.05586345e-07  3.30000000e-01 
 3.40000000e-01  4.58268854e-01  3.38703493e-09  4.58268855e-01  3.45898233e-09  3.23751251e-09  3.26474073e-09  4.58268855e-01  1.59044978e-07  1.05586142e-07  3.40000000e-01 
 3.50000000e-01  4.58268866e-01  3.38703499e-09  4.58268866e-01  3.45898233e-09  3.23751246e-09  3.26474073e-09  4.58268866e-01  1.59045004e-07  1.05586029e-07  3.50000000e-01 
 3.60000000e-01  4.58268875e-01  3.38703499e-09  4.58268875e-01  3.45898233e-09  3.23751252e-09  3.26474073e-09  4.58268875e-01  1.59045022e-07  1.05586057e-07  3.60000000e-01 
 3.70000000e-01  4.58268864e-01  3.38703499e-09  4.58268864e-01  3.45898233e-09  3.23751252e-09  3.26474073e-09  4.58268864e-01  1.59044991e-07  1.05585858e-07  3.70000000e-01 
 3.80000000e-01  4.58268849e-01  3.38703493e-09  4.58268849e-01  3.45898233e-09  3.23751251e-09  3.26474073e-09  4.58268849e-01  1.59044979e-07  1.05585681e-07  3.80000000e-01 
 3.90000000e-01  4.58268857e-01  3.38703493e-09  4.58268857e-01  3.45898233e-09  3.23751252e-09  3.26474079e-09  4.58268857e-01  1.59044986e-07  1.05585709e-07  3.90000000e-01 
 4.00000000e-01  4.58268839e-01  3.38703499e-09  4.58268839e-01  3.45898233e-09  3.23751251e-09  3.26474073e-09  4.58268839e-01  1.59044966e-07  1.05585531e-07  4.00000000e-01 
 4.10000000e-01  4.58268850e-01  3.38703499e-09  4.58268850e-01  3.45898233e-09  3.23751246e-09  3.26474079e-09  4.58268850e-01  1.59044971e-07  1.05585478e-07  4.10000000e-01 
 4.20000000e-01  4.58268865e-01  3.38703499e-09  4.58268865e-01  3.45898233e-09  3.23751252e-09  3.26474073e-09  4.58268865e-01  1.59044997e-07  1.05585361e-07  4.20000000e-01 
 4.30000000e-01  4.58268860e-01  3.38703499e-09  4.58268860e-01  3.45898233e-09  3.23751246e-09  3.26474079e-09  4.58268860e-01  1.59044989e-07  1.05585364e-07  4.30000000e-01 
 4.40000000e-01  4.58268840e-01  3.38703493e-09  4.58268840e-01  3.45898233e-09  3.23751246e-09  3.26474079e-09  4.58268840e-01  1.59044955e-07  1.05585183e-07  4.40000000e-01 
 4.50000000e-01  4.58268880e-01  3.38703493e-09  4.58268880e-01  3.45898233e-09  3.23751252e-09  3.26474073e-09  4.58268880e-01  1.59045008e-07  1.05585201e-07  4.50000000e-01 
 4.60000000e-01  4.58268869e-01  3.38703499e-09  4.58268869e-01  3.45898233e-09  3.23751252e-09  3.26474073e-09  4.58268869e-01  1.59045010e-07  1.05585038e-07  4.60000000e-01 
 4.70000000e-01  4.58268852e-01  3.38703499e-09  4.58268852e-01  3.45898233e-09  3.23751246e-09  3.26474073e-09  4.58268852e-01  1.59044991e-07  1.05584991e-07  4.70000000e-01 
 4.80000000e-01  4.58268839e-01  3.38703493e-09  4.58268839e-01  3.45898233e-09  3.23751251e-09  3.26474073e-09  4.58268839e-01  1.59044955e-07  1.05584888e-07  4.80000000e-01 
 4.90000000e-01  4.58268887e-01  3.38703494e-09  4.58268887e-01  3.45898233e-09  3.23751252e-09  3.26474073e-09  4.58268887e-01  1.59045024e-07  1.05584824e-07  4.90000000e-01 
 5.00000000e-01  4.58268869e-01  3.38703499e-09  4.58268869e-01  3.45898233e-09  3.23751252e-09  3.26474079e-09  4.58268869e-01  1.59045006e-07  1.05584753e-07  5.00000000e-01 
 5.10000000e-01  4.58268841e-01  3.38703499e-09  4.58268841e-01  3.45898233e-09  3.23751251e-09  3.26474073e-09  4.58268841e-01  1.59044954e-07  1.05584647e-07  5.10000000e-01 
 5.20000000e-01  4.58268835e-01  3.38703499e-09  4.58268835e-01  3.45898233e-09  3.23751251e-09  3.26474079e-09  4.58268835e-01  1.59044956e-07  1.05584519e-07  5.20000000e-01 
 5.30000000e-01  4.58268883e-01  3.38703499e-09  4.58268883e-01  3.45898233e-09  3.23751252e-09  3.26474073e-09  4.58268883e-01  1.59045018e-07  1.05584490e-07  5.30000000e-01 
 5.40000000e-01  4.58268823e-01  3.38703498e-09  4.58268823e-01  3.45898233e-09  3.23751251e-09  3.26474073e-09  4.58268823e-01  1.59044940e-07  1.05584384e-07  5.40000000e-01 
 5.50000000e-01  4.58268886e-01  3.38703494e-09  4.58268886e-01  3.45898233e-09  3.23751252e-09  3.26474073e-09  4.58268886e-01  1.59045023e-07  1.05584498e-07  5.50000000e-01 
 5.60000000e-01  4.58268871e-01  3.38703499e-09  4.58268871e-01  3.45898233e-09  3.23751246e-09  3.26474073e-09  4.58268871e-01  1.59045012e-07  1.05584203e-07  5.60000000e-01 
 5.70000000e-01  4.58268834e-01  3.38703499e-09  4.58268835e-01  3.45898233e-09  3.23751251e-09  3.26474073e-09  4.58268834e-01  1.59044957e-07  1.05584125e-07  5.70000000e-01 
 5.80000000e-01  4.58268846e-01  3.38703499e-09  4.58268846e-01  3.45898233e-09  3.23751246e-09  3.26474073e-09  4.58268846e-01  1.59044961e-07  1.05583979e-07  5.80000000e-01 
 5.90000000e-01  4.58268854e-01  3.38703493e-09  4.58268854e-01  3.45898233e-09  3.23751251e-09  3.26474073e-09  4.58268854e-01  1.59044985e-07  1.05584057e-07  5.90000000e-01 
 6.00000000e-01  4.58268833e-01  3.38703499e-09  4.58268833e-01  3.45898233e-09  3.23751246e-09  3.26474073e-09  4.58268833e-01  1.59044957e-07  1.05583943e-07  6.00000000e-01 
 6.10000000e-01  4.58268841e-01  3.38703499e-09  4.58268841e-01  3.45898233e-09  3.23751246e-09  3.26474073e-09  4.58268841e-01  1.59044953e-07  1.05583908e-07  6.10000000e-01 
 6.20000000e-01  4.58268842e-01  3.38703499e-09  4.58268843e-01  3.45898233e-09  3.23751251e-09  3.26474073e-09  4.58268843e-01  1.59044964e-07  1.05583794e-07  6.20000000e-01 
 6.30000000e-01  4.58268869e-01  3.38703499e-09  4.58268869e-01  3.45898233e-09  3.23751252e-09  3.26474073e-09  4.58268869e-01  1.59044993e-07  1.05583815e-07  6.30000000e-01 
 6.40000000e-01  4.58268839e-01  3.38703493e-09  4.58268839e-01  3.45898233e-09  3.23751251e-09  3.26474073e-09  4.58268839e-01  1.59044953e-07  1.05583524e-07  6.40000000e-01 
 6.50000000e-01  4.58268882e-01  3.38703493e-09  4.58268882e-01  3.45898233e-09  3.23751252e-09  3.26474073e-09  4.58268882e-01  1.59045014e-07  1.05583666e-07  6.50000000e-01 
 6.60000000e-01  4.58268855e-01  3.38703493e-09  4.58268855e-01  3.45898233e-09  3.23751246e-09  3.26474073e-09  4.58268855e-01  1.59044980e-07  1.05583503e-07  6.60000000e-01 
 6.70000000e-01  4.58268867e-01  3.38703493e-09  4.58268867e-01  3.45898233e-09  3.23751252e-09  3.26474073e-09  4.58268867e-01  1.59044993e-07  1.05583396e-07  6.70000000e-01 
 6.80000000e-01  4.58268865e-01  3.38703499e-09  4.58268865e-01  3.45898233e-09  3.23751246e-09  3.26474073e-09  4.58268865e-01  1.59044997e-07  1.05583368e-07  6.80000000e-01 
 6.90000000e-01  4.58268865e-01  3.38703493e-09  4.58268865e-01  3.45898233e-09  3.23751252e-09  3.26474073e-09  4.58268865e-01  1.59045003e-07  1.05583275e-07  6.90000000e-01 
 7.00000000e-01  4.58268822e-01  3.38703493e-09  4.58268822e-01  3.45898233e-09  3.23751245e-09  3.26474073e-09  4.58268822e-01  1.59044951e-07  1.05582984e-07  7.00000000e-01 
 7.10000000e-01  4.58268866e-01  3.38703493e-09  4.58268867e-01  3.45898233e-09  3.23751252e-09  3.26474073e-09  4.58268866e-01  1.59045000e-07  1.05583112e-07  7.10000000e-01 
 7.20000000e-01  4.58268858e-01  3.38703499e-09  4.58268858e-01  3.45898233e-09  3.23751252e-09  3.26474073e-09  4.58268858e-01  1.59044992e-07  1.05582934e-07  7.20000000e-01 
 7.30000000e-01  4.58268874e-01  3.38703493e-09  4.58268874e-01  3.45898233e-09  3.23751252e-09  3.26474073e-09  4.58268874e-01  1.59045000e-07  1.05583013e-07  7.30000000e-01 
 7.40000000e-01  4.58268827e-01  3.38703499e-09  4.58268827e-01  3.45898233e-09  3.23751246e-09  3.26474073e-09  4.58268827e-01  1.59044944e-07  1.05582842e-07  7.40000000e-01 
 7.50000000e-01  4.58268844e-01  3.38703499e-09  4.58268844e-01  3.45898233e-09  3.23751251e-09  3.26474073e-09  4.58268844e-01  1.59044960e-07  1.05582622e-07  7.50000000e-01 
 7.60000000e-01  4.58268858e-01  3.38703499e-09  4.58268858e-01  3.45898233e-09  3.23751246e-09  3.26474079e-09  4.58268858e-01  1.59044991e-07  1.05582714e-07  7.60000000e-01 
 7.70000000e-01  4.58268842e-01  3.38703499e-09  4.58268843e-01  3.45898233e-09  3.23751251e-09  3.26474073e-09  4.58268843e-01  1.59044978e-07  1.05582608e-07  7.70000000e-01 
 7.80000000e-01  4.58268861e-01  3.38703493e-09  4.58268861e-01  3.45898233e-09  3.23751252e-09  3.26474073e-09  4.58268861e-01  1.59045001e-07  1.05582515e-07  7.80000000e-01 
 7.90000000e-01  4.58268877e-01  3.38703499e-09  4.58268878e-01  3.45898233e-09  3.23751252e-09  3.26474073e-09  4.58268877e-01  1.59045020e-07  1.05582515e-07  7.90000000e-01 
 8.00000000e-01  4.58268863e-01  3.38703499e-09  4.58268863e-01  3.45898233e-09  3.23751252e-09  3.26474073e-09  4.58268863e-01  1.59044989e-07  1.05582302e-07  8.00000000e-01 
 8.10000000e-01  4.58268849e-01  3.38703499e-09  4.58268849e-01  3.45898233e-09  3.23751251e-09  3.26474079e-09  4.58268849e-01  1.59044983e-07  1.05582174e-07  8.10000000e-01 
 8.20000000e-01  4.58268877e-01  3.38703499e-09  4.58268878e-01  3.45898233e-09  3.23751252e-09  3.26474073e-09  4.58268878e-01  1.59045011e-07  1.05582274e-07  8.20000000e-01 
 8.30000000e-01  4.58268854e-01  3.38703499e-09  4.58268854e-01  3.45898233e-09  3.23751251e-09  3.26474073e-09  4.58268854e-01  1.59044975e-07  1.05582103e-07  8.30000000e-01 
 8.40000000e-01  4.58268847e-01  3.38703499e-09  4.58268847e-01  3.45898233e-09  3.23751251e-09  3.26474073e-09  4.58268847e-01  1.59044963e-07  1.05581982e-07  8.40000000e-01 
 8.50000000e-01  4.58268836e-01  3.38703499e-09  4.58268836e-01  3.45898227e-09  3.23751246e-09  3.26474079e-09  4.58268836e-01  1.59044954e-07  1.05581954e-07  8.50000000e-01 
 8.60000000e-01  4.58268866e-01  3.38703499e-09  4.58268866e-01  3.45898229e-09  3.23751252e-09  3.26474073e-09  4.58268866e-01  1.59044982e-07  1.05581904e-07  8.60000000e-01 
 8.70000000e-01  4.58268898e-01  3.38703494e-09  4.58268898e-01  3.45898234e-09  3.23751246e-09  3.26474073e-09  4.58268898e-01  1.59045044e-07  1.05581854e-07  8.70000000e-01 
 8.80000000e-01  4.58268843e-01  3.38703499e-09  4.58268843e-01  3.45898233e-09  3.23751251e-09  3.26474073e-09  4.58268843e-01  1.59044962e-07  1.05581670e-07  8.80000000e-01 
 8.90000000e-01  4.58268881e-01  3.38703499e-09  4.58268881e-01  3.45898233e-09  3.23751246e-09  3.26474073e-09  4.58268881e-01  1.59045014e-07  1.05581591e-07  8.90000000e-01 
 9.00000000e-01  4.58268860e-01  3.38703493e-09  4.58268860e-01  3.45898233e-09  3.23751252e-09  3.26474073e-09  4.58268860e-01  1.59044986e-07  1.05581549e-07  9.00000000e-01 
 9.10000000e-01  4.58268877e-01  3.38703499e-09  4.58268877e-01  3.45898233e-09  3.23751252e-09  3.26474073e-09  4.58268877e-01  1.59045025e-07  1.05581599e-07  9.10000000e-01 
 9.20000000e-01  4.58268840e-01  3.38703499e-09  4.58268840e-01  3.45898233e-09  3.23751251e-09  3.26474073e-09  4.58268840e-01  1.59044955e-07  1.05581464e-07  9.20000000e-01 
 9.30000000e-01  4.58268850e-01  3.38703499e-09  4.58268850e-01  3.45898233e-09  3.23751251e-09  3.26474073e-09  4.58268850e-01  1.59044975e-07  1.05581300e-07  9.30000000e-01 
 9.40000000e-01  4.58268863e-01  3.38703499e-09  4.58268864e-01  3.45898233e-09  3.23751252e-09  3.26474073e-09  4.58268864e-01  1.59044989e-07  1.05581321e-07  9.40000000e-01 
 9.50000000e-01  4.58268836e-01  3.38703499e-09  4.58268836e-01  3.45898233e-09  3.23751251e-09  3.26474073e-09  4.58268836e-01  1.59044956e-07  1.05581037e-07  9.50000000e-01 
 9.60000000e-01  4.58268873e-01  3.38703499e-09  4.58268874e-01  3.45898233e-09  3.23751246e-09  3.26474073e-09  4.58268874e-01  1.59045006e-07  1.05581186e-07  9.60000000e-01 
 9.70000000e-01  4.58268850e-01  3.38703499e-09  4.58268850e-01  3.45898233e-09  3.23751251e-09  3.26474073e-09  4.58268850e-01  1.59044974e-07  1.05580924e-07  9.70000000e-01 
 9.80000000e-01  4.58268854e-01  3.38703499e-09  4.58268854e-01  3.45898233e-09  3.23751251e-09  3.26474073e-09  4.58268854e-01  1.59044981e-07  1.05580916e-07  9.80000000e-01 
 9.90000000e-01  4.58268851e-01  3.38703499e-09  4.58268851e-01  3.45898233e-09  3.23751251e-09  3.26474073e-09  4.58268851e-01  1.59044987e-07  1.05580810e-07  9.90000000e-01 
 1.00000000e+00  4.58268856e-01  3.38703499e-09  4.58268856e-01  3.45898233e-09  3.23751246e-09  3.26474073e-09  4.58268856e-01  1.59044977e-07  1.05580689e-07  1.00000000e+00 
 1.01000000e+00  4.58268842e-01  3.38703499e-09  4.58268842e-01  3.45898233e-09  3.23751251e-09  3.26474073e-09  4.58268842e-01  1.59044968e-07  1.05580483e-07  1.01000000e+00 
 1.02000000e+00  4.58268860e-01  3.38703499e-09  4.58268860e-01  3.45898233e-09  3.23751252e-09  3.26474073e-09  4.58268860e-01  1.59044987e-07  1.05580582e-07  1.02000000e+00 
 1.03000000e+00  4.58268871e-01  3.38703499e-09  4.58268871e-01  3.45898233e-09  3.23751252e-09  3.26474073e-09  4.58268871e-01  1.59045004e-07  1.05580497e-07  1.03000000e+00 
 1.04000000e+00  4.58268876e-01  3.38703499e-09  4.58268876e-01  3.45898233e-09  3.23751252e-09  3.26474073e-09  4.58268876e-01  1.59045017e-07  1.05580426e-07  1.04000000e+00 
 1.05000000e+00  4.58268874e-01  3.38703493e-09  4.58268874e-01  3.45898233e-09  3.23751246e-09  3.26474073e-09  4.58268874e-01  1.59045010e-07  1.05580277e-07  1.05000000e+00 
 1.06000000e+00  4.58268837e-01  3.38703499e-09  4.58268837e-01  3.45898233e-09  3.23751251e-09  3.26474073e-09  4.58268837e-01  1.59044949e-07  1.05580135e-07  1.06000000e+00 
 1.07000000e+00  4.58268879e-01  3.38703493e-09  4.58268879e-01  3.45898233e-09  3.23751252e-09  3.26474073e-09  4.58268879e-01  1.59045017e-07  1.05580071e-07  1.07000000e+00 
 1.08000000e+00  4.58268873e-01  3.38703493e-09  4.58268873e-01  3.45898233e-09  3.23751252e-09  3.26474073e-09  4.58268873e-01  1.59045002e-07  1.05579979e-07  1.08000000e+00 
 1.09000000e+00  4.58268859e-01  3.38703499e-09  4.58268859e-01  3.45898233e-09  3.23751246e-09  3.26474073e-09  4.58268859e-01  1.59044993e-07  1.05579879e-07  1.09000000e+00 
 1.10000000e+00  4.58268858e-01  3.38703499e-09  4.58268858e-01  3.45898233e-09  3.23751246e-09  3.26474079e-09  4.58268858e-01  1.59044991e-07  1.05579659e-07  1.10000000e+00 
 1.11000000e+00  4.58268826e-01  3.38703493e-09  4.58268826e-01  3.45898233e-09  3.23751251e-09  3.26474073e-09  4.58268826e-01  1.59044939e-07  1.05579595e-07  1.11000000e+00 
 1.12000000e+00  4.58268857e-01  3.38703499e-09  4.58268857e-01  3.45898233e-09  3.23751252e-09  3.26474079e-09  4.58268857e-01  1.59044982e-07  1.05579574e-07  1.12000000e+00 
 1.13000000e+00  4.58268851e-01  3.38703499e-09  4.58268851e-01  3.45898233e-09  3.23751246e-09  3.26474073e-09  4.58268851e-01  1.59044990e-07  1.05579574e-07  1.13000000e+00 
 1.14000000e+00  4.58268858e-01  3.38703499e-09  4.58268858e-01  3.45898233e-09  3.23751246e-09  3.26474073e-09  4.58268858e-01  1.59044975e-07  1.05579531e-07  1.14000000e+00 
 1.15000000e+00  4.58268840e-01  3.38703499e-09  4.58268840e-01  3.45898233e-09  3.23751246e-09  3.26474073e-09  4.58268840e-01  1.59044970e-07  1.05579311e-07  1.15000000e+00 
 1.16000000e+00  4.58268865e-01  3.38703499e-09  4.58268865e-01  3.45898233e-09  3.23751252e-09  3.26474073e-09  4.58268865e-01  1.59045009e-07  1.05579275e-07  1.16000000e+00 
 1.17000000e+00  4.58268891e-01  3.38703494e-09  4.58268891e-01  3.45898233e-09  3.23751252e-09  3.26474073e-09  4.58268891e-01  1.59045032e-07  1.05579190e-07  1.17000000e+00 
 1.18000000e+00  4.58268864e-01  3.38703499e-09  4.58268865e-01  3.45898233e-09  3.23751246e-09  3.26474073e-09  4.58268864e-01  1.59045000e-07  1.05579119e-07  1.18000000e+00 
 1.19000000e+00  4.58268844e-01  3.38703493e-09  4.58268844e-01  3.45898233e-09  3.23751251e-09  3.26474073e-09  4.58268844e-01  1.59044960e-07  1.05578920e-07  1.19000000e+00 
 1.20000000e+00  4.58268845e-01  3.38703499e-09  4.58268845e-01  3.45898233e-09  3.23751251e-09  3.26474073e-09  4.58268845e-01  1.59044960e-07  1.05578778e-07  1.20000000e+00 
 1.21000000e+00  4.58268873e-01  3.38703499e-09  4.58268873e-01  3.45898233e-09  3.23751252e-09  3.26474073e-09  4.58268873e-01  1.59045001e-07  1.05578749e-07  1.21000000e+00 
 1.22000000e+00  4.58268876e-01  3.38703499e-09  4.58268876e-01  3.45898233e-09  3.23751246e-09  3.26474079e-09  4.58268876e-01  1.59045015e-07  1.05578721e-07  1.22000000e+00 
 1.23000000e+00  4.58268872e-01  3.38703499e-09  4.58268872e-01  3.45898233e-09  3.23751252e-09  3.26474073e-09  4.58268872e-01  1.59045016e-07  1.05578607e-07  1.23000000e+00 
 1.24000000e+00  4.58268883e-01  3.38703499e-09  4.58268883e-01  3.45898233e-09  3.23751246e-09  3.26474073e-09  4.58268883e-01  1.59045027e-07  1.05578451e-07  1.24000000e+00 
 1.25000000e+00  4.58268866e-01  3.38703499e-09  4.58268866e-01  3.45898233e-09  3.23751252e-09  3.26474073e-09  4.58268866e-01  1.59045007e-07  1.05578295e-07  1.25000000e+00 
 1.26000000e+00  4.58268879e-01  3.38703493e-09  4.58268880e-01  3.45898233e-09  3.23751246e-09  3.26474079e-09  4.58268880e-01  1.59045018e-07  1.05578195e-07  1.26000000e+00 
 1.27000000e+00  4.58268870e-01  3.38703493e-09  4.58268870e-01  3.45898233e-09  3.23751252e-09  3.26474073e-09  4.58268870e-01  1.59045008e-07  1.05578209e-07  1.27000000e+00 
 1.28000000e+00  4.58268856e-01  3.38703493e-09  4.58268856e-01  3.45898233e-09  3.23751252e-09  3.26474073e-09  4.58268856e-01  1.59044988e-07  1.05577996e-07  1.28000000e+00 
 1.29000000e+00  4.58268872e-01  3.38703499e-09  4.58268872e-01  3.45898233e-09  3.23751252e-09  3.26474073e-09  4.58268872e-01  1.59045016e-07  1.05577826e-07  1.29000000e+00 
 1.30000000e+00  4.58268854e-01  3.38703499e-09  4.58268854e-01  3.45898233e-09  3.23751251e-09  3.26474079e-09  4.58268854e-01  1.59045001e-07  1.05577755e-07  1.30000000e+00 
 1.31000000e+00  4.58268865e-01  3.38703499e-09  4.58268865e-01  3.45898233e-09  3.23751246e-09  3.26474073e-09  4.58268865e-01  1.59045003e-07  1.05577683e-07  1.31000000e+00 
 1.32000000e+00  4.58268859e-01  3.38703493e-09  4.58268859e-01  3.45898233e-09  3.23751246e-09  3.26474079e-09  4.58268859e-01  1.59044989e-07  1.05577399e-07  1.32000000e+00 
 1.33000000e+00  4.58268844e-01  3.38703499e-09  4.58268844e-01  3.45898233e-09  3.23751251e-09  3.26474073e-09  4.58268844e-01  1.59044968e-07  1.05577371e-07  1.33000000e+00 
 1.34000000e+00  4.58268856e-01  3.38703499e-09  4.58268856e-01  3.45898233e-09  3.23751252e-09  3.26474073e-09  4.58268856e-01  1.59044982e-07  1.05577087e-07  1.34000000e+00 
 1.35000000e+00  4.58268865e-01  3.38703499e-09  4.58268865e-01  3.45898233e-09  3.23751246e-09  3.26474079e-09  4.58268865e-01  1.59044997e-07  1.05576987e-07  1.35000000e+00 
 1.36000000e+00  4.58268877e-01  3.38703499e-09  4.58268877e-01  3.45898233e-09  3.23751252e-09  3.26474073e-09  4.58268877e-01  1.59045016e-07  1.05576845e-07  1.36000000e+00 
 1.37000000e+00  4.58268874e-01  3.38703499e-09  4.58268874e-01  3.45898233e-09  3.23751246e-09  3.26474073e-09  4.58268874e-01  1.59045005e-07  1.05576746e-07  1.37000000e+00 
 1.38000000e+00  4.58268825e-01  3.38703493e-09  4.58268825e-01  3.45898233e-09  3.23751251e-09  3.26474079e-09  4.58268825e-01  1.59044943e-07  1.05576518e-07  1.38000000e+00 
 1.39000000e+00  4.58268853e-01  3.38703499e-09  4.58268854e-01  3.45898233e-09  3.23751251e-09  3.26474073e-09  4.58268853e-01  1.59044988e-07  1.05576376e-07  1.39000000e+00 
 1.40000000e+00  4.58268879e-01  3.38703499e-09  4.58268879e-01  3.45898233e-09  3.23751252e-09  3.26474073e-09  4.58268879e-01  1.59045014e-07  1.05576149e-07  1.40000000e+00 
 1.41000000e+00  4.58268871e-01  3.38703499e-09  4.58268871e-01  3.45898233e-09  3.23751252e-09  3.26474073e-09  4.58268871e-01  1.59045008e-07  1.05575950e-07  1.41000000e+00 
 1.42000000e+00  4.58268848e-01  3.38703499e-09  4.58268848e-01  3.45898233e-09  3.23751251e-09  3.26474073e-09  4.58268848e-01  1.59044966e-07  1.05575737e-07  1.42000000e+00 
 1.43000000e+00  4.58268846e-01  3.38703499e-09  4.58268846e-01  3.45898233e-09  3.23751251e-09  3.26474079e-09  4.58268846e-01  1.59044958e-07  1.05575268e-07  1.43000000e+00 
 1.44000000e+00  4.58268848e-01  3.38703499e-09  4.58268848e-01  3.45898233e-09  3.23751251e-09  3.26474073e-09  4.58268848e-01  1.59044982e-07  1.05575182e-07  1.44000000e+00 
 1.45000000e+00  4.58268878e-01  3.38703499e-09  4.58268878e-01  3.45898233e-09  3.23751252e-09  3.26474079e-09  4.58268878e-01  1.59045014e-07  1.05574799e-07  1.45000000e+00 
 1.46000000e+00  4.58268851e-01  3.38703499e-09  4.58268851e-01  3.45898233e-09  3.23751251e-09  3.26474073e-09  4.58268851e-01  1.59044970e-07  1.05574500e-07  1.46000000e+00 
 1.47000000e+00  4.58268866e-01  3.38703493e-09  4.58268866e-01  3.45898233e-09  3.23751252e-09  3.26474073e-09  4.58268866e-01  1.59044990e-07  1.05574088e-07  1.47000000e+00 
 1.48000000e+00  4.58268860e-01  3.38703493e-09  4.58268860e-01  3.45898233e-09  3.23751252e-09  3.26474073e-09  4.58268860e-01  1.59044993e-07  1.05573449e-07  1.48000000e+00 
 1.49000000e+00  4.58268852e-01  3.38703499e-09  4.58268852e-01  3.45898233e-09  3.23751251e-09  3.26474079e-09  4.58268852e-01  1.59044971e-07  1.05572937e-07  1.49000000e+00 
 1.50000000e+00  4.58268862e-01  3.38703499e-09  4.58268862e-01  3.45898233e-09  3.23751246e-09  3.26474079e-09  4.58268862e-01  1.59044987e-07  1.05572227e-07  1.50000000e+00 
 1.51000000e+00  4.58268850e-01  3.38703499e-09  4.58268851e-01  3.45898233e-09  3.23751251e-09  3.26474073e-09  4.58268851e-01  1.59044972e-07  1.05571189e-07  1.51000000e+00 
 1.52000000e+00  4.58268860e-01  3.38703499e-09  4.58268860e-01  3.45898233e-09  3.23751246e-09  3.26474073e-09  4.58268860e-01  1.59044992e-07  1.05569981e-07  1.52000000e+00 
 1.53000000e+00  4.58268873e-01  3.38703499e-09  4.58268873e-01  3.45898233e-09  3.23751252e-09  3.26474073e-09  4.58268873e-01  1.59045003e-07  1.05568361e-07  1.53000000e+00 
 1.54000000e+00  4.58268871e-01  3.38703499e-09  4.58268871e-01  3.45898233e-09  3.23751246e-09  3.26474079e-09  4.58268871e-01  1.59044995e-07  1.05566002e-07  1.54000000e+00 
 1.55000000e+00  4.58268849e-01  3.38703493e-09  4.58268849e-01  3.45898233e-09  3.23751251e-09  3.26474073e-09  4.58268849e-01  1.59044967e-07  1.05562449e-07  1.55000000e+00 
 1.56000000e+00  4.58268856e-01  3.38703499e-09  4.58268856e-01  3.45898233e-09  3.23751252e-09  3.26474073e-09  4.58268856e-01  1.59044972e-07  1.05556936e-07  1.56000000e+00 
 1.57000000e+00  4.58268855e-01  3.38703493e-09  4.58268855e-01  3.45898233e-09  3.23751252e-09  3.26474073e-09  4.58268855e-01  1.59044990e-07  1.05547997e-07  1.57000000e+00 
 1.58000000e+00  4.58268846e-01  3.38703499e-09  4.58268847e-01  3.45898233e-09  3.23751246e-09  3.26474079e-09  4.58268847e-01  1.59044973e-07  1.05532592e-07  1.58000000e+00 
 1.59000000e+00  4.58268866e-01  3.38703499e-09  4.58268867e-01  3.45898233e-09  3.23751252e-09  3.26474079e-09  4.58268867e-01  1.59045008e-07  1.05504967e-07  1.59000000e+00 
 1.60000000e+00  4.58268878e-01  3.38703493e-09  4.58268878e-01  3.45898233e-09  3.23751246e-09  3.26474073e-09  4.58268878e-01  1.59045014e-07  1.05452514e-07  1.60000000e+00 
 1.61000000e+00  4.58268878e-01  3.38703493e-09  4.58268878e-01  3.45898233e-09  3.23751246e-09  3.26474073e-09  4.58268878e-01  1.59045026e-07  1.05344313e-07  1.61000000e+00 
 1.62000000e+00  4.58268853e-01  3.38703499e-09  4.58268853e-01  3.45898233e-09  3.23751251e-09  3.26474073e-09  4.58268853e-01  1.59044994e-07  1.05050916e-07  1.62000000e+00 
 1.63000000e+00  4.58268843e-01  3.38703499e-09  4.58268843e-01  3.45898233e-09  3.23751251e-09  3.26474073e-09  4.58268843e-01  1.59044965e-07  1.04156612e-07  1.63000000e+00 
 1.64000000e+00  4.58268862e-01  3.38703499e-09  4.58268862e-01  3.45898233e-09  3.23751252e-09  3.26474073e-09  4.58268862e-01  1.59044990e-07  1.02267421e-07  1.64000000e+00 
 1.65000000e+00  4.58268844e-01  3.38703499e-09  4.58268844e-01  3.45898233e-09  3.23751246e-09  3.26474073e-09  4.58268844e-01  1.59044963e-07  8.48703934e-08  1.65000000e+00 
 1.66000000e+00  4.58268843e-01  3.38703499e-09  4.58268843e-01  3.45898233e-09  3.23751251e-09  3.26474079e-09  4.58268843e-01  1.59044963e-07  6.90154707e-08  1.66000000e+00 
 1.67000000e+00  4.58268854e-01  3.38703499e-09  4.58268854e-01  3.45898233e-09  3.23751251e-09  3.26474073e-09  4.58268854e-01  1.59044982e-07  5.56310624e-08  1.67000000e+00 
 1.68000000e+00  4.58268851e-01  3.38703493e-09  4.58268851e-01  3.45898233e-09  3.23751246e-09  3.26474073e-09  4.58268851e-01  1.59044982e-07  4.44600516e-08  1.68000000e+00 
 1.69000000e+00  4.58268855e-01  3.38703499e-09  4.58268855e-01  3.45898233e-09  3.23751252e-09  3.26474073e-09  4.58268855e-01  1.59044987e-07  3.52143985e-08  1.69000000e+00 
 1.70000000e+00  4.58268842e-01  3.38703499e-09  4.58268842e-01  3.45898233e-09  3.23751246e-09  3.26474073e-09  4.58268842e-01  1.59044966e-07  2.76062480e-08  1.70000000e+00 
 1.71000000e+00  4.58268870e-01  3.38703499e-09  4.58268870e-01  3.45898233e-09  3.23751246e-09  3.26474073e-09  4.58268870e-01  1.59044998e-07  2.13718749e-08  1.71000000e+00 
 1.72000000e+00  4.58268869e-01  3.38703493e-09  4.58268870e-01  3.45898233e-09  3.23751252e-09  3.26474073e-09  4.58268869e-01  1.59044992e-07  1.62790030e-08  1.72000000e+00 
 1.73000000e+00  4.58268858e-01  3.38703493e-09  4.58268858e-01  3.45898233e-09  3.23751252e-09  3.26474073e-09  4.58268858e-01  1.59044993e-07  1.21244454e-08  1.73000000e+00 
 1.74000000e+00  4.58268838e-01  3.38703499e-09  4.58268838e-01  3.45898233e-09  3.23751251e-09  3.26474073e-09  4.58268838e-01  1.59044954e-07  8.73288286e-09  1.74000000e+00 
 1.75000000e+00  4.58268837e-01  3.38703499e-09  4.58268837e-01  3.45898233e-09  3.23751251e-09  3.26474073e-09  4.58268837e-01  1.59044945e-07  5.95234440e-09  1.75000000e+00 
 1.76000000e+00  4.58268845e-01  3.38703499e-09  4.58268845e-01  3.45898233e-09  3.23751246e-09  3.26474073e-09  4.58268845e-01  1.59044966e-07  3.65254493e-09  1.76000000e+00 
 1.77000000e+00  4.58268843e-01  3.38703499e-09  4.58268844e-01  3.45898233e-09  3.23751251e-09  3.26474079e-09  4.58268844e-01  1.59044979e-07  1.73113790e-09  1.77000000e+00 
 1.78000000e+00  4.58268855e-01  3.38703499e-09  4.58268855e-01  3.45898233e-09  3.23751251e-09  3.26474073e-09  4.58268855e-01  1.59044982e-07  1.25680799e-10  1.78000000e+00 
 1.79000000e+00  4.58268847e-01  3.38703499e-09  4.58268847e-01  3.45898233e-09  3.23751246e-09  3.26474073e-09  4.58268847e-01  1.59044968e-07 -1.18356525e-09  1.79000000e+00 
 1.80000000e+00  4.58268843e-01  3.38703499e-09  4.58268843e-01  3.45898233e-09  3.23751251e-09  3.26474079e-09  4.58268843e-01  1.59044959e-07 -2.19554863e-09  1.80000000e+00 
