 v-sweep         v(b0)           v(b1)           v(b2)           v(b3)           v(b4)           v(b5)           v(b6)           i(vbias)        i(viout)        v(vout)        
 0.00000000e+00  4.56256036e-01  3.26496418e-09  3.41417525e-09  3.36311940e-09  3.32847232e-09  3.39452637e-09  3.28274070e-09  1.55687911e-07  1.59247038e-09  0.00000000e+00 
 1.00000000e-02  4.56256040e-01  3.26496420e-09  3.41417528e-09  3.36311937e-09  3.32847234e-09  3.39452634e-09  3.28274073e-09  1.55687922e-07  1.59204006e-09  1.00000000e-02 
 2.00000000e-02  4.56256039e-01  3.26496420e-09  3.41417528e-09  3.36311942e-09  3.32847240e-09  3.39452634e-09  3.28274073e-09  1.55687925e-07  1.59170943e-09  2.00000000e-02 
 3.00000000e-02  4.56256030e-01  3.26496420e-09  3.41417528e-09  3.36311942e-09  3.32847234e-09  3.39452634e-09  3.28274073e-09  1.55687901e-07  1.59125957e-09  3.00000000e-02 
 4.00000000e-02  4.56256029e-01  3.26496420e-09  3.41417528e-09  3.36311937e-09  3.32847234e-09  3.39452634e-09  3.28274073e-09  1.55687903e-07  1.59081592e-09  4.00000000e-02 
 5.00000000e-02  4.56256040e-01  3.26496420e-09  3.41417528e-09  3.36311942e-09  3.32847234e-09  3.39452634e-09  3.28274073e-09  1.55687919e-07  1.59048685e-09  5.00000000e-02 
 6.00000000e-02  4.56256043e-01  3.26496420e-09  3.41417528e-09  3.36311942e-09  3.32847234e-09  3.39452634e-09  3.28274073e-09  1.55687932e-07  1.59006674e-09  6.00000000e-02 
 7.00000000e-02  4.56256049e-01  3.26496420e-09  3.41417528e-09  3.36311937e-09  3.32847240e-09  3.39452634e-09  3.28274073e-09  1.55687937e-07  1.58976787e-09  7.00000000e-02 
 8.00000000e-02  4.56256031e-01  3.26496420e-09  3.41417528e-09  3.36311937e-09  3.32847234e-09  3.39452634e-09  3.28274073e-09  1.55687917e-07  1.58941749e-09  8.00000000e-02 
 9.00000000e-02  4.56256033e-01  3.26496414e-09  3.41417528e-09  3.36311942e-09  3.32847234e-09  3.39452634e-09  3.28274073e-09  1.55687913e-07  1.58907465e-09  9.00000000e-02 
 1.00000000e-01  4.56256047e-01  3.26496416e-09  3.41417534e-09  3.36311937e-09  3.32847234e-09  3.39452634e-09  3.28274079e-09  1.55687935e-07  1.58878866e-09  1.00000000e-01 
 1.10000000e-01  4.56256030e-01  3.26496421e-09  3.41417528e-09  3.36311942e-09  3.32847234e-09  3.39452634e-09  3.28274073e-09  1.55687909e-07  1.58839963e-09  1.10000000e-01 
 1.20000000e-01  4.56256039e-01  3.26496425e-09  3.41417528e-09  3.36311937e-09  3.32847240e-09  3.39452634e-09  3.28274073e-09  1.55687916e-07  1.58811009e-09  1.20000000e-01 
 1.30000000e-01  4.56256026e-01  3.26496420e-09  3.41417528e-09  3.36311942e-09  3.32847234e-09  3.39452634e-09  3.28274073e-09  1.55687908e-07  1.58793867e-09  1.30000000e-01 
 1.40000000e-01  4.56256049e-01  3.26496420e-09  3.41417534e-09  3.36311942e-09  3.32847240e-09  3.39452634e-09  3.28274073e-09  1.55687930e-07  1.58766866e-09  1.40000000e-01 
 1.50000000e-01  4.56256036e-01  3.26496420e-09  3.41417528e-09  3.36311937e-09  3.32847234e-09  3.39452634e-09  3.28274073e-09  1.55687915e-07  1.58735247e-09  1.50000000e-01 
 1.60000000e-01  4.56256052e-01  3.26496420e-09  3.41417528e-09  3.36311942e-09  3.32847234e-09  3.39452634e-09  3.28274073e-09  1.55687938e-07  1.58712510e-09  1.60000000e-01 
 1.70000000e-01  4.56256031e-01  3.26496420e-09  3.41417528e-09  3.36311937e-09  3.32847240e-09  3.39452629e-09  3.28274073e-09  1.55687914e-07  1.58694036e-09  1.70000000e-01 
 1.80000000e-01  4.56256018e-01  3.26496426e-09  3.41417528e-09  3.36311942e-09  3.32847240e-09  3.39452630e-09  3.28274073e-09  1.55687889e-07  1.58665259e-09  1.80000000e-01 
 1.90000000e-01  4.56256032e-01  3.26496420e-09  3.41417528e-09  3.36311942e-09  3.32847240e-09  3.39452635e-09  3.28274073e-09  1.55687911e-07  1.58645719e-09  1.90000000e-01 
 2.00000000e-01  4.56256040e-01  3.26496420e-09  3.41417528e-09  3.36311942e-09  3.32847240e-09  3.39452634e-09  3.28274073e-09  1.55687927e-07  1.58622093e-09  2.00000000e-01 
 2.10000000e-01  4.56256031e-01  3.26496420e-09  3.41417528e-09  3.36311937e-09  3.32847234e-09  3.39452634e-09  3.28274073e-09  1.55687917e-07  1.58610547e-09  2.10000000e-01 
 2.20000000e-01  4.56256041e-01  3.26496420e-09  3.41417528e-09  3.36311937e-09  3.32847240e-09  3.39452634e-09  3.28274073e-09  1.55687922e-07  1.58577862e-09  2.20000000e-01 
 2.30000000e-01  4.56256047e-01  3.26496420e-09  3.41417528e-09  3.36311937e-09  3.32847240e-09  3.39452634e-09  3.28274073e-09  1.55687942e-07  1.58563296e-09  2.30000000e-01 
 2.40000000e-01  4.56256036e-01  3.26496420e-09  3.41417534e-09  3.36311942e-09  3.32847234e-09  3.39452634e-09  3.28274079e-09  1.55687926e-07  1.58544111e-09  2.40000000e-01 
 2.50000000e-01  4.56256042e-01  3.26496420e-09  3.41417528e-09  3.36311942e-09  3.32847234e-09  3.39452634e-09  3.28274073e-09  1.55687925e-07  1.58528302e-09  2.50000000e-01 
 2.60000000e-01  4.56256021e-01  3.26496420e-09  3.41417534e-09  3.36311937e-09  3.32847234e-09  3.39452634e-09  3.28274073e-09  1.55687896e-07  1.58503255e-09  2.60000000e-01 
 2.70000000e-01  4.56256064e-01  3.26496420e-09  3.41417528e-09  3.36311943e-09  3.32847234e-09  3.39452634e-09  3.28274073e-09  1.55687962e-07  1.58489577e-09  2.70000000e-01 
 2.80000000e-01  4.56256045e-01  3.26496420e-09  3.41417528e-09  3.36311942e-09  3.32847240e-09  3.39452634e-09  3.28274073e-09  1.55687921e-07  1.58473945e-09  2.80000000e-01 
 2.90000000e-01  4.56256068e-01  3.26496420e-09  3.41417528e-09  3.36311943e-09  3.32847240e-09  3.39452634e-09  3.28274073e-09  1.55687961e-07  1.58460267e-09  2.90000000e-01 
 3.00000000e-01  4.56256042e-01  3.26496420e-09  3.41417528e-09  3.36311937e-09  3.32847234e-09  3.39452634e-09  3.28274073e-09  1.55687907e-07  1.58446412e-09  3.00000000e-01 
 3.10000000e-01  4.56256044e-01  3.26496420e-09  3.41417528e-09  3.36311937e-09  3.32847234e-09  3.39452634e-09  3.28274073e-09  1.55687925e-07  1.58415503e-09  3.10000000e-01 
 3.20000000e-01  4.56256032e-01  3.26496420e-09  3.41417528e-09  3.36311942e-09  3.32847234e-09  3.39452634e-09  3.28274073e-09  1.55687916e-07  1.58405200e-09  3.20000000e-01 
 3.30000000e-01  4.56256030e-01  3.26496420e-09  3.41417528e-09  3.36311937e-09  3.32847240e-09  3.39452634e-09  3.28274073e-09  1.55687905e-07  1.58404134e-09  3.30000000e-01 
 3.40000000e-01  4.56256025e-01  3.26496420e-09  3.41417528e-09  3.36311942e-09  3.32847234e-09  3.39452634e-09  3.28274073e-09  1.55687893e-07  1.58381042e-09  3.40000000e-01 
 3.50000000e-01  4.56256030e-01  3.26496420e-09  3.41417528e-09  3.36311942e-09  3.32847240e-09  3.39452634e-09  3.28274073e-09  1.55687903e-07  1.58364344e-09  3.50000000e-01 
 3.60000000e-01  4.56256052e-01  3.26496420e-09  3.41417528e-09  3.36311942e-09  3.32847234e-09  3.39452634e-09  3.28274073e-09  1.55687941e-07  1.58346936e-09  3.60000000e-01 
 3.70000000e-01  4.56256032e-01  3.26496420e-09  3.41417528e-09  3.36311942e-09  3.32847234e-09  3.39452634e-09  3.28274073e-09  1.55687903e-07  1.58340541e-09  3.70000000e-01 
 3.80000000e-01  4.56256039e-01  3.26496420e-09  3.41417528e-09  3.36311937e-09  3.32847234e-09  3.39452634e-09  3.28274073e-09  1.55687931e-07  1.58321356e-09  3.80000000e-01 
 3.90000000e-01  4.56256022e-01  3.26496420e-09  3.41417534e-09  3.36311942e-09  3.32847234e-09  3.39452634e-09  3.28274073e-09  1.55687897e-07  1.58313895e-09  3.90000000e-01 
 4.00000000e-01  4.56256028e-01  3.26496420e-09  3.41417528e-09  3.36311942e-09  3.32847240e-09  3.39452634e-09  3.28274073e-09  1.55687907e-07  1.58299684e-09  4.00000000e-01 
 4.10000000e-01  4.56256050e-01  3.26496420e-09  3.41417528e-09  3.36311942e-09  3.32847240e-09  3.39452634e-09  3.28274073e-09  1.55687933e-07  1.58281566e-09  4.10000000e-01 
 4.20000000e-01  4.56256023e-01  3.26496420e-09  3.41417528e-09  3.36311942e-09  3.32847234e-09  3.39452634e-09  3.28274073e-09  1.55687879e-07  1.58270907e-09  4.20000000e-01 
 4.30000000e-01  4.56256053e-01  3.26496420e-09  3.41417528e-09  3.36311942e-09  3.32847240e-09  3.39452634e-09  3.28274073e-09  1.55687946e-07  1.58255986e-09  4.30000000e-01 
 4.40000000e-01  4.56256048e-01  3.26496420e-09  3.41417534e-09  3.36311937e-09  3.32847234e-09  3.39452634e-09  3.28274073e-09  1.55687913e-07  1.58241775e-09  4.40000000e-01 
 4.50000000e-01  4.56256058e-01  3.26496420e-09  3.41417528e-09  3.36311943e-09  3.32847234e-09  3.39452634e-09  3.28274073e-09  1.55687955e-07  1.58229696e-09  4.50000000e-01 
 4.60000000e-01  4.56256031e-01  3.26496420e-09  3.41417534e-09  3.36311942e-09  3.32847234e-09  3.39452634e-09  3.28274073e-09  1.55687889e-07  1.58223301e-09  4.60000000e-01 
 4.70000000e-01  4.56256021e-01  3.26496420e-09  3.41417534e-09  3.36311937e-09  3.32847234e-09  3.39452629e-09  3.28274073e-09  1.55687884e-07  1.58204472e-09  4.70000000e-01 
 4.80000000e-01  4.56256026e-01  3.26496420e-09  3.41417534e-09  3.36311942e-09  3.32847234e-09  3.39452636e-09  3.28274073e-09  1.55687890e-07  1.58192037e-09  4.80000000e-01 
 4.90000000e-01  4.56256038e-01  3.26496420e-09  3.41417528e-09  3.36311942e-09  3.32847234e-09  3.39452634e-09  3.28274073e-09  1.55687917e-07  1.58177116e-09  4.90000000e-01 
 5.00000000e-01  4.56256038e-01  3.26496420e-09  3.41417528e-09  3.36311937e-09  3.32847234e-09  3.39452634e-09  3.28274073e-09  1.55687912e-07  1.58164326e-09  5.00000000e-01 
 5.10000000e-01  4.56256050e-01  3.26496420e-09  3.41417528e-09  3.36311937e-09  3.32847234e-09  3.39452634e-09  3.28274073e-09  1.55687940e-07  1.58156155e-09  5.10000000e-01 
 5.20000000e-01  4.56256042e-01  3.26496420e-09  3.41417534e-09  3.36311937e-09  3.32847240e-09  3.39452634e-09  3.28274073e-09  1.55687918e-07  1.58140168e-09  5.20000000e-01 
 5.30000000e-01  4.56256032e-01  3.26496420e-09  3.41417528e-09  3.36311942e-09  3.32847240e-09  3.39452634e-09  3.28274073e-09  1.55687909e-07  1.58136615e-09  5.30000000e-01 
 5.40000000e-01  4.56256022e-01  3.26496414e-09  3.41417534e-09  3.36311937e-09  3.32847240e-09  3.39452634e-09  3.28274073e-09  1.55687903e-07  1.58122404e-09  5.40000000e-01 
 5.50000000e-01  4.56256039e-01  3.26496416e-09  3.41417528e-09  3.36311937e-09  3.32847234e-09  3.39452634e-09  3.28274073e-09  1.55687927e-07  1.58100733e-09  5.50000000e-01 
 5.60000000e-01  4.56256027e-01  3.26496415e-09  3.41417528e-09  3.36311942e-09  3.32847234e-09  3.39452634e-09  3.28274073e-09  1.55687908e-07  1.58096825e-09  5.60000000e-01 
 5.70000000e-01  4.56256043e-01  3.26496421e-09  3.41417528e-09  3.36311937e-09  3.32847234e-09  3.39452634e-09  3.28274079e-09  1.55687921e-07  1.58084390e-09  5.70000000e-01 
 5.80000000e-01  4.56256025e-01  3.26496420e-09  3.41417528e-09  3.36311937e-09  3.32847234e-09  3.39452634e-09  3.28274073e-09  1.55687889e-07  1.58073021e-09  5.80000000e-01 
 5.90000000e-01  4.56256048e-01  3.26496420e-09  3.41417528e-09  3.36311937e-09  3.32847234e-09  3.39452634e-09  3.28274073e-09  1.55687917e-07  1.58058100e-09  5.90000000e-01 
 6.00000000e-01  4.56256031e-01  3.26496420e-09  3.41417528e-09  3.36311942e-09  3.32847234e-09  3.39452634e-09  3.28274073e-09  1.55687905e-07  1.58052416e-09  6.00000000e-01 
 6.10000000e-01  4.56256025e-01  3.26496420e-09  3.41417528e-09  3.36311942e-09  3.32847240e-09  3.39452634e-09  3.28274073e-09  1.55687894e-07  1.58040336e-09  6.10000000e-01 
 6.20000000e-01  4.56256021e-01  3.26496420e-09  3.41417534e-09  3.36311942e-09  3.32847234e-09  3.39452634e-09  3.28274073e-09  1.55687879e-07  1.58026836e-09  6.20000000e-01 
 6.30000000e-01  4.56256032e-01  3.26496420e-09  3.41417528e-09  3.36311942e-09  3.32847234e-09  3.39452634e-09  3.28274073e-09  1.55687919e-07  1.58011204e-09  6.30000000e-01 
 6.40000000e-01  4.56256030e-01  3.26496420e-09  3.41417528e-09  3.36311937e-09  3.32847234e-09  3.39452634e-09  3.28274073e-09  1.55687911e-07  1.57998414e-09  6.40000000e-01 
 6.50000000e-01  4.56256050e-01  3.26496420e-09  3.41417528e-09  3.36311942e-09  3.32847234e-09  3.39452634e-09  3.28274073e-09  1.55687937e-07  1.57986335e-09  6.50000000e-01 
 6.60000000e-01  4.56256021e-01  3.26496420e-09  3.41417528e-09  3.36311937e-09  3.32847234e-09  3.39452634e-09  3.28274079e-09  1.55687868e-07  1.57983493e-09  6.60000000e-01 
 6.70000000e-01  4.56256044e-01  3.26496420e-09  3.41417528e-09  3.36311942e-09  3.32847240e-09  3.39452634e-09  3.28274073e-09  1.55687942e-07  1.57966440e-09  6.70000000e-01 
 6.80000000e-01  4.56256038e-01  3.26496420e-09  3.41417528e-09  3.36311942e-09  3.32847234e-09  3.39452634e-09  3.28274073e-09  1.55687902e-07  1.57955071e-09  6.80000000e-01 
 6.90000000e-01  4.56256033e-01  3.26496420e-09  3.41417528e-09  3.36311937e-09  3.32847240e-09  3.39452634e-09  3.28274073e-09  1.55687913e-07  1.57947966e-09  6.90000000e-01 
 7.00000000e-01  4.56256031e-01  3.26496420e-09  3.41417528e-09  3.36311942e-09  3.32847234e-09  3.39452634e-09  3.28274073e-09  1.55687899e-07  1.57928071e-09  7.00000000e-01 
 7.10000000e-01  4.56256045e-01  3.26496420e-09  3.41417528e-09  3.36311937e-09  3.32847234e-09  3.39452634e-09  3.28274073e-09  1.55687931e-07  1.57913149e-09  7.10000000e-01 
 7.20000000e-01  4.56256034e-01  3.26496420e-09  3.41417528e-09  3.36311937e-09  3.32847240e-09  3.39452634e-09  3.28274073e-09  1.55687892e-07  1.57907465e-09  7.20000000e-01 
 7.30000000e-01  4.56256018e-01  3.26496420e-09  3.41417528e-09  3.36311936e-09  3.32847240e-09  3.39452634e-09  3.28274073e-09  1.55687882e-07  1.57893965e-09  7.30000000e-01 
 7.40000000e-01  4.56256032e-01  3.26496420e-09  3.41417534e-09  3.36311937e-09  3.32847234e-09  3.39452634e-09  3.28274073e-09  1.55687903e-07  1.57886859e-09  7.40000000e-01 
 7.50000000e-01  4.56256025e-01  3.26496420e-09  3.41417534e-09  3.36311937e-09  3.32847240e-09  3.39452634e-09  3.28274073e-09  1.55687899e-07  1.57874069e-09  7.50000000e-01 
 7.60000000e-01  4.56256046e-01  3.26496420e-09  3.41417528e-09  3.36311937e-09  3.32847234e-09  3.39452634e-09  3.28274073e-09  1.55687920e-07  1.57862701e-09  7.60000000e-01 
 7.70000000e-01  4.56256045e-01  3.26496420e-09  3.41417528e-09  3.36311942e-09  3.32847234e-09  3.39452634e-09  3.28274073e-09  1.55687924e-07  1.57848490e-09  7.70000000e-01 
 7.80000000e-01  4.56256031e-01  3.26496420e-09  3.41417528e-09  3.36311942e-09  3.32847234e-09  3.39452634e-09  3.28274073e-09  1.55687911e-07  1.57832858e-09  7.80000000e-01 
 7.90000000e-01  4.56256054e-01  3.26496420e-09  3.41417528e-09  3.36311937e-09  3.32847234e-09  3.39452634e-09  3.28274073e-09  1.55687934e-07  1.57822910e-09  7.90000000e-01 
 8.00000000e-01  4.56256045e-01  3.26496420e-09  3.41417528e-09  3.36311942e-09  3.32847234e-09  3.39452634e-09  3.28274073e-09  1.55687909e-07  1.57809410e-09  8.00000000e-01 
 8.10000000e-01  4.56256039e-01  3.26496420e-09  3.41417528e-09  3.36311937e-09  3.32847240e-09  3.39452634e-09  3.28274073e-09  1.55687916e-07  1.57795199e-09  8.10000000e-01 
 8.20000000e-01  4.56256041e-01  3.26496420e-09  3.41417528e-09  3.36311942e-09  3.32847240e-09  3.39452634e-09  3.28274073e-09  1.55687915e-07  1.57783120e-09  8.20000000e-01 
 8.30000000e-01  4.56256037e-01  3.26496420e-09  3.41417528e-09  3.36311937e-09  3.32847234e-09  3.39452634e-09  3.28274073e-09  1.55687924e-07  1.57770330e-09  8.30000000e-01 
 8.40000000e-01  4.56256044e-01  3.26496420e-09  3.41417528e-09  3.36311937e-09  3.32847234e-09  3.39452634e-09  3.28274073e-09  1.55687924e-07  1.57759672e-09  8.40000000e-01 
 8.50000000e-01  4.56256039e-01  3.26496420e-09  3.41417534e-09  3.36311942e-09  3.32847234e-09  3.39452634e-09  3.28274073e-09  1.55687919e-07  1.57751856e-09  8.50000000e-01 
 8.60000000e-01  4.56256045e-01  3.26496420e-09  3.41417528e-09  3.36311937e-09  3.32847234e-09  3.39452640e-09  3.28274073e-09  1.55687925e-07  1.57734092e-09  8.60000000e-01 
 8.70000000e-01  4.56256040e-01  3.26496414e-09  3.41417528e-09  3.36311942e-09  3.32847240e-09  3.39452634e-09  3.28274073e-09  1.55687926e-07  1.57718461e-09  8.70000000e-01 
 8.80000000e-01  4.56256038e-01  3.26496421e-09  3.41417528e-09  3.36311937e-09  3.32847234e-09  3.39452634e-09  3.28274073e-09  1.55687925e-07  1.57709934e-09  8.80000000e-01 
 8.90000000e-01  4.56256024e-01  3.26496420e-09  3.41417528e-09  3.36311937e-09  3.32847234e-09  3.39452634e-09  3.28274073e-09  1.55687898e-07  1.57694302e-09  8.90000000e-01 
 9.00000000e-01  4.56256048e-01  3.26496420e-09  3.41417528e-09  3.36311937e-09  3.32847234e-09  3.39452634e-09  3.28274073e-09  1.55687930e-07  1.57687907e-09  9.00000000e-01 
 9.10000000e-01  4.56256042e-01  3.26496420e-09  3.41417534e-09  3.36311937e-09  3.32847234e-09  3.39452634e-09  3.28274073e-09  1.55687915e-07  1.57669433e-09  9.10000000e-01 
 9.20000000e-01  4.56256052e-01  3.26496420e-09  3.41417528e-09  3.36311937e-09  3.32847240e-09  3.39452634e-09  3.28274073e-09  1.55687936e-07  1.57661617e-09  9.20000000e-01 
 9.30000000e-01  4.56256036e-01  3.26496420e-09  3.41417528e-09  3.36311937e-09  3.32847234e-09  3.39452634e-09  3.28274073e-09  1.55687910e-07  1.57648827e-09  9.30000000e-01 
 9.40000000e-01  4.56256063e-01  3.26496420e-09  3.41417528e-09  3.36311937e-09  3.32847234e-09  3.39452634e-09  3.28274073e-09  1.55687967e-07  1.57631064e-09  9.40000000e-01 
 9.50000000e-01  4.56256025e-01  3.26496420e-09  3.41417528e-09  3.36311937e-09  3.32847240e-09  3.39452634e-09  3.28274073e-09  1.55687877e-07  1.57614721e-09  9.50000000e-01 
 9.60000000e-01  4.56256038e-01  3.26496414e-09  3.41417528e-09  3.36311937e-09  3.32847234e-09  3.39452634e-09  3.28274073e-09  1.55687925e-07  1.57609037e-09  9.60000000e-01 
 9.70000000e-01  4.56256039e-01  3.26496421e-09  3.41417528e-09  3.36311937e-09  3.32847234e-09  3.39452634e-09  3.28274073e-09  1.55687923e-07  1.57593405e-09  9.70000000e-01 
 9.80000000e-01  4.56256043e-01  3.26496420e-09  3.41417528e-09  3.36311937e-09  3.32847234e-09  3.39452634e-09  3.28274073e-09  1.55687937e-07  1.57581326e-09  9.80000000e-01 
 9.90000000e-01  4.56256036e-01  3.26496420e-09  3.41417528e-09  3.36311937e-09  3.32847240e-09  3.39452634e-09  3.28274073e-09  1.55687910e-07  1.57562141e-09  9.90000000e-01 
 1.00000000e+00  4.56256027e-01  3.26496420e-09  3.41417528e-09  3.36311937e-09  3.32847240e-09  3.39452634e-09  3.28274073e-09  1.55687886e-07  1.57547220e-09  1.00000000e+00 
 1.01000000e+00  4.56256015e-01  3.26496420e-09  3.41417528e-09  3.36311936e-09  3.32847240e-09  3.39452634e-09  3.28274073e-09  1.55687882e-07  1.57540114e-09  1.01000000e+00 
 1.02000000e+00  4.56256055e-01  3.26496420e-09  3.41417528e-09  3.36311937e-09  3.32847240e-09  3.39452634e-09  3.28274073e-09  1.55687931e-07  1.57525903e-09  1.02000000e+00 
 1.03000000e+00  4.56256022e-01  3.26496420e-09  3.41417528e-09  3.36311937e-09  3.32847234e-09  3.39452634e-09  3.28274073e-09  1.55687896e-07  1.57508850e-09  1.03000000e+00 
 1.04000000e+00  4.56256050e-01  3.26496420e-09  3.41417528e-09  3.36311937e-09  3.32847234e-09  3.39452634e-09  3.28274073e-09  1.55687936e-07  1.57497482e-09  1.04000000e+00 
 1.05000000e+00  4.56256023e-01  3.26496420e-09  3.41417528e-09  3.36311942e-09  3.32847234e-09  3.39452634e-09  3.28274073e-09  1.55687893e-07  1.57481139e-09  1.05000000e+00 
 1.06000000e+00  4.56256066e-01  3.26496420e-09  3.41417528e-09  3.36311943e-09  3.32847235e-09  3.39452634e-09  3.28274073e-09  1.55687952e-07  1.57476165e-09  1.06000000e+00 
 1.07000000e+00  4.56256041e-01  3.26496420e-09  3.41417528e-09  3.36311942e-09  3.32847234e-09  3.39452634e-09  3.28274073e-09  1.55687905e-07  1.57452007e-09  1.07000000e+00 
 1.08000000e+00  4.56256024e-01  3.26496420e-09  3.41417528e-09  3.36311937e-09  3.32847234e-09  3.39452634e-09  3.28274073e-09  1.55687888e-07  1.57432112e-09  1.08000000e+00 
 1.09000000e+00  4.56256026e-01  3.26496420e-09  3.41417528e-09  3.36311942e-09  3.32847234e-09  3.39452634e-09  3.28274073e-09  1.55687897e-07  1.57425717e-09  1.09000000e+00 
 1.10000000e+00  4.56256046e-01  3.26496420e-09  3.41417528e-09  3.36311937e-09  3.32847240e-09  3.39452634e-09  3.28274073e-09  1.55687931e-07  1.57416480e-09  1.10000000e+00 
 1.11000000e+00  4.56256038e-01  3.26496420e-09  3.41417528e-09  3.36311942e-09  3.32847234e-09  3.39452634e-09  3.28274073e-09  1.55687917e-07  1.57394453e-09  1.11000000e+00 
 1.12000000e+00  4.56256044e-01  3.26496420e-09  3.41417528e-09  3.36311937e-09  3.32847234e-09  3.39452634e-09  3.28274073e-09  1.55687928e-07  1.57389479e-09  1.12000000e+00 
 1.13000000e+00  4.56256030e-01  3.26496420e-09  3.41417528e-09  3.36311937e-09  3.32847234e-09  3.39452634e-09  3.28274073e-09  1.55687907e-07  1.57371005e-09  1.13000000e+00 
 1.14000000e+00  4.56256044e-01  3.26496420e-09  3.41417528e-09  3.36311942e-09  3.32847234e-09  3.39452634e-09  3.28274079e-09  1.55687925e-07  1.57361768e-09  1.14000000e+00 
 1.15000000e+00  4.56256033e-01  3.26496420e-09  3.41417528e-09  3.36311942e-09  3.32847234e-09  3.39452634e-09  3.28274073e-09  1.55687918e-07  1.57344004e-09  1.15000000e+00 
 1.16000000e+00  4.56256036e-01  3.26496420e-09  3.41417528e-09  3.36311942e-09  3.32847240e-09  3.39452634e-09  3.28274073e-09  1.55687918e-07  1.57322688e-09  1.16000000e+00 
 1.17000000e+00  4.56256041e-01  3.26496420e-09  3.41417528e-09  3.36311942e-09  3.32847240e-09  3.39452634e-09  3.28274073e-09  1.55687925e-07  1.57314162e-09  1.17000000e+00 
 1.18000000e+00  4.56256041e-01  3.26496420e-09  3.41417528e-09  3.36311942e-09  3.32847234e-09  3.39452634e-09  3.28274073e-09  1.55687926e-07  1.57299951e-09  1.18000000e+00 
 1.19000000e+00  4.56256038e-01  3.26496420e-09  3.41417528e-09  3.36311942e-09  3.32847234e-09  3.39452634e-09  3.28274073e-09  1.55687911e-07  1.57282898e-09  1.19000000e+00 
 1.20000000e+00  4.56256041e-01  3.26496420e-09  3.41417528e-09  3.36311937e-09  3.32847234e-09  3.39452634e-09  3.28274073e-09  1.55687927e-07  1.57274371e-09  1.20000000e+00 
 1.21000000e+00  4.56256029e-01  3.26496420e-09  3.41417528e-09  3.36311942e-09  3.32847234e-09  3.39452634e-09  3.28274073e-09  1.55687902e-07  1.57251634e-09  1.21000000e+00 
 1.22000000e+00  4.56256044e-01  3.26496420e-09  3.41417528e-09  3.36311942e-09  3.32847240e-09  3.39452634e-09  3.28274073e-09  1.55687925e-07  1.57237423e-09  1.22000000e+00 
 1.23000000e+00  4.56256037e-01  3.26496420e-09  3.41417528e-09  3.36311942e-09  3.32847240e-09  3.39452634e-09  3.28274073e-09  1.55687912e-07  1.57218949e-09  1.23000000e+00 
 1.24000000e+00  4.56256037e-01  3.26496420e-09  3.41417528e-09  3.36311937e-09  3.32847240e-09  3.39452634e-09  3.28274073e-09  1.55687908e-07  1.57201896e-09  1.24000000e+00 
 1.25000000e+00  4.56256025e-01  3.26496420e-09  3.41417528e-09  3.36311942e-09  3.32847240e-09  3.39452634e-09  3.28274073e-09  1.55687899e-07  1.57183422e-09  1.25000000e+00 
 1.26000000e+00  4.56256023e-01  3.26496420e-09  3.41417528e-09  3.36311937e-09  3.32847240e-09  3.39452634e-09  3.28274073e-09  1.55687897e-07  1.57172053e-09  1.26000000e+00 
 1.27000000e+00  4.56256031e-01  3.26496420e-09  3.41417528e-09  3.36311942e-09  3.32847240e-09  3.39452634e-09  3.28274079e-09  1.55687902e-07  1.57153579e-09  1.27000000e+00 
 1.28000000e+00  4.56256044e-01  3.26496414e-09  3.41417528e-09  3.36311937e-09  3.32847234e-09  3.39452634e-09  3.28274073e-09  1.55687922e-07  1.57139368e-09  1.28000000e+00 
 1.29000000e+00  4.56256025e-01  3.26496421e-09  3.41417528e-09  3.36311937e-09  3.32847234e-09  3.39452634e-09  3.28274073e-09  1.55687900e-07  1.57119473e-09  1.29000000e+00 
 1.30000000e+00  4.56256048e-01  3.26496420e-09  3.41417528e-09  3.36311937e-09  3.32847234e-09  3.39452634e-09  3.28274073e-09  1.55687938e-07  1.57100999e-09  1.30000000e+00 
 1.31000000e+00  4.56256046e-01  3.26496420e-09  3.41417528e-09  3.36311942e-09  3.32847240e-09  3.39452634e-09  3.28274073e-09  1.55687932e-07  1.57083946e-09  1.31000000e+00 
 1.32000000e+00  4.56256026e-01  3.26496420e-09  3.41417528e-09  3.36311942e-09  3.32847240e-09  3.39452634e-09  3.28274079e-09  1.55687893e-07  1.57071156e-09  1.32000000e+00 
 1.33000000e+00  4.56256053e-01  3.26496420e-09  3.41417528e-09  3.36311937e-09  3.32847240e-09  3.39452634e-09  3.28274073e-09  1.55687930e-07  1.57049840e-09  1.33000000e+00 
 1.34000000e+00  4.56256022e-01  3.26496420e-09  3.41417528e-09  3.36311942e-09  3.32847234e-09  3.39452634e-09  3.28274073e-09  1.55687902e-07  1.57027102e-09  1.34000000e+00 
 1.35000000e+00  4.56256056e-01  3.26496420e-09  3.41417528e-09  3.36311937e-09  3.32847234e-09  3.39452634e-09  3.28274073e-09  1.55687948e-07  1.57017155e-09  1.35000000e+00 
 1.36000000e+00  4.56256045e-01  3.26496420e-09  3.41417528e-09  3.36311942e-09  3.32847234e-09  3.39452634e-09  3.28274073e-09  1.55687927e-07  1.56995839e-09  1.36000000e+00 
 1.37000000e+00  4.56256022e-01  3.26496420e-09  3.41417528e-09  3.36311942e-09  3.32847234e-09  3.39452634e-09  3.28274073e-09  1.55687879e-07  1.56975943e-09  1.37000000e+00 
 1.38000000e+00  4.56256049e-01  3.26496420e-09  3.41417528e-09  3.36311942e-09  3.32847234e-09  3.39452634e-09  3.28274073e-09  1.55687938e-07  1.56954627e-09  1.38000000e+00 
 1.39000000e+00  4.56256030e-01  3.26496420e-09  3.41417528e-09  3.36311937e-09  3.32847240e-09  3.39452634e-09  3.28274073e-09  1.55687891e-07  1.56933311e-09  1.39000000e+00 
 1.40000000e+00  4.56256016e-01  3.26496420e-09  3.41417528e-09  3.36311936e-09  3.32847234e-09  3.39452634e-09  3.28274073e-09  1.55687878e-07  1.56907731e-09  1.40000000e+00 
 1.41000000e+00  4.56256034e-01  3.26496420e-09  3.41417528e-09  3.36311942e-09  3.32847234e-09  3.39452634e-09  3.28274073e-09  1.55687918e-07  1.56889257e-09  1.41000000e+00 
 1.42000000e+00  4.56256015e-01  3.26496420e-09  3.41417528e-09  3.36311942e-09  3.32847240e-09  3.39452634e-09  3.28274073e-09  1.55687879e-07  1.56876467e-09  1.42000000e+00 
 1.43000000e+00  4.56256039e-01  3.26496420e-09  3.41417528e-09  3.36311937e-09  3.32847234e-09  3.39452634e-09  3.28274073e-09  1.55687926e-07  1.56850888e-09  1.43000000e+00 
 1.44000000e+00  4.56256028e-01  3.26496420e-09  3.41417528e-09  3.36311937e-09  3.32847234e-09  3.39452634e-09  3.28274073e-09  1.55687888e-07  1.56822466e-09  1.44000000e+00 
 1.45000000e+00  4.56256027e-01  3.26496420e-09  3.41417528e-09  3.36311937e-09  3.32847234e-09  3.39452634e-09  3.28274073e-09  1.55687896e-07  1.56806834e-09  1.45000000e+00 
 1.46000000e+00  4.56256020e-01  3.26496420e-09  3.41417528e-09  3.36311942e-09  3.32847240e-09  3.39452634e-09  3.28274073e-09  1.55687878e-07  1.56775570e-09  1.46000000e+00 
 1.47000000e+00  4.56256050e-01  3.26496420e-09  3.41417528e-09  3.36311937e-09  3.32847234e-09  3.39452634e-09  3.28274073e-09  1.55687932e-07  1.56754254e-09  1.47000000e+00 
 1.48000000e+00  4.56256020e-01  3.26496420e-09  3.41417528e-09  3.36311937e-09  3.32847240e-09  3.39452634e-09  3.28274073e-09  1.55687874e-07  1.56721569e-09  1.48000000e+00 
 1.49000000e+00  4.56256014e-01  3.26496420e-09  3.41417528e-09  3.36311942e-09  3.32847234e-09  3.39452634e-09  3.28274073e-09  1.55687879e-07  1.56697411e-09  1.49000000e+00 
 1.50000000e+00  4.56256030e-01  3.26496420e-09  3.41417534e-09  3.36311942e-09  3.32847240e-09  3.39452634e-09  3.28274073e-09  1.55687900e-07  1.56666147e-09  1.50000000e+00 
 1.51000000e+00  4.56256044e-01  3.26496420e-09  3.41417528e-09  3.36311942e-09  3.32847240e-09  3.39452634e-09  3.28274073e-09  1.55687934e-07  1.56629199e-09  1.51000000e+00 
 1.52000000e+00  4.56256041e-01  3.26496420e-09  3.41417528e-09  3.36311942e-09  3.32847240e-09  3.39452634e-09  3.28274073e-09  1.55687916e-07  1.56595092e-09  1.52000000e+00 
 1.53000000e+00  4.56256035e-01  3.26496414e-09  3.41417528e-09  3.36311942e-09  3.32847234e-09  3.39452634e-09  3.28274073e-09  1.55687914e-07  1.56565250e-09  1.53000000e+00 
 1.54000000e+00  4.56256040e-01  3.26496416e-09  3.41417528e-09  3.36311937e-09  3.32847240e-09  3.39452634e-09  3.28274073e-09  1.55687919e-07  1.56526880e-09  1.54000000e+00 
 1.55000000e+00  4.56256030e-01  3.26496421e-09  3.41417528e-09  3.36311937e-09  3.32847234e-09  3.39452634e-09  3.28274073e-09  1.55687914e-07  1.56491353e-09  1.55000000e+00 
 1.56000000e+00  4.56256022e-01  3.26496420e-09  3.41417528e-09  3.36311942e-09  3.32847240e-09  3.39452634e-09  3.28274073e-09  1.55687895e-07  1.56438773e-09  1.56000000e+00 
 1.57000000e+00  4.56256045e-01  3.26496420e-09  3.41417528e-09  3.36311942e-09  3.32847234e-09  3.39452634e-09  3.28274073e-09  1.55687929e-07  1.56386193e-09  1.57000000e+00 
 1.58000000e+00  4.56256045e-01  3.26496420e-09  3.41417528e-09  3.36311942e-09  3.32847234e-09  3.39452634e-09  3.28274073e-09  1.55687922e-07  1.56333613e-09  1.58000000e+00 
 1.59000000e+00  4.56256033e-01  3.26496420e-09  3.41417528e-09  3.36311942e-09  3.32847240e-09  3.39452634e-09  3.28274079e-09  1.55687913e-07  1.56266822e-09  1.59000000e+00 
 1.60000000e+00  4.56256044e-01  3.26496420e-09  3.41417528e-09  3.36311942e-09  3.32847234e-09  3.39452634e-09  3.28274073e-09  1.55687928e-07  1.56192925e-09  1.60000000e+00 
 1.61000000e+00  4.56256028e-01  3.26496420e-09  3.41417528e-09  3.36311937e-09  3.32847240e-09  3.39452634e-09  3.28274073e-09  1.55687904e-07  1.56121871e-09  1.61000000e+00 
 1.62000000e+00  4.56256030e-01  3.26496420e-09  3.41417528e-09  3.36311937e-09  3.32847240e-09  3.39452634e-09  3.28274073e-09  1.55687902e-07  1.56013868e-09  1.62000000e+00 
 1.63000000e+00  4.56256054e-01  3.26496420e-09  3.41417534e-09  3.36311942e-09  3.32847240e-09  3.39452634e-09  3.28274073e-09  1.55687938e-07  1.55893076e-09  1.63000000e+00 
 1.64000000e+00  4.56256020e-01  3.26496420e-09  3.41417528e-09  3.36311937e-09  3.32847234e-09  3.39452634e-09  3.28274079e-09  1.55687884e-07  1.55752389e-09  1.64000000e+00 
 1.65000000e+00  4.56256042e-01  3.26496420e-09  3.41417528e-09  3.36311942e-09  3.32847234e-09  3.39452634e-09  3.28274073e-09  1.55687921e-07  1.55569069e-09  1.65000000e+00 
 1.66000000e+00  4.56256022e-01  3.26496420e-09  3.41417528e-09  3.36311937e-09  3.32847240e-09  3.39452634e-09  3.28274073e-09  1.55687890e-07  1.55324642e-09  1.66000000e+00 
 1.67000000e+00  4.56256030e-01  3.26496420e-09  3.41417528e-09  3.36311937e-09  3.32847234e-09  3.39452634e-09  3.28274079e-09  1.55687906e-07  1.54996371e-09  1.67000000e+00 
 1.68000000e+00  4.56256054e-01  3.26496420e-09  3.41417528e-09  3.36311942e-09  3.32847234e-09  3.39452634e-09  3.28274073e-09  1.55687938e-07  1.54544466e-09  1.68000000e+00 
 1.69000000e+00  4.56256043e-01  3.26496420e-09  3.41417528e-09  3.36311937e-09  3.32847234e-09  3.39452634e-09  3.28274073e-09  1.55687923e-07  1.53877977e-09  1.69000000e+00 
 1.70000000e+00  4.56256045e-01  3.26496420e-09  3.41417528e-09  3.36311942e-09  3.32847234e-09  3.39452634e-09  3.28274073e-09  1.55687934e-07  1.52860480e-09  1.70000000e+00 
 1.71000000e+00  4.56256006e-01  3.26496420e-09  3.41417528e-09  3.36311942e-09  3.32847240e-09  3.39452634e-09  3.28274073e-09  1.55687865e-07  1.51241863e-09  1.71000000e+00 
 1.72000000e+00  4.56256010e-01  3.26496420e-09  3.41417528e-09  3.36311942e-09  3.32847240e-09  3.39452634e-09  3.28274073e-09  1.55687872e-07  1.48538959e-09  1.72000000e+00 
 1.73000000e+00  4.56256045e-01  3.26496420e-09  3.41417528e-09  3.36311942e-09  3.32847240e-09  3.39452634e-09  3.28274073e-09  1.55687929e-07  1.43948853e-09  1.73000000e+00 
 1.74000000e+00  4.56256036e-01  3.26496420e-09  3.41417528e-09  3.36311942e-09  3.32847234e-09  3.39452634e-09  3.28274073e-09  1.55687918e-07  1.36151357e-09  1.74000000e+00 
 1.75000000e+00  4.56256015e-01  3.26496420e-09  3.41417528e-09  3.36311942e-09  3.32847240e-09  3.39452634e-09  3.28274073e-09  1.55687865e-07  1.23402799e-09  1.75000000e+00 
 1.76000000e+00  4.56256042e-01  3.26496420e-09  3.41417528e-09  3.36311942e-09  3.32847234e-09  3.39452634e-09  3.28274073e-09  1.55687936e-07  1.03928244e-09  1.76000000e+00 
 1.77000000e+00  4.56256050e-01  3.26496420e-09  3.41417528e-09  3.36311942e-09  3.32847234e-09  3.39452634e-09  3.28274073e-09  1.55687939e-07  7.44449835e-10  1.77000000e+00 
 1.78000000e+00  4.56256022e-01  3.26496420e-09  3.41417528e-09  3.36311937e-09  3.32847240e-09  3.39452634e-09  3.28274073e-09  1.55687891e-07  2.08231654e-10  1.78000000e+00 
 1.79000000e+00  4.56256025e-01  3.26496420e-09  3.41417528e-09  3.36311937e-09  3.32847234e-09  3.39452634e-09  3.28274073e-09  1.55687901e-07 -9.49526680e-10  1.79000000e+00 
 1.80000000e+00  4.56256040e-01  3.26496420e-09  3.41417528e-09  3.36311937e-09  3.32847234e-09  3.39452634e-09  3.28274073e-09  1.55687928e-07 -2.06745199e-09  1.80000000e+00 
