 v-sweep         v(b0)           v(b1)           v(b2)           v(b3)           v(b4)           v(b5)           v(b6)           i(vbias)        i(viout)        v(vout)        
 0.00000000e+00  3.15688300e-09  4.59292718e-01  3.37776565e-09  4.59292718e-01  4.59292718e-01  4.59292718e-01  3.27268439e-09  1.61405152e-07  9.08681476e-08  0.00000000e+00 
 1.00000000e-02  3.15688303e-09  4.59292715e-01  3.37776568e-09  4.59292715e-01  4.59292715e-01  4.59292715e-01  3.27268437e-09  1.61405156e-07  9.08676073e-08  1.00000000e-02 
 2.00000000e-02  3.15688297e-09  4.59292724e-01  3.37776567e-09  4.59292724e-01  4.59292725e-01  4.59292724e-01  3.27268437e-09  1.61405164e-07  9.08673814e-08  2.00000000e-02 
 3.00000000e-02  3.15688297e-09  4.59292709e-01  3.37776568e-09  4.59292709e-01  4.59292709e-01  4.59292709e-01  3.27268443e-09  1.61405134e-07  9.08667472e-08  3.00000000e-02 
 4.00000000e-02  3.15688297e-09  4.59292735e-01  3.37776562e-09  4.59292735e-01  4.59292735e-01  4.59292735e-01  3.27268443e-09  1.61405168e-07  9.08666165e-08  4.00000000e-02 
 5.00000000e-02  3.15688297e-09  4.59292710e-01  3.37776563e-09  4.59292710e-01  4.59292710e-01  4.59292709e-01  3.27268437e-09  1.61405150e-07  9.08662767e-08  5.00000000e-02 
 6.00000000e-02  3.15688297e-09  4.59292725e-01  3.37776563e-09  4.59292725e-01  4.59292725e-01  4.59292725e-01  3.27268443e-09  1.61405159e-07  9.08658073e-08  6.00000000e-02 
 7.00000000e-02  3.15688297e-09  4.59292715e-01  3.37776563e-09  4.59292715e-01  4.59292715e-01  4.59292715e-01  3.27268437e-09  1.61405140e-07  9.08656017e-08  7.00000000e-02 
 8.00000000e-02  3.15688303e-09  4.59292720e-01  3.37776563e-09  4.59292720e-01  4.59292720e-01  4.59292720e-01  3.27268437e-09  1.61405155e-07  9.08653233e-08  8.00000000e-02 
 9.00000000e-02  3.15688297e-09  4.59292719e-01  3.37776568e-09  4.59292719e-01  4.59292719e-01  4.59292719e-01  3.27268443e-09  1.61405145e-07  9.08650541e-08  9.00000000e-02 
 1.00000000e-01  3.15688303e-09  4.59292714e-01  3.37776567e-09  4.59292714e-01  4.59292714e-01  4.59292714e-01  3.27268443e-09  1.61405150e-07  9.08647362e-08  1.00000000e-01 
 1.10000000e-01  3.15688297e-09  4.59292714e-01  3.37776568e-09  4.59292714e-01  4.59292714e-01  4.59292714e-01  3.27268443e-09  1.61405161e-07  9.08644395e-08  1.10000000e-01 
 1.20000000e-01  3.15688303e-09  4.59292701e-01  3.37776568e-09  4.59292701e-01  4.59292701e-01  4.59292701e-01  3.27268437e-09  1.61405126e-07  9.08642646e-08  1.20000000e-01 
 1.30000000e-01  3.15688297e-09  4.59292719e-01  3.37776568e-09  4.59292719e-01  4.59292719e-01  4.59292719e-01  3.27268437e-09  1.61405150e-07  9.08639297e-08  1.30000000e-01 
 1.40000000e-01  3.15688303e-09  4.59292717e-01  3.37776568e-09  4.59292717e-01  4.59292717e-01  4.59292717e-01  3.27268437e-09  1.61405136e-07  9.08637601e-08  1.40000000e-01 
 1.50000000e-01  3.15688297e-09  4.59292711e-01  3.37776562e-09  4.59292711e-01  4.59292711e-01  4.59292711e-01  3.27268437e-09  1.61405136e-07  9.08635300e-08  1.50000000e-01 
 1.60000000e-01  3.15688303e-09  4.59292705e-01  3.37776569e-09  4.59292705e-01  4.59292705e-01  4.59292705e-01  3.27268442e-09  1.61405131e-07  9.08633861e-08  1.60000000e-01 
 1.70000000e-01  3.15688297e-09  4.59292710e-01  3.37776567e-09  4.59292710e-01  4.59292710e-01  4.59292709e-01  3.27268443e-09  1.61405128e-07  9.08632138e-08  1.70000000e-01 
 1.80000000e-01  3.15688303e-09  4.59292690e-01  3.37776567e-09  4.59292690e-01  4.59292690e-01  4.59292690e-01  3.27268437e-09  1.61405103e-07  9.08630096e-08  1.80000000e-01 
 1.90000000e-01  3.15688297e-09  4.59292711e-01  3.37776568e-09  4.59292711e-01  4.59292711e-01  4.59292711e-01  3.27268437e-09  1.61405136e-07  9.08627538e-08  1.90000000e-01 
 2.00000000e-01  3.15688297e-09  4.59292719e-01  3.37776568e-09  4.59292719e-01  4.59292719e-01  4.59292719e-01  3.27268443e-09  1.61405152e-07  9.08627751e-08  2.00000000e-01 
 2.10000000e-01  3.15688297e-09  4.59292734e-01  3.37776568e-09  4.59292734e-01  4.59292734e-01  4.59292734e-01  3.27268437e-09  1.61405166e-07  9.08625459e-08  2.10000000e-01 
 2.20000000e-01  3.15688303e-09  4.59292680e-01  3.37776567e-09  4.59292680e-01  4.59292680e-01  4.59292680e-01  3.27268437e-09  1.61405102e-07  9.08623363e-08  2.20000000e-01 
 2.30000000e-01  3.15688297e-09  4.59292718e-01  3.37776568e-09  4.59292718e-01  4.59292718e-01  4.59292718e-01  3.27268437e-09  1.61405156e-07  9.08622280e-08  2.30000000e-01 
 2.40000000e-01  3.15688303e-09  4.59292719e-01  3.37776568e-09  4.59292720e-01  4.59292720e-01  4.59292719e-01  3.27268437e-09  1.61405162e-07  9.08620770e-08  2.40000000e-01 
 2.50000000e-01  3.15688297e-09  4.59292720e-01  3.37776568e-09  4.59292720e-01  4.59292720e-01  4.59292720e-01  3.27268443e-09  1.61405154e-07  9.08618869e-08  2.50000000e-01 
 2.60000000e-01  3.15688303e-09  4.59292730e-01  3.37776568e-09  4.59292730e-01  4.59292730e-01  4.59292730e-01  3.27268443e-09  1.61405172e-07  9.08618460e-08  2.60000000e-01 
 2.70000000e-01  3.15688303e-09  4.59292701e-01  3.37776568e-09  4.59292701e-01  4.59292701e-01  4.59292701e-01  3.27268437e-09  1.61405133e-07  9.08615387e-08  2.70000000e-01 
 2.80000000e-01  3.15688303e-09  4.59292698e-01  3.37776567e-09  4.59292698e-01  4.59292698e-01  4.59292697e-01  3.27268442e-09  1.61405108e-07  9.08615316e-08  2.80000000e-01 
 2.90000000e-01  3.15688297e-09  4.59292697e-01  3.37776567e-09  4.59292697e-01  4.59292697e-01  4.59292697e-01  3.27268442e-09  1.61405113e-07  9.08613202e-08  2.90000000e-01 
 3.00000000e-01  3.15688297e-09  4.59292734e-01  3.37776568e-09  4.59292734e-01  4.59292734e-01  4.59292734e-01  3.27268437e-09  1.61405183e-07  9.08612634e-08  3.00000000e-01 
 3.10000000e-01  3.15688297e-09  4.59292722e-01  3.37776568e-09  4.59292722e-01  4.59292722e-01  4.59292722e-01  3.27268443e-09  1.61405166e-07  9.08610893e-08  3.10000000e-01 
 3.20000000e-01  3.15688297e-09  4.59292713e-01  3.37776562e-09  4.59292713e-01  4.59292713e-01  4.59292712e-01  3.27268437e-09  1.61405134e-07  9.08609863e-08  3.20000000e-01 
 3.30000000e-01  3.15688297e-09  4.59292738e-01  3.37776569e-09  4.59292738e-01  4.59292738e-01  4.59292738e-01  3.27268437e-09  1.61405191e-07  9.08608904e-08  3.30000000e-01 
 3.40000000e-01  3.15688297e-09  4.59292719e-01  3.37776567e-09  4.59292719e-01  4.59292719e-01  4.59292719e-01  3.27268437e-09  1.61405150e-07  9.08607731e-08  3.40000000e-01 
 3.50000000e-01  3.15688297e-09  4.59292712e-01  3.37776568e-09  4.59292712e-01  4.59292712e-01  4.59292712e-01  3.27268443e-09  1.61405149e-07  9.08606204e-08  3.50000000e-01 
 3.60000000e-01  3.15688303e-09  4.59292700e-01  3.37776562e-09  4.59292700e-01  4.59292700e-01  4.59292699e-01  3.27268437e-09  1.61405121e-07  9.08605848e-08  3.60000000e-01 
 3.70000000e-01  3.15688297e-09  4.59292705e-01  3.37776563e-09  4.59292705e-01  4.59292706e-01  4.59292705e-01  3.27268443e-09  1.61405128e-07  9.08604747e-08  3.70000000e-01 
 3.80000000e-01  3.15688297e-09  4.59292683e-01  3.37776568e-09  4.59292683e-01  4.59292683e-01  4.59292683e-01  3.27268437e-09  1.61405098e-07  9.08603113e-08  3.80000000e-01 
 3.90000000e-01  3.15688303e-09  4.59292727e-01  3.37776567e-09  4.59292727e-01  4.59292727e-01  4.59292727e-01  3.27268437e-09  1.61405168e-07  9.08603326e-08  3.90000000e-01 
 4.00000000e-01  3.15688297e-09  4.59292712e-01  3.37776568e-09  4.59292712e-01  4.59292712e-01  4.59292712e-01  3.27268437e-09  1.61405142e-07  9.08602509e-08  4.00000000e-01 
 4.10000000e-01  3.15688297e-09  4.59292701e-01  3.37776568e-09  4.59292701e-01  4.59292701e-01  4.59292701e-01  3.27268442e-09  1.61405114e-07  9.08600768e-08  4.10000000e-01 
 4.20000000e-01  3.15688297e-09  4.59292697e-01  3.37776567e-09  4.59292697e-01  4.59292697e-01  4.59292697e-01  3.27268442e-09  1.61405100e-07  9.08599489e-08  4.20000000e-01 
 4.30000000e-01  3.15688297e-09  4.59292703e-01  3.37776568e-09  4.59292703e-01  4.59292703e-01  4.59292703e-01  3.27268437e-09  1.61405124e-07  9.08598459e-08  4.30000000e-01 
 4.40000000e-01  3.15688303e-09  4.59292730e-01  3.37776562e-09  4.59292730e-01  4.59292730e-01  4.59292730e-01  3.27268437e-09  1.61405166e-07  9.08599098e-08  4.40000000e-01 
 4.50000000e-01  3.15688297e-09  4.59292722e-01  3.37776569e-09  4.59292722e-01  4.59292722e-01  4.59292722e-01  3.27268443e-09  1.61405144e-07  9.08597855e-08  4.50000000e-01 
 4.60000000e-01  3.15688297e-09  4.59292716e-01  3.37776567e-09  4.59292717e-01  4.59292717e-01  4.59292716e-01  3.27268437e-09  1.61405159e-07  9.08597038e-08  4.60000000e-01 
 4.70000000e-01  3.15688297e-09  4.59292698e-01  3.37776567e-09  4.59292698e-01  4.59292698e-01  4.59292698e-01  3.27268442e-09  1.61405113e-07  9.08596078e-08  4.70000000e-01 
 4.80000000e-01  3.15688297e-09  4.59292717e-01  3.37776568e-09  4.59292717e-01  4.59292717e-01  4.59292717e-01  3.27268437e-09  1.61405153e-07  9.08596611e-08  4.80000000e-01 
 4.90000000e-01  3.15688297e-09  4.59292742e-01  3.37776568e-09  4.59292742e-01  4.59292742e-01  4.59292742e-01  3.27268443e-09  1.61405188e-07  9.08595936e-08  4.90000000e-01 
 5.00000000e-01  3.15688303e-09  4.59292715e-01  3.37776568e-09  4.59292715e-01  4.59292715e-01  4.59292715e-01  3.27268443e-09  1.61405145e-07  9.08594231e-08  5.00000000e-01 
 5.10000000e-01  3.15688303e-09  4.59292727e-01  3.37776568e-09  4.59292727e-01  4.59292727e-01  4.59292727e-01  3.27268443e-09  1.61405158e-07  9.08593663e-08  5.10000000e-01 
 5.20000000e-01  3.15688297e-09  4.59292708e-01  3.37776562e-09  4.59292708e-01  4.59292708e-01  4.59292708e-01  3.27268443e-09  1.61405138e-07  9.08593023e-08  5.20000000e-01 
 5.30000000e-01  3.15688297e-09  4.59292701e-01  3.37776569e-09  4.59292701e-01  4.59292701e-01  4.59292701e-01  3.27268437e-09  1.61405116e-07  9.08590039e-08  5.30000000e-01 
 5.40000000e-01  3.15688303e-09  4.59292700e-01  3.37776561e-09  4.59292700e-01  4.59292700e-01  4.59292700e-01  3.27268437e-09  1.61405116e-07  9.08591673e-08  5.40000000e-01 
 5.50000000e-01  3.15688303e-09  4.59292724e-01  3.37776569e-09  4.59292724e-01  4.59292724e-01  4.59292724e-01  3.27268437e-09  1.61405149e-07  9.08591744e-08  5.50000000e-01 
 5.60000000e-01  3.15688297e-09  4.59292709e-01  3.37776567e-09  4.59292709e-01  4.59292709e-01  4.59292709e-01  3.27268443e-09  1.61405137e-07  9.08589826e-08  5.60000000e-01 
 5.70000000e-01  3.15688303e-09  4.59292716e-01  3.37776568e-09  4.59292716e-01  4.59292716e-01  4.59292716e-01  3.27268443e-09  1.61405142e-07  9.08590323e-08  5.70000000e-01 
 5.80000000e-01  3.15688297e-09  4.59292712e-01  3.37776562e-09  4.59292712e-01  4.59292712e-01  4.59292712e-01  3.27268443e-09  1.61405139e-07  9.08588973e-08  5.80000000e-01 
 5.90000000e-01  3.15688297e-09  4.59292725e-01  3.37776563e-09  4.59292725e-01  4.59292725e-01  4.59292725e-01  3.27268437e-09  1.61405156e-07  9.08588333e-08  5.90000000e-01 
 6.00000000e-01  3.15688297e-09  4.59292746e-01  3.37776568e-09  4.59292747e-01  4.59292747e-01  4.59292746e-01  3.27268443e-09  1.61405187e-07  9.08587339e-08  6.00000000e-01 
 6.10000000e-01  3.15688297e-09  4.59292704e-01  3.37776567e-09  4.59292704e-01  4.59292704e-01  4.59292703e-01  3.27268442e-09  1.61405124e-07  9.08586060e-08  6.10000000e-01 
 6.20000000e-01  3.15688297e-09  4.59292720e-01  3.37776568e-09  4.59292720e-01  4.59292720e-01  4.59292720e-01  3.27268443e-09  1.61405154e-07  9.08585704e-08  6.20000000e-01 
 6.30000000e-01  3.15688297e-09  4.59292720e-01  3.37776568e-09  4.59292720e-01  4.59292720e-01  4.59292720e-01  3.27268437e-09  1.61405160e-07  9.08585349e-08  6.30000000e-01 
 6.40000000e-01  3.15688297e-09  4.59292703e-01  3.37776568e-09  4.59292703e-01  4.59292703e-01  4.59292703e-01  3.27268442e-09  1.61405125e-07  9.08584497e-08  6.40000000e-01 
 6.50000000e-01  3.15688303e-09  4.59292698e-01  3.37776568e-09  4.59292699e-01  4.59292699e-01  4.59292698e-01  3.27268437e-09  1.61405113e-07  9.08583786e-08  6.50000000e-01 
 6.60000000e-01  3.15688303e-09  4.59292702e-01  3.37776568e-09  4.59292702e-01  4.59292702e-01  4.59292702e-01  3.27268442e-09  1.61405118e-07  9.08581228e-08  6.60000000e-01 
 6.70000000e-01  3.15688297e-09  4.59292707e-01  3.37776568e-09  4.59292707e-01  4.59292708e-01  4.59292707e-01  3.27268437e-09  1.61405135e-07  9.08581583e-08  6.70000000e-01 
 6.80000000e-01  3.15688297e-09  4.59292698e-01  3.37776567e-09  4.59292698e-01  4.59292698e-01  4.59292698e-01  3.27268437e-09  1.61405118e-07  9.08581654e-08  6.80000000e-01 
 6.90000000e-01  3.15688297e-09  4.59292696e-01  3.37776567e-09  4.59292696e-01  4.59292696e-01  4.59292696e-01  3.27268442e-09  1.61405116e-07  9.08579239e-08  6.90000000e-01 
 7.00000000e-01  3.15688297e-09  4.59292689e-01  3.37776562e-09  4.59292690e-01  4.59292690e-01  4.59292689e-01  3.27268442e-09  1.61405103e-07  9.08578670e-08  7.00000000e-01 
 7.10000000e-01  3.15688297e-09  4.59292698e-01  3.37776563e-09  4.59292698e-01  4.59292699e-01  4.59292698e-01  3.27268437e-09  1.61405115e-07  9.08578954e-08  7.10000000e-01 
 7.20000000e-01  3.15688297e-09  4.59292709e-01  3.37776562e-09  4.59292709e-01  4.59292709e-01  4.59292709e-01  3.27268443e-09  1.61405136e-07  9.08578599e-08  7.20000000e-01 
 7.30000000e-01  3.15688303e-09  4.59292707e-01  3.37776562e-09  4.59292708e-01  4.59292708e-01  4.59292707e-01  3.27268443e-09  1.61405140e-07  9.08577178e-08  7.30000000e-01 
 7.40000000e-01  3.15688303e-09  4.59292725e-01  3.37776568e-09  4.59292725e-01  4.59292725e-01  4.59292725e-01  3.27268437e-09  1.61405166e-07  9.08578102e-08  7.40000000e-01 
 7.50000000e-01  3.15688297e-09  4.59292683e-01  3.37776567e-09  4.59292684e-01  4.59292684e-01  4.59292683e-01  3.27268442e-09  1.61405102e-07  9.08575331e-08  7.50000000e-01 
 7.60000000e-01  3.15688297e-09  4.59292718e-01  3.37776568e-09  4.59292718e-01  4.59292718e-01  4.59292718e-01  3.27268443e-09  1.61405150e-07  9.08576610e-08  7.60000000e-01 
 7.70000000e-01  3.15688297e-09  4.59292705e-01  3.37776568e-09  4.59292705e-01  4.59292705e-01  4.59292704e-01  3.27268442e-09  1.61405126e-07  9.08573980e-08  7.70000000e-01 
 7.80000000e-01  3.15688297e-09  4.59292712e-01  3.37776568e-09  4.59292712e-01  4.59292712e-01  4.59292712e-01  3.27268437e-09  1.61405129e-07  9.08573199e-08  7.80000000e-01 
 7.90000000e-01  3.15688297e-09  4.59292705e-01  3.37776568e-09  4.59292705e-01  4.59292705e-01  4.59292705e-01  3.27268437e-09  1.61405130e-07  9.08572915e-08  7.90000000e-01 
 8.00000000e-01  3.15688297e-09  4.59292716e-01  3.37776568e-09  4.59292716e-01  4.59292716e-01  4.59292716e-01  3.27268443e-09  1.61405142e-07  9.08572204e-08  8.00000000e-01 
 8.10000000e-01  3.15688297e-09  4.59292716e-01  3.37776568e-09  4.59292716e-01  4.59292716e-01  4.59292716e-01  3.27268443e-09  1.61405140e-07  9.08571138e-08  8.10000000e-01 
 8.20000000e-01  3.15688297e-09  4.59292719e-01  3.37776568e-09  4.59292719e-01  4.59292719e-01  4.59292719e-01  3.27268443e-09  1.61405157e-07  9.08570428e-08  8.20000000e-01 
 8.30000000e-01  3.15688297e-09  4.59292714e-01  3.37776568e-09  4.59292715e-01  4.59292715e-01  4.59292714e-01  3.27268437e-09  1.61405144e-07  9.08570073e-08  8.30000000e-01 
 8.40000000e-01  3.15688297e-09  4.59292701e-01  3.37776568e-09  4.59292701e-01  4.59292701e-01  4.59292701e-01  3.27268442e-09  1.61405133e-07  9.08569646e-08  8.40000000e-01 
 8.50000000e-01  3.15688297e-09  4.59292686e-01  3.37776567e-09  4.59292686e-01  4.59292686e-01  4.59292686e-01  3.27268442e-09  1.61405094e-07  9.08569291e-08  8.50000000e-01 
 8.60000000e-01  3.15688297e-09  4.59292722e-01  3.37776568e-09  4.59292722e-01  4.59292722e-01  4.59292722e-01  3.27268443e-09  1.61405146e-07  9.08568012e-08  8.60000000e-01 
 8.70000000e-01  3.15688297e-09  4.59292725e-01  3.37776562e-09  4.59292725e-01  4.59292725e-01  4.59292725e-01  3.27268443e-09  1.61405155e-07  9.08567799e-08  8.70000000e-01 
 8.80000000e-01  3.15688297e-09  4.59292726e-01  3.37776569e-09  4.59292726e-01  4.59292726e-01  4.59292726e-01  3.27268443e-09  1.61405145e-07  9.08566520e-08  8.80000000e-01 
 8.90000000e-01  3.15688297e-09  4.59292683e-01  3.37776567e-09  4.59292683e-01  4.59292683e-01  4.59292683e-01  3.27268442e-09  1.61405095e-07  9.08565383e-08  8.90000000e-01 
 9.00000000e-01  3.15688303e-09  4.59292694e-01  3.37776567e-09  4.59292694e-01  4.59292694e-01  4.59292693e-01  3.27268437e-09  1.61405116e-07  9.08564175e-08  9.00000000e-01 
 9.10000000e-01  3.15688297e-09  4.59292738e-01  3.37776568e-09  4.59292739e-01  4.59292739e-01  4.59292738e-01  3.27268437e-09  1.61405190e-07  9.08565454e-08  9.10000000e-01 
 9.20000000e-01  3.15688297e-09  4.59292741e-01  3.37776568e-09  4.59292741e-01  4.59292741e-01  4.59292741e-01  3.27268437e-09  1.61405185e-07  9.08564388e-08  9.20000000e-01 
 9.30000000e-01  3.15688303e-09  4.59292710e-01  3.37776568e-09  4.59292710e-01  4.59292710e-01  4.59292709e-01  3.27268443e-09  1.61405134e-07  9.08563962e-08  9.30000000e-01 
 9.40000000e-01  3.15688297e-09  4.59292698e-01  3.37776567e-09  4.59292698e-01  4.59292698e-01  4.59292697e-01  3.27268437e-09  1.61405133e-07  9.08561759e-08  9.40000000e-01 
 9.50000000e-01  3.15688297e-09  4.59292707e-01  3.37776562e-09  4.59292707e-01  4.59292707e-01  4.59292707e-01  3.27268443e-09  1.61405129e-07  9.08561830e-08  9.50000000e-01 
 9.60000000e-01  3.15688303e-09  4.59292701e-01  3.37776569e-09  4.59292701e-01  4.59292701e-01  4.59292701e-01  3.27268437e-09  1.61405124e-07  9.08560764e-08  9.60000000e-01 
 9.70000000e-01  3.15688297e-09  4.59292707e-01  3.37776567e-09  4.59292707e-01  4.59292707e-01  4.59292706e-01  3.27268443e-09  1.61405129e-07  9.08561049e-08  9.70000000e-01 
 9.80000000e-01  3.15688297e-09  4.59292707e-01  3.37776568e-09  4.59292707e-01  4.59292707e-01  4.59292707e-01  3.27268437e-09  1.61405138e-07  9.08559272e-08  9.80000000e-01 
 9.90000000e-01  3.15688297e-09  4.59292712e-01  3.37776568e-09  4.59292712e-01  4.59292712e-01  4.59292712e-01  3.27268437e-09  1.61405147e-07  9.08558278e-08  9.90000000e-01 
 1.00000000e+00  3.15688303e-09  4.59292705e-01  3.37776568e-09  4.59292705e-01  4.59292705e-01  4.59292705e-01  3.27268437e-09  1.61405137e-07  9.08557283e-08  1.00000000e+00 
 1.01000000e+00  3.15688297e-09  4.59292712e-01  3.37776568e-09  4.59292712e-01  4.59292712e-01  4.59292712e-01  3.27268437e-09  1.61405138e-07  9.08558135e-08  1.01000000e+00 
 1.02000000e+00  3.15688297e-09  4.59292723e-01  3.37776568e-09  4.59292723e-01  4.59292723e-01  4.59292723e-01  3.27268437e-09  1.61405167e-07  9.08556004e-08  1.02000000e+00 
 1.03000000e+00  3.15688297e-09  4.59292730e-01  3.37776568e-09  4.59292730e-01  4.59292730e-01  4.59292730e-01  3.27268443e-09  1.61405176e-07  9.08555009e-08  1.03000000e+00 
 1.04000000e+00  3.15688297e-09  4.59292698e-01  3.37776567e-09  4.59292698e-01  4.59292698e-01  4.59292698e-01  3.27268442e-09  1.61405130e-07  9.08554654e-08  1.04000000e+00 
 1.05000000e+00  3.15688297e-09  4.59292707e-01  3.37776568e-09  4.59292707e-01  4.59292707e-01  4.59292707e-01  3.27268443e-09  1.61405124e-07  9.08553019e-08  1.05000000e+00 
 1.06000000e+00  3.15688297e-09  4.59292699e-01  3.37776568e-09  4.59292699e-01  4.59292699e-01  4.59292699e-01  3.27268437e-09  1.61405120e-07  9.08552948e-08  1.06000000e+00 
 1.07000000e+00  3.15688303e-09  4.59292705e-01  3.37776568e-09  4.59292705e-01  4.59292705e-01  4.59292705e-01  3.27268442e-09  1.61405132e-07  9.08551456e-08  1.07000000e+00 
 1.08000000e+00  3.15688297e-09  4.59292706e-01  3.37776568e-09  4.59292706e-01  4.59292706e-01  4.59292706e-01  3.27268437e-09  1.61405132e-07  9.08550390e-08  1.08000000e+00 
 1.09000000e+00  3.15688297e-09  4.59292692e-01  3.37776562e-09  4.59292692e-01  4.59292692e-01  4.59292692e-01  3.27268442e-09  1.61405120e-07  9.08549822e-08  1.09000000e+00 
 1.10000000e+00  3.15688297e-09  4.59292718e-01  3.37776563e-09  4.59292718e-01  4.59292718e-01  4.59292718e-01  3.27268437e-09  1.61405141e-07  9.08550248e-08  1.10000000e+00 
 1.11000000e+00  3.15688297e-09  4.59292707e-01  3.37776562e-09  4.59292707e-01  4.59292707e-01  4.59292707e-01  3.27268437e-09  1.61405131e-07  9.08547975e-08  1.11000000e+00 
 1.12000000e+00  3.15688297e-09  4.59292691e-01  3.37776568e-09  4.59292691e-01  4.59292691e-01  4.59292690e-01  3.27268437e-09  1.61405104e-07  9.08546838e-08  1.12000000e+00 
 1.13000000e+00  3.15688297e-09  4.59292687e-01  3.37776567e-09  4.59292687e-01  4.59292687e-01  4.59292687e-01  3.27268437e-09  1.61405100e-07  9.08546696e-08  1.13000000e+00 
 1.14000000e+00  3.15688303e-09  4.59292705e-01  3.37776568e-09  4.59292706e-01  4.59292706e-01  4.59292705e-01  3.27268437e-09  1.61405130e-07  9.08545985e-08  1.14000000e+00 
 1.15000000e+00  3.15688297e-09  4.59292729e-01  3.37776568e-09  4.59292729e-01  4.59292729e-01  4.59292729e-01  3.27268443e-09  1.61405175e-07  9.08544848e-08  1.15000000e+00 
 1.16000000e+00  3.15688297e-09  4.59292705e-01  3.37776568e-09  4.59292705e-01  4.59292705e-01  4.59292705e-01  3.27268437e-09  1.61405132e-07  9.08544706e-08  1.16000000e+00 
 1.17000000e+00  3.15688303e-09  4.59292711e-01  3.37776568e-09  4.59292711e-01  4.59292711e-01  4.59292711e-01  3.27268437e-09  1.61405137e-07  9.08543001e-08  1.17000000e+00 
 1.18000000e+00  3.15688303e-09  4.59292704e-01  3.37776562e-09  4.59292704e-01  4.59292704e-01  4.59292704e-01  3.27268437e-09  1.61405128e-07  9.08541580e-08  1.18000000e+00 
 1.19000000e+00  3.15688297e-09  4.59292683e-01  3.37776569e-09  4.59292683e-01  4.59292683e-01  4.59292682e-01  3.27268437e-09  1.61405084e-07  9.08541296e-08  1.19000000e+00 
 1.20000000e+00  3.15688297e-09  4.59292712e-01  3.37776567e-09  4.59292712e-01  4.59292712e-01  4.59292712e-01  3.27268443e-09  1.61405132e-07  9.08541296e-08  1.20000000e+00 
 1.21000000e+00  3.15688297e-09  4.59292706e-01  3.37776568e-09  4.59292706e-01  4.59292706e-01  4.59292706e-01  3.27268437e-09  1.61405139e-07  9.08539022e-08  1.21000000e+00 
 1.22000000e+00  3.15688303e-09  4.59292706e-01  3.37776568e-09  4.59292706e-01  4.59292706e-01  4.59292706e-01  3.27268443e-09  1.61405137e-07  9.08538311e-08  1.22000000e+00 
 1.23000000e+00  3.15688297e-09  4.59292701e-01  3.37776568e-09  4.59292701e-01  4.59292701e-01  4.59292701e-01  3.27268442e-09  1.61405128e-07  9.08538027e-08  1.23000000e+00 
 1.24000000e+00  3.15688297e-09  4.59292707e-01  3.37776568e-09  4.59292707e-01  4.59292707e-01  4.59292707e-01  3.27268443e-09  1.61405136e-07  9.08536464e-08  1.24000000e+00 
 1.25000000e+00  3.15688297e-09  4.59292687e-01  3.37776562e-09  4.59292687e-01  4.59292687e-01  4.59292687e-01  3.27268437e-09  1.61405112e-07  9.08535043e-08  1.25000000e+00 
 1.26000000e+00  3.15688297e-09  4.59292712e-01  3.37776569e-09  4.59292712e-01  4.59292712e-01  4.59292712e-01  3.27268443e-09  1.61405139e-07  9.08534474e-08  1.26000000e+00 
 1.27000000e+00  3.15688297e-09  4.59292709e-01  3.37776567e-09  4.59292710e-01  4.59292710e-01  4.59292709e-01  3.27268443e-09  1.61405123e-07  9.08533480e-08  1.27000000e+00 
 1.28000000e+00  3.15688303e-09  4.59292715e-01  3.37776568e-09  4.59292715e-01  4.59292715e-01  4.59292715e-01  3.27268443e-09  1.61405145e-07  9.08532343e-08  1.28000000e+00 
 1.29000000e+00  3.15688297e-09  4.59292727e-01  3.37776568e-09  4.59292727e-01  4.59292727e-01  4.59292727e-01  3.27268443e-09  1.61405153e-07  9.08532485e-08  1.29000000e+00 
 1.30000000e+00  3.15688303e-09  4.59292715e-01  3.37776568e-09  4.59292715e-01  4.59292715e-01  4.59292715e-01  3.27268443e-09  1.61405135e-07  9.08531206e-08  1.30000000e+00 
 1.31000000e+00  3.15688297e-09  4.59292711e-01  3.37776568e-09  4.59292711e-01  4.59292711e-01  4.59292711e-01  3.27268437e-09  1.61405138e-07  9.08529216e-08  1.31000000e+00 
 1.32000000e+00  3.15688297e-09  4.59292708e-01  3.37776568e-09  4.59292708e-01  4.59292708e-01  4.59292707e-01  3.27268437e-09  1.61405145e-07  9.08527653e-08  1.32000000e+00 
 1.33000000e+00  3.15688297e-09  4.59292708e-01  3.37776568e-09  4.59292708e-01  4.59292708e-01  4.59292708e-01  3.27268437e-09  1.61405144e-07  9.08526800e-08  1.33000000e+00 
 1.34000000e+00  3.15688297e-09  4.59292733e-01  3.37776562e-09  4.59292733e-01  4.59292733e-01  4.59292733e-01  3.27268443e-09  1.61405168e-07  9.08525664e-08  1.34000000e+00 
 1.35000000e+00  3.15688297e-09  4.59292693e-01  3.37776563e-09  4.59292693e-01  4.59292693e-01  4.59292693e-01  3.27268442e-09  1.61405111e-07  9.08523674e-08  1.35000000e+00 
 1.36000000e+00  3.15688303e-09  4.59292707e-01  3.37776568e-09  4.59292707e-01  4.59292707e-01  4.59292707e-01  3.27268443e-09  1.61405141e-07  9.08523390e-08  1.36000000e+00 
 1.37000000e+00  3.15688297e-09  4.59292727e-01  3.37776567e-09  4.59292727e-01  4.59292727e-01  4.59292727e-01  3.27268437e-09  1.61405157e-07  9.08522111e-08  1.37000000e+00 
 1.38000000e+00  3.15688297e-09  4.59292697e-01  3.37776567e-09  4.59292697e-01  4.59292697e-01  4.59292697e-01  3.27268437e-09  1.61405120e-07  9.08520690e-08  1.38000000e+00 
 1.39000000e+00  3.15688303e-09  4.59292704e-01  3.37776568e-09  4.59292704e-01  4.59292704e-01  4.59292704e-01  3.27268442e-09  1.61405127e-07  9.08518842e-08  1.39000000e+00 
 1.40000000e+00  3.15688303e-09  4.59292714e-01  3.37776568e-09  4.59292714e-01  4.59292714e-01  4.59292714e-01  3.27268443e-09  1.61405158e-07  9.08517421e-08  1.40000000e+00 
 1.41000000e+00  3.15688297e-09  4.59292708e-01  3.37776568e-09  4.59292708e-01  4.59292708e-01  4.59292708e-01  3.27268437e-09  1.61405124e-07  9.08516000e-08  1.41000000e+00 
 1.42000000e+00  3.15688303e-09  4.59292730e-01  3.37776568e-09  4.59292730e-01  4.59292730e-01  4.59292730e-01  3.27268443e-09  1.61405171e-07  9.08513158e-08  1.42000000e+00 
 1.43000000e+00  3.15688297e-09  4.59292707e-01  3.37776568e-09  4.59292707e-01  4.59292707e-01  4.59292707e-01  3.27268437e-09  1.61405139e-07  9.08511879e-08  1.43000000e+00 
 1.44000000e+00  3.15688297e-09  4.59292709e-01  3.37776568e-09  4.59292709e-01  4.59292709e-01  4.59292709e-01  3.27268437e-09  1.61405134e-07  9.08508895e-08  1.44000000e+00 
 1.45000000e+00  3.15688303e-09  4.59292695e-01  3.37776567e-09  4.59292695e-01  4.59292695e-01  4.59292695e-01  3.27268437e-09  1.61405131e-07  9.08505768e-08  1.45000000e+00 
 1.46000000e+00  3.15688297e-09  4.59292714e-01  3.37776568e-09  4.59292714e-01  4.59292714e-01  4.59292714e-01  3.27268443e-09  1.61405141e-07  9.08503353e-08  1.46000000e+00 
 1.47000000e+00  3.15688297e-09  4.59292725e-01  3.37776568e-09  4.59292725e-01  4.59292725e-01  4.59292725e-01  3.27268443e-09  1.61405155e-07  9.08501789e-08  1.47000000e+00 
 1.48000000e+00  3.15688297e-09  4.59292721e-01  3.37776568e-09  4.59292721e-01  4.59292721e-01  4.59292721e-01  3.27268437e-09  1.61405140e-07  9.08497810e-08  1.48000000e+00 
 1.49000000e+00  3.15688297e-09  4.59292713e-01  3.37776568e-09  4.59292713e-01  4.59292713e-01  4.59292713e-01  3.27268443e-09  1.61405137e-07  9.08493405e-08  1.49000000e+00 
 1.50000000e+00  3.15688297e-09  4.59292702e-01  3.37776568e-09  4.59292702e-01  4.59292702e-01  4.59292702e-01  3.27268437e-09  1.61405129e-07  9.08487294e-08  1.50000000e+00 
 1.51000000e+00  3.15688297e-09  4.59292704e-01  3.37776562e-09  4.59292704e-01  4.59292704e-01  4.59292704e-01  3.27268442e-09  1.61405129e-07  9.08481042e-08  1.51000000e+00 
 1.52000000e+00  3.15688303e-09  4.59292711e-01  3.37776563e-09  4.59292711e-01  4.59292711e-01  4.59292711e-01  3.27268443e-09  1.61405144e-07  9.08473652e-08  1.52000000e+00 
 1.53000000e+00  3.15688297e-09  4.59292706e-01  3.37776568e-09  4.59292706e-01  4.59292706e-01  4.59292706e-01  3.27268437e-09  1.61405132e-07  9.08460862e-08  1.53000000e+00 
 1.54000000e+00  3.15688297e-09  4.59292716e-01  3.37776567e-09  4.59292716e-01  4.59292716e-01  4.59292716e-01  3.27268437e-09  1.61405153e-07  9.08446367e-08  1.54000000e+00 
 1.55000000e+00  3.15688297e-09  4.59292728e-01  3.37776568e-09  4.59292728e-01  4.59292728e-01  4.59292728e-01  3.27268443e-09  1.61405150e-07  9.08426045e-08  1.55000000e+00 
 1.56000000e+00  3.15688297e-09  4.59292721e-01  3.37776568e-09  4.59292721e-01  4.59292721e-01  4.59292721e-01  3.27268437e-09  1.61405156e-07  9.08392650e-08  1.56000000e+00 
 1.57000000e+00  3.15688297e-09  4.59292691e-01  3.37776567e-09  4.59292691e-01  4.59292691e-01  4.59292691e-01  3.27268437e-09  1.61405107e-07  9.08343907e-08  1.57000000e+00 
 1.58000000e+00  3.15688303e-09  4.59292720e-01  3.37776568e-09  4.59292720e-01  4.59292720e-01  4.59292720e-01  3.27268443e-09  1.61405152e-07  9.08262336e-08  1.58000000e+00 
 1.59000000e+00  3.15688303e-09  4.59292726e-01  3.37776568e-09  4.59292726e-01  4.59292726e-01  4.59292726e-01  3.27268437e-09  1.61405156e-07  9.08118665e-08  1.59000000e+00 
 1.60000000e+00  3.15688297e-09  4.59292722e-01  3.37776568e-09  4.59292722e-01  4.59292722e-01  4.59292722e-01  3.27268443e-09  1.61405169e-07  9.07860738e-08  1.60000000e+00 
 1.61000000e+00  3.15688297e-09  4.59292710e-01  3.37776568e-09  4.59292710e-01  4.59292710e-01  4.59292709e-01  3.27268437e-09  1.61405124e-07  9.07375721e-08  1.61000000e+00 
 1.62000000e+00  3.15688303e-09  4.59292728e-01  3.37776568e-09  4.59292728e-01  4.59292728e-01  4.59292728e-01  3.27268443e-09  1.61405157e-07  9.06376982e-08  1.62000000e+00 
 1.63000000e+00  3.15688297e-09  4.59292716e-01  3.37776563e-09  4.59292716e-01  4.59292716e-01  4.59292716e-01  3.27268437e-09  1.61405144e-07  9.03491184e-08  1.63000000e+00 
 1.64000000e+00  3.15688297e-09  4.59292714e-01  3.37776568e-09  4.59292714e-01  4.59292714e-01  4.59292713e-01  3.27268443e-09  1.61405148e-07  8.93018068e-08  1.64000000e+00 
 1.65000000e+00  3.15688297e-09  4.59292696e-01  3.37776562e-09  4.59292696e-01  4.59292696e-01  4.59292696e-01  3.27268442e-09  1.61405124e-07  8.68846399e-08  1.65000000e+00 
 1.66000000e+00  3.15688303e-09  4.59292724e-01  3.37776568e-09  4.59292724e-01  4.59292724e-01  4.59292724e-01  3.27268443e-09  1.61405160e-07  7.06815797e-08  1.66000000e+00 
 1.67000000e+00  3.15688303e-09  4.59292717e-01  3.37776568e-09  4.59292718e-01  4.59292718e-01  4.59292717e-01  3.27268443e-09  1.61405144e-07  5.69787204e-08  1.67000000e+00 
 1.68000000e+00  3.15688297e-09  4.59292722e-01  3.37776563e-09  4.59292722e-01  4.59292722e-01  4.59292722e-01  3.27268443e-09  1.61405148e-07  4.55389966e-08  1.68000000e+00 
 1.69000000e+00  3.15688303e-09  4.59292699e-01  3.37776563e-09  4.59292699e-01  4.59292699e-01  4.59292699e-01  3.27268437e-09  1.61405122e-07  3.60669929e-08  1.69000000e+00 
 1.70000000e+00  3.15688303e-09  4.59292691e-01  3.37776568e-09  4.59292691e-01  4.59292691e-01  4.59292691e-01  3.27268437e-09  1.61405125e-07  2.82704633e-08  1.70000000e+00 
 1.71000000e+00  3.15688303e-09  4.59292729e-01  3.37776567e-09  4.59292729e-01  4.59292729e-01  4.59292729e-01  3.27268437e-09  1.61405154e-07  2.18805667e-08  1.71000000e+00 
 1.72000000e+00  3.15688297e-09  4.59292724e-01  3.37776568e-09  4.59292724e-01  4.59292724e-01  4.59292724e-01  3.27268437e-09  1.61405153e-07  1.66580918e-08  1.72000000e+00 
 1.73000000e+00  3.15688297e-09  4.59292689e-01  3.37776567e-09  4.59292689e-01  4.59292689e-01  4.59292688e-01  3.27268442e-09  1.61405110e-07  1.23957022e-08  1.73000000e+00 
 1.74000000e+00  3.15688297e-09  4.59292718e-01  3.37776568e-09  4.59292718e-01  4.59292718e-01  4.59292718e-01  3.27268437e-09  1.61405152e-07  8.91448337e-09  1.74000000e+00 
 1.75000000e+00  3.15688297e-09  4.59292711e-01  3.37776562e-09  4.59292711e-01  4.59292711e-01  4.59292711e-01  3.27268437e-09  1.61405137e-07  6.05811579e-09  1.75000000e+00 
 1.76000000e+00  3.15688297e-09  4.59292708e-01  3.37776569e-09  4.59292708e-01  4.59292708e-01  4.59292708e-01  3.27268443e-09  1.61405140e-07  3.69325903e-09  1.76000000e+00 
 1.77000000e+00  3.15688297e-09  4.59292712e-01  3.37776567e-09  4.59292712e-01  4.59292712e-01  4.59292712e-01  3.27268443e-09  1.61405142e-07  1.71512227e-09  1.77000000e+00 
 1.78000000e+00  3.15688297e-09  4.59292719e-01  3.37776568e-09  4.59292719e-01  4.59292719e-01  4.59292719e-01  3.27268443e-09  1.61405152e-07  5.97282224e-11  1.78000000e+00 
 1.79000000e+00  3.15688303e-09  4.59292721e-01  3.37776568e-09  4.59292721e-01  4.59292721e-01  4.59292721e-01  3.27268437e-09  1.61405163e-07 -1.29236355e-09  1.79000000e+00 
 1.80000000e+00  3.15688297e-09  4.59292727e-01  3.37776568e-09  4.59292727e-01  4.59292727e-01  4.59292727e-01  3.27268437e-09  1.61405145e-07 -2.33961828e-09  1.80000000e+00 
