 v-sweep         v(b0)           v(b1)           v(b2)           v(b3)           v(b4)           v(b5)           v(b6)           i(vbias)        i(viout)        v(vout)        
 0.00000000e+00  4.57425450e-01  3.43339602e-09  3.16670979e-09  4.57425450e-01  4.57425450e-01  4.57425450e-01  4.57425450e-01  1.56797948e-07  1.73924284e-07  0.00000000e+00 
 1.00000000e-02  4.57425469e-01  3.43339605e-09  3.16670982e-09  4.57425469e-01  4.57425469e-01  4.57425469e-01  4.57425469e-01  1.56797985e-07  1.73923893e-07  1.00000000e-02 
 2.00000000e-02  4.57425440e-01  3.43339600e-09  3.16670977e-09  4.57425440e-01  4.57425440e-01  4.57425440e-01  4.57425440e-01  1.56797958e-07  1.73923336e-07  2.00000000e-02 
 3.00000000e-02  4.57425442e-01  3.43339605e-09  3.16670982e-09  4.57425442e-01  4.57425442e-01  4.57425442e-01  4.57425442e-01  1.56797956e-07  1.73922927e-07  3.00000000e-02 
 4.00000000e-02  4.57425459e-01  3.43339600e-09  3.16670982e-09  4.57425458e-01  4.57425458e-01  4.57425459e-01  4.57425458e-01  1.56797983e-07  1.73922572e-07  4.00000000e-02 
 5.00000000e-02  4.57425471e-01  3.43339600e-09  3.16670982e-09  4.57425471e-01  4.57425471e-01  4.57425471e-01  4.57425471e-01  1.56797995e-07  1.73922202e-07  5.00000000e-02 
 6.00000000e-02  4.57425459e-01  3.43339600e-09  3.16670982e-09  4.57425459e-01  4.57425459e-01  4.57425459e-01  4.57425459e-01  1.56797976e-07  1.73921812e-07  6.00000000e-02 
 7.00000000e-02  4.57425450e-01  3.43339600e-09  3.16670982e-09  4.57425450e-01  4.57425450e-01  4.57425450e-01  4.57425450e-01  1.56797958e-07  1.73921431e-07  7.00000000e-02 
 8.00000000e-02  4.57425465e-01  3.43339600e-09  3.16670982e-09  4.57425465e-01  4.57425465e-01  4.57425465e-01  4.57425465e-01  1.56797982e-07  1.73921079e-07  8.00000000e-02 
 9.00000000e-02  4.57425449e-01  3.43339600e-09  3.16670982e-09  4.57425449e-01  4.57425449e-01  4.57425449e-01  4.57425449e-01  1.56797961e-07  1.73920726e-07  9.00000000e-02 
 1.00000000e-01  4.57425440e-01  3.43339600e-09  3.16670982e-09  4.57425440e-01  4.57425440e-01  4.57425440e-01  4.57425440e-01  1.56797954e-07  1.73920346e-07  1.00000000e-01 
 1.10000000e-01  4.57425435e-01  3.43339600e-09  3.16670982e-09  4.57425435e-01  4.57425435e-01  4.57425435e-01  4.57425435e-01  1.56797942e-07  1.73919968e-07  1.10000000e-01 
 1.20000000e-01  4.57425465e-01  3.43339600e-09  3.16670982e-09  4.57425465e-01  4.57425465e-01  4.57425465e-01  4.57425465e-01  1.56797982e-07  1.73919795e-07  1.20000000e-01 
 1.30000000e-01  4.57425457e-01  3.43339605e-09  3.16670977e-09  4.57425457e-01  4.57425457e-01  4.57425457e-01  4.57425457e-01  1.56797985e-07  1.73919537e-07  1.30000000e-01 
 1.40000000e-01  4.57425458e-01  3.43339600e-09  3.16670982e-09  4.57425458e-01  4.57425458e-01  4.57425458e-01  4.57425458e-01  1.56797971e-07  1.73919215e-07  1.40000000e-01 
 1.50000000e-01  4.57425442e-01  3.43339600e-09  3.16670977e-09  4.57425442e-01  4.57425442e-01  4.57425442e-01  4.57425442e-01  1.56797943e-07  1.73918863e-07  1.50000000e-01 
 1.60000000e-01  4.57425463e-01  3.43339600e-09  3.16670977e-09  4.57425463e-01  4.57425463e-01  4.57425463e-01  4.57425463e-01  1.56797991e-07  1.73918835e-07  1.60000000e-01 
 1.70000000e-01  4.57425465e-01  3.43339600e-09  3.16670977e-09  4.57425465e-01  4.57425465e-01  4.57425465e-01  4.57425465e-01  1.56797995e-07  1.73918401e-07  1.70000000e-01 
 1.80000000e-01  4.57425449e-01  3.43339605e-09  3.16670982e-09  4.57425449e-01  4.57425449e-01  4.57425449e-01  4.57425449e-01  1.56797957e-07  1.73918163e-07  1.80000000e-01 
 1.90000000e-01  4.57425492e-01  3.43339600e-09  3.16670983e-09  4.57425492e-01  4.57425492e-01  4.57425492e-01  4.57425492e-01  1.56798027e-07  1.73918062e-07  1.90000000e-01 
 2.00000000e-01  4.57425448e-01  3.43339600e-09  3.16670982e-09  4.57425448e-01  4.57425448e-01  4.57425448e-01  4.57425448e-01  1.56797959e-07  1.73917657e-07  2.00000000e-01 
 2.10000000e-01  4.57425458e-01  3.43339600e-09  3.16670977e-09  4.57425458e-01  4.57425458e-01  4.57425458e-01  4.57425458e-01  1.56797981e-07  1.73917439e-07  2.10000000e-01 
 2.20000000e-01  4.57425453e-01  3.43339600e-09  3.16670977e-09  4.57425453e-01  4.57425453e-01  4.57425453e-01  4.57425453e-01  1.56797964e-07  1.73917167e-07  2.20000000e-01 
 2.30000000e-01  4.57425467e-01  3.43339600e-09  3.16670982e-09  4.57425467e-01  4.57425467e-01  4.57425467e-01  4.57425467e-01  1.56797992e-07  1.73916970e-07  2.30000000e-01 
 2.40000000e-01  4.57425454e-01  3.43339600e-09  3.16670982e-09  4.57425454e-01  4.57425454e-01  4.57425454e-01  4.57425454e-01  1.56797965e-07  1.73916872e-07  2.40000000e-01 
 2.50000000e-01  4.57425478e-01  3.43339605e-09  3.16670982e-09  4.57425478e-01  4.57425478e-01  4.57425478e-01  4.57425478e-01  1.56798000e-07  1.73916785e-07  2.50000000e-01 
 2.60000000e-01  4.57425441e-01  3.43339600e-09  3.16670982e-09  4.57425441e-01  4.57425441e-01  4.57425441e-01  4.57425441e-01  1.56797960e-07  1.73916453e-07  2.60000000e-01 
 2.70000000e-01  4.57425465e-01  3.43339600e-09  3.16670982e-09  4.57425465e-01  4.57425465e-01  4.57425465e-01  4.57425465e-01  1.56797999e-07  1.73916384e-07  2.70000000e-01 
 2.80000000e-01  4.57425483e-01  3.43339600e-09  3.16670982e-09  4.57425483e-01  4.57425483e-01  4.57425483e-01  4.57425483e-01  1.56798018e-07  1.73916305e-07  2.80000000e-01 
 2.90000000e-01  4.57425458e-01  3.43339600e-09  3.16670977e-09  4.57425458e-01  4.57425458e-01  4.57425458e-01  4.57425458e-01  1.56797978e-07  1.73916071e-07  2.90000000e-01 
 3.00000000e-01  4.57425443e-01  3.43339600e-09  3.16670982e-09  4.57425443e-01  4.57425443e-01  4.57425443e-01  4.57425443e-01  1.56797967e-07  1.73915740e-07  3.00000000e-01 
 3.10000000e-01  4.57425477e-01  3.43339600e-09  3.16670982e-09  4.57425477e-01  4.57425477e-01  4.57425477e-01  4.57425477e-01  1.56798012e-07  1.73915687e-07  3.10000000e-01 
 3.20000000e-01  4.57425449e-01  3.43339600e-09  3.16670977e-09  4.57425449e-01  4.57425449e-01  4.57425449e-01  4.57425449e-01  1.56797973e-07  1.73915371e-07  3.20000000e-01 
 3.30000000e-01  4.57425452e-01  3.43339600e-09  3.16670982e-09  4.57425452e-01  4.57425452e-01  4.57425452e-01  4.57425452e-01  1.56797972e-07  1.73915350e-07  3.30000000e-01 
 3.40000000e-01  4.57425462e-01  3.43339600e-09  3.16670982e-09  4.57425462e-01  4.57425462e-01  4.57425462e-01  4.57425462e-01  1.56797976e-07  1.73915119e-07  3.40000000e-01 
 3.50000000e-01  4.57425456e-01  3.43339600e-09  3.16670982e-09  4.57425456e-01  4.57425456e-01  4.57425456e-01  4.57425456e-01  1.56797981e-07  1.73915012e-07  3.50000000e-01 
 3.60000000e-01  4.57425451e-01  3.43339600e-09  3.16670977e-09  4.57425450e-01  4.57425450e-01  4.57425451e-01  4.57425450e-01  1.56797970e-07  1.73914810e-07  3.60000000e-01 
 3.70000000e-01  4.57425431e-01  3.43339600e-09  3.16670982e-09  4.57425431e-01  4.57425431e-01  4.57425431e-01  4.57425431e-01  1.56797935e-07  1.73914607e-07  3.70000000e-01 
 3.80000000e-01  4.57425443e-01  3.43339600e-09  3.16670982e-09  4.57425443e-01  4.57425443e-01  4.57425443e-01  4.57425443e-01  1.56797955e-07  1.73914419e-07  3.80000000e-01 
 3.90000000e-01  4.57425445e-01  3.43339600e-09  3.16670977e-09  4.57425445e-01  4.57425445e-01  4.57425445e-01  4.57425445e-01  1.56797957e-07  1.73914266e-07  3.90000000e-01 
 4.00000000e-01  4.57425454e-01  3.43339600e-09  3.16670982e-09  4.57425454e-01  4.57425454e-01  4.57425454e-01  4.57425454e-01  1.56797978e-07  1.73914312e-07  4.00000000e-01 
 4.10000000e-01  4.57425456e-01  3.43339600e-09  3.16670982e-09  4.57425456e-01  4.57425456e-01  4.57425456e-01  4.57425456e-01  1.56797968e-07  1.73914064e-07  4.10000000e-01 
 4.20000000e-01  4.57425459e-01  3.43339600e-09  3.16670977e-09  4.57425459e-01  4.57425459e-01  4.57425459e-01  4.57425459e-01  1.56797972e-07  1.73913890e-07  4.20000000e-01 
 4.30000000e-01  4.57425468e-01  3.43339600e-09  3.16670977e-09  4.57425468e-01  4.57425468e-01  4.57425468e-01  4.57425468e-01  1.56797980e-07  1.73913765e-07  4.30000000e-01 
 4.40000000e-01  4.57425501e-01  3.43339606e-09  3.16670977e-09  4.57425501e-01  4.57425501e-01  4.57425501e-01  4.57425501e-01  1.56798035e-07  1.73913730e-07  4.40000000e-01 
 4.50000000e-01  4.57425449e-01  3.43339605e-09  3.16670982e-09  4.57425449e-01  4.57425449e-01  4.57425449e-01  4.57425449e-01  1.56797955e-07  1.73913531e-07  4.50000000e-01 
 4.60000000e-01  4.57425458e-01  3.43339605e-09  3.16670982e-09  4.57425458e-01  4.57425458e-01  4.57425458e-01  4.57425458e-01  1.56797985e-07  1.73913325e-07  4.60000000e-01 
 4.70000000e-01  4.57425436e-01  3.43339600e-09  3.16670982e-09  4.57425436e-01  4.57425436e-01  4.57425436e-01  4.57425436e-01  1.56797938e-07  1.73913122e-07  4.70000000e-01 
 4.80000000e-01  4.57425431e-01  3.43339600e-09  3.16670982e-09  4.57425431e-01  4.57425431e-01  4.57425431e-01  4.57425431e-01  1.56797942e-07  1.73913012e-07  4.80000000e-01 
 4.90000000e-01  4.57425458e-01  3.43339600e-09  3.16670982e-09  4.57425458e-01  4.57425458e-01  4.57425458e-01  4.57425458e-01  1.56797961e-07  1.73912916e-07  4.90000000e-01 
 5.00000000e-01  4.57425445e-01  3.43339605e-09  3.16670982e-09  4.57425444e-01  4.57425444e-01  4.57425445e-01  4.57425445e-01  1.56797959e-07  1.73912770e-07  5.00000000e-01 
 5.10000000e-01  4.57425451e-01  3.43339600e-09  3.16670982e-09  4.57425451e-01  4.57425451e-01  4.57425451e-01  4.57425451e-01  1.56797969e-07  1.73912600e-07  5.10000000e-01 
 5.20000000e-01  4.57425446e-01  3.43339600e-09  3.16670982e-09  4.57425445e-01  4.57425445e-01  4.57425445e-01  4.57425445e-01  1.56797943e-07  1.73912536e-07  5.20000000e-01 
 5.30000000e-01  4.57425474e-01  3.43339600e-09  3.16670982e-09  4.57425473e-01  4.57425473e-01  4.57425474e-01  4.57425473e-01  1.56797994e-07  1.73912419e-07  5.30000000e-01 
 5.40000000e-01  4.57425434e-01  3.43339600e-09  3.16670982e-09  4.57425434e-01  4.57425434e-01  4.57425434e-01  4.57425434e-01  1.56797944e-07  1.73912156e-07  5.40000000e-01 
 5.50000000e-01  4.57425453e-01  3.43339600e-09  3.16670982e-09  4.57425453e-01  4.57425453e-01  4.57425453e-01  4.57425453e-01  1.56797976e-07  1.73912223e-07  5.50000000e-01 
 5.60000000e-01  4.57425465e-01  3.43339600e-09  3.16670977e-09  4.57425465e-01  4.57425465e-01  4.57425465e-01  4.57425465e-01  1.56797984e-07  1.73912067e-07  5.60000000e-01 
 5.70000000e-01  4.57425451e-01  3.43339600e-09  3.16670977e-09  4.57425451e-01  4.57425451e-01  4.57425451e-01  4.57425451e-01  1.56797975e-07  1.73911850e-07  5.70000000e-01 
 5.80000000e-01  4.57425445e-01  3.43339600e-09  3.16670982e-09  4.57425445e-01  4.57425445e-01  4.57425445e-01  4.57425445e-01  1.56797948e-07  1.73911658e-07  5.80000000e-01 
 5.90000000e-01  4.57425455e-01  3.43339600e-09  3.16670982e-09  4.57425455e-01  4.57425455e-01  4.57425455e-01  4.57425455e-01  1.56797961e-07  1.73911580e-07  5.90000000e-01 
 6.00000000e-01  4.57425436e-01  3.43339600e-09  3.16670982e-09  4.57425436e-01  4.57425436e-01  4.57425436e-01  4.57425436e-01  1.56797959e-07  1.73911417e-07  6.00000000e-01 
 6.10000000e-01  4.57425441e-01  3.43339600e-09  3.16670982e-09  4.57425441e-01  4.57425441e-01  4.57425441e-01  4.57425441e-01  1.56797960e-07  1.73911346e-07  6.10000000e-01 
 6.20000000e-01  4.57425450e-01  3.43339600e-09  3.16670982e-09  4.57425450e-01  4.57425450e-01  4.57425450e-01  4.57425450e-01  1.56797979e-07  1.73911239e-07  6.20000000e-01 
 6.30000000e-01  4.57425456e-01  3.43339600e-09  3.16670977e-09  4.57425455e-01  4.57425455e-01  4.57425456e-01  4.57425456e-01  1.56797969e-07  1.73911140e-07  6.30000000e-01 
 6.40000000e-01  4.57425467e-01  3.43339600e-09  3.16670982e-09  4.57425466e-01  4.57425466e-01  4.57425466e-01  4.57425466e-01  1.56797979e-07  1.73910955e-07  6.40000000e-01 
 6.50000000e-01  4.57425461e-01  3.43339600e-09  3.16670982e-09  4.57425461e-01  4.57425461e-01  4.57425461e-01  4.57425461e-01  1.56797991e-07  1.73910820e-07  6.50000000e-01 
 6.60000000e-01  4.57425447e-01  3.43339600e-09  3.16670982e-09  4.57425447e-01  4.57425447e-01  4.57425447e-01  4.57425447e-01  1.56797957e-07  1.73910621e-07  6.60000000e-01 
 6.70000000e-01  4.57425469e-01  3.43339600e-09  3.16670977e-09  4.57425469e-01  4.57425469e-01  4.57425469e-01  4.57425469e-01  1.56797994e-07  1.73910578e-07  6.70000000e-01 
 6.80000000e-01  4.57425451e-01  3.43339605e-09  3.16670982e-09  4.57425451e-01  4.57425451e-01  4.57425451e-01  4.57425451e-01  1.56797968e-07  1.73910294e-07  6.80000000e-01 
 6.90000000e-01  4.57425449e-01  3.43339600e-09  3.16670977e-09  4.57425448e-01  4.57425448e-01  4.57425449e-01  4.57425448e-01  1.56797964e-07  1.73910252e-07  6.90000000e-01 
 7.00000000e-01  4.57425438e-01  3.43339605e-09  3.16670982e-09  4.57425437e-01  4.57425437e-01  4.57425437e-01  4.57425437e-01  1.56797952e-07  1.73910031e-07  7.00000000e-01 
 7.10000000e-01  4.57425455e-01  3.43339600e-09  3.16670982e-09  4.57425455e-01  4.57425455e-01  4.57425455e-01  4.57425455e-01  1.56797975e-07  1.73909989e-07  7.10000000e-01 
 7.20000000e-01  4.57425454e-01  3.43339605e-09  3.16670982e-09  4.57425454e-01  4.57425454e-01  4.57425454e-01  4.57425454e-01  1.56797977e-07  1.73909854e-07  7.20000000e-01 
 7.30000000e-01  4.57425439e-01  3.43339600e-09  3.16670982e-09  4.57425439e-01  4.57425439e-01  4.57425439e-01  4.57425439e-01  1.56797948e-07  1.73909605e-07  7.30000000e-01 
 7.40000000e-01  4.57425445e-01  3.43339605e-09  3.16670977e-09  4.57425445e-01  4.57425445e-01  4.57425445e-01  4.57425445e-01  1.56797951e-07  1.73909449e-07  7.40000000e-01 
 7.50000000e-01  4.57425461e-01  3.43339600e-09  3.16670977e-09  4.57425461e-01  4.57425461e-01  4.57425461e-01  4.57425461e-01  1.56797974e-07  1.73909442e-07  7.50000000e-01 
 7.60000000e-01  4.57425436e-01  3.43339600e-09  3.16670982e-09  4.57425436e-01  4.57425436e-01  4.57425436e-01  4.57425436e-01  1.56797939e-07  1.73909314e-07  7.60000000e-01 
 7.70000000e-01  4.57425439e-01  3.43339600e-09  3.16670982e-09  4.57425439e-01  4.57425439e-01  4.57425439e-01  4.57425439e-01  1.56797940e-07  1.73909143e-07  7.70000000e-01 
 7.80000000e-01  4.57425439e-01  3.43339600e-09  3.16670982e-09  4.57425439e-01  4.57425439e-01  4.57425439e-01  4.57425439e-01  1.56797949e-07  1.73909029e-07  7.80000000e-01 
 7.90000000e-01  4.57425483e-01  3.43339600e-09  3.16670982e-09  4.57425483e-01  4.57425483e-01  4.57425483e-01  4.57425483e-01  1.56798023e-07  1.73908909e-07  7.90000000e-01 
 8.00000000e-01  4.57425456e-01  3.43339600e-09  3.16670982e-09  4.57425456e-01  4.57425456e-01  4.57425456e-01  4.57425456e-01  1.56797975e-07  1.73908667e-07  8.00000000e-01 
 8.10000000e-01  4.57425468e-01  3.43339600e-09  3.16670982e-09  4.57425468e-01  4.57425468e-01  4.57425468e-01  4.57425468e-01  1.56798000e-07  1.73908518e-07  8.10000000e-01 
 8.20000000e-01  4.57425475e-01  3.43339605e-09  3.16670982e-09  4.57425474e-01  4.57425474e-01  4.57425475e-01  4.57425474e-01  1.56798012e-07  1.73908582e-07  8.20000000e-01 
 8.30000000e-01  4.57425458e-01  3.43339600e-09  3.16670982e-09  4.57425457e-01  4.57425457e-01  4.57425458e-01  4.57425458e-01  1.56797972e-07  1.73908234e-07  8.30000000e-01 
 8.40000000e-01  4.57425462e-01  3.43339600e-09  3.16670982e-09  4.57425462e-01  4.57425462e-01  4.57425462e-01  4.57425462e-01  1.56797989e-07  1.73908127e-07  8.40000000e-01 
 8.50000000e-01  4.57425467e-01  3.43339600e-09  3.16670982e-09  4.57425466e-01  4.57425466e-01  4.57425467e-01  4.57425467e-01  1.56797990e-07  1.73908013e-07  8.50000000e-01 
 8.60000000e-01  4.57425440e-01  3.43339600e-09  3.16670982e-09  4.57425440e-01  4.57425440e-01  4.57425440e-01  4.57425440e-01  1.56797938e-07  1.73907779e-07  8.60000000e-01 
 8.70000000e-01  4.57425475e-01  3.43339600e-09  3.16670982e-09  4.57425474e-01  4.57425474e-01  4.57425475e-01  4.57425474e-01  1.56798000e-07  1.73907750e-07  8.70000000e-01 
 8.80000000e-01  4.57425437e-01  3.43339600e-09  3.16670977e-09  4.57425437e-01  4.57425437e-01  4.57425437e-01  4.57425437e-01  1.56797943e-07  1.73907431e-07  8.80000000e-01 
 8.90000000e-01  4.57425457e-01  3.43339600e-09  3.16670977e-09  4.57425457e-01  4.57425457e-01  4.57425457e-01  4.57425457e-01  1.56797983e-07  1.73907289e-07  8.90000000e-01 
 9.00000000e-01  4.57425462e-01  3.43339600e-09  3.16670982e-09  4.57425462e-01  4.57425462e-01  4.57425462e-01  4.57425462e-01  1.56797980e-07  1.73907296e-07  9.00000000e-01 
 9.10000000e-01  4.57425433e-01  3.43339600e-09  3.16670982e-09  4.57425433e-01  4.57425433e-01  4.57425433e-01  4.57425433e-01  1.56797931e-07  1.73907040e-07  9.10000000e-01 
 9.20000000e-01  4.57425467e-01  3.43339600e-09  3.16670982e-09  4.57425467e-01  4.57425467e-01  4.57425467e-01  4.57425467e-01  1.56797994e-07  1.73906948e-07  9.20000000e-01 
 9.30000000e-01  4.57425427e-01  3.43339605e-09  3.16670982e-09  4.57425427e-01  4.57425427e-01  4.57425427e-01  4.57425427e-01  1.56797935e-07  1.73906656e-07  9.30000000e-01 
 9.40000000e-01  4.57425447e-01  3.43339600e-09  3.16670977e-09  4.57425447e-01  4.57425447e-01  4.57425447e-01  4.57425447e-01  1.56797956e-07  1.73906521e-07  9.40000000e-01 
 9.50000000e-01  4.57425450e-01  3.43339600e-09  3.16670977e-09  4.57425450e-01  4.57425450e-01  4.57425450e-01  4.57425450e-01  1.56797970e-07  1.73906379e-07  9.50000000e-01 
 9.60000000e-01  4.57425469e-01  3.43339600e-09  3.16670982e-09  4.57425469e-01  4.57425469e-01  4.57425469e-01  4.57425469e-01  1.56797992e-07  1.73906315e-07  9.60000000e-01 
 9.70000000e-01  4.57425448e-01  3.43339600e-09  3.16670982e-09  4.57425448e-01  4.57425448e-01  4.57425448e-01  4.57425448e-01  1.56797957e-07  1.73906216e-07  9.70000000e-01 
 9.80000000e-01  4.57425467e-01  3.43339600e-09  3.16670977e-09  4.57425467e-01  4.57425467e-01  4.57425467e-01  4.57425467e-01  1.56797984e-07  1.73906010e-07  9.80000000e-01 
 9.90000000e-01  4.57425457e-01  3.43339600e-09  3.16670982e-09  4.57425457e-01  4.57425457e-01  4.57425457e-01  4.57425457e-01  1.56797985e-07  1.73905846e-07  9.90000000e-01 
 1.00000000e+00  4.57425460e-01  3.43339600e-09  3.16670977e-09  4.57425460e-01  4.57425460e-01  4.57425460e-01  4.57425460e-01  1.56797977e-07  1.73905690e-07  1.00000000e+00 
 1.01000000e+00  4.57425450e-01  3.43339600e-09  3.16670982e-09  4.57425449e-01  4.57425449e-01  4.57425449e-01  4.57425449e-01  1.56797952e-07  1.73905477e-07  1.01000000e+00 
 1.02000000e+00  4.57425418e-01  3.43339600e-09  3.16670976e-09  4.57425418e-01  4.57425418e-01  4.57425418e-01  4.57425418e-01  1.56797928e-07  1.73905150e-07  1.02000000e+00 
 1.03000000e+00  4.57425459e-01  3.43339600e-09  3.16670982e-09  4.57425459e-01  4.57425459e-01  4.57425459e-01  4.57425459e-01  1.56797987e-07  1.73905036e-07  1.03000000e+00 
 1.04000000e+00  4.57425454e-01  3.43339600e-09  3.16670982e-09  4.57425454e-01  4.57425454e-01  4.57425454e-01  4.57425454e-01  1.56797965e-07  1.73904844e-07  1.04000000e+00 
 1.05000000e+00  4.57425450e-01  3.43339600e-09  3.16670982e-09  4.57425450e-01  4.57425450e-01  4.57425450e-01  4.57425450e-01  1.56797955e-07  1.73904674e-07  1.05000000e+00 
 1.06000000e+00  4.57425456e-01  3.43339600e-09  3.16670982e-09  4.57425456e-01  4.57425456e-01  4.57425456e-01  4.57425456e-01  1.56797964e-07  1.73904489e-07  1.06000000e+00 
 1.07000000e+00  4.57425472e-01  3.43339605e-09  3.16670977e-09  4.57425472e-01  4.57425472e-01  4.57425472e-01  4.57425472e-01  1.56797993e-07  1.73904454e-07  1.07000000e+00 
 1.08000000e+00  4.57425452e-01  3.43339600e-09  3.16670982e-09  4.57425452e-01  4.57425452e-01  4.57425452e-01  4.57425452e-01  1.56797966e-07  1.73904148e-07  1.08000000e+00 
 1.09000000e+00  4.57425458e-01  3.43339605e-09  3.16670982e-09  4.57425458e-01  4.57425458e-01  4.57425458e-01  4.57425458e-01  1.56797976e-07  1.73904120e-07  1.09000000e+00 
 1.10000000e+00  4.57425446e-01  3.43339600e-09  3.16670977e-09  4.57425446e-01  4.57425446e-01  4.57425446e-01  4.57425446e-01  1.56797966e-07  1.73903835e-07  1.10000000e+00 
 1.11000000e+00  4.57425456e-01  3.43339600e-09  3.16670982e-09  4.57425456e-01  4.57425456e-01  4.57425456e-01  4.57425456e-01  1.56797973e-07  1.73903651e-07  1.11000000e+00 
 1.12000000e+00  4.57425438e-01  3.43339600e-09  3.16670982e-09  4.57425438e-01  4.57425438e-01  4.57425438e-01  4.57425438e-01  1.56797935e-07  1.73903373e-07  1.12000000e+00 
 1.13000000e+00  4.57425428e-01  3.43339600e-09  3.16670982e-09  4.57425428e-01  4.57425428e-01  4.57425428e-01  4.57425428e-01  1.56797933e-07  1.73903082e-07  1.13000000e+00 
 1.14000000e+00  4.57425445e-01  3.43339600e-09  3.16670982e-09  4.57425445e-01  4.57425445e-01  4.57425445e-01  4.57425445e-01  1.56797957e-07  1.73903032e-07  1.14000000e+00 
 1.15000000e+00  4.57425456e-01  3.43339600e-09  3.16670982e-09  4.57425456e-01  4.57425456e-01  4.57425456e-01  4.57425456e-01  1.56797962e-07  1.73902855e-07  1.15000000e+00 
 1.16000000e+00  4.57425454e-01  3.43339600e-09  3.16670982e-09  4.57425454e-01  4.57425454e-01  4.57425454e-01  4.57425454e-01  1.56797957e-07  1.73902663e-07  1.16000000e+00 
 1.17000000e+00  4.57425472e-01  3.43339600e-09  3.16670982e-09  4.57425472e-01  4.57425472e-01  4.57425472e-01  4.57425472e-01  1.56797998e-07  1.73902620e-07  1.17000000e+00 
 1.18000000e+00  4.57425432e-01  3.43339605e-09  3.16670982e-09  4.57425432e-01  4.57425432e-01  4.57425432e-01  4.57425432e-01  1.56797941e-07  1.73902208e-07  1.18000000e+00 
 1.19000000e+00  4.57425461e-01  3.43339600e-09  3.16670977e-09  4.57425461e-01  4.57425461e-01  4.57425461e-01  4.57425461e-01  1.56797988e-07  1.73902052e-07  1.19000000e+00 
 1.20000000e+00  4.57425455e-01  3.43339600e-09  3.16670982e-09  4.57425455e-01  4.57425455e-01  4.57425455e-01  4.57425455e-01  1.56797977e-07  1.73901924e-07  1.20000000e+00 
 1.21000000e+00  4.57425427e-01  3.43339600e-09  3.16670976e-09  4.57425427e-01  4.57425427e-01  4.57425427e-01  4.57425427e-01  1.56797943e-07  1.73901569e-07  1.21000000e+00 
 1.22000000e+00  4.57425471e-01  3.43339605e-09  3.16670982e-09  4.57425471e-01  4.57425471e-01  4.57425471e-01  4.57425471e-01  1.56797995e-07  1.73901498e-07  1.22000000e+00 
 1.23000000e+00  4.57425457e-01  3.43339600e-09  3.16670982e-09  4.57425456e-01  4.57425456e-01  4.57425457e-01  4.57425456e-01  1.56797978e-07  1.73901100e-07  1.23000000e+00 
 1.24000000e+00  4.57425436e-01  3.43339600e-09  3.16670977e-09  4.57425436e-01  4.57425436e-01  4.57425436e-01  4.57425436e-01  1.56797956e-07  1.73900844e-07  1.24000000e+00 
 1.25000000e+00  4.57425438e-01  3.43339600e-09  3.16670982e-09  4.57425438e-01  4.57425438e-01  4.57425438e-01  4.57425438e-01  1.56797952e-07  1.73900602e-07  1.25000000e+00 
 1.26000000e+00  4.57425446e-01  3.43339600e-09  3.16670982e-09  4.57425445e-01  4.57425445e-01  4.57425446e-01  4.57425446e-01  1.56797961e-07  1.73900361e-07  1.26000000e+00 
 1.27000000e+00  4.57425467e-01  3.43339600e-09  3.16670982e-09  4.57425467e-01  4.57425467e-01  4.57425467e-01  4.57425467e-01  1.56797990e-07  1.73900133e-07  1.27000000e+00 
 1.28000000e+00  4.57425482e-01  3.43339600e-09  3.16670982e-09  4.57425481e-01  4.57425481e-01  4.57425481e-01  4.57425481e-01  1.56798007e-07  1.73899906e-07  1.28000000e+00 
 1.29000000e+00  4.57425463e-01  3.43339600e-09  3.16670977e-09  4.57425463e-01  4.57425463e-01  4.57425463e-01  4.57425463e-01  1.56797984e-07  1.73899551e-07  1.29000000e+00 
 1.30000000e+00  4.57425469e-01  3.43339605e-09  3.16670982e-09  4.57425469e-01  4.57425469e-01  4.57425469e-01  4.57425469e-01  1.56798006e-07  1.73899323e-07  1.30000000e+00 
 1.31000000e+00  4.57425431e-01  3.43339605e-09  3.16670976e-09  4.57425431e-01  4.57425431e-01  4.57425431e-01  4.57425431e-01  1.56797927e-07  1.73898769e-07  1.31000000e+00 
 1.32000000e+00  4.57425472e-01  3.43339600e-09  3.16670982e-09  4.57425472e-01  4.57425472e-01  4.57425472e-01  4.57425472e-01  1.56797994e-07  1.73898684e-07  1.32000000e+00 
 1.33000000e+00  4.57425451e-01  3.43339600e-09  3.16670982e-09  4.57425451e-01  4.57425451e-01  4.57425451e-01  4.57425451e-01  1.56797965e-07  1.73898187e-07  1.33000000e+00 
 1.34000000e+00  4.57425464e-01  3.43339600e-09  3.16670982e-09  4.57425464e-01  4.57425464e-01  4.57425464e-01  4.57425464e-01  1.56798003e-07  1.73897874e-07  1.34000000e+00 
 1.35000000e+00  4.57425466e-01  3.43339600e-09  3.16670982e-09  4.57425466e-01  4.57425466e-01  4.57425466e-01  4.57425466e-01  1.56798005e-07  1.73897519e-07  1.35000000e+00 
 1.36000000e+00  4.57425454e-01  3.43339600e-09  3.16670977e-09  4.57425454e-01  4.57425454e-01  4.57425454e-01  4.57425454e-01  1.56797962e-07  1.73897035e-07  1.36000000e+00 
 1.37000000e+00  4.57425458e-01  3.43339600e-09  3.16670982e-09  4.57425458e-01  4.57425458e-01  4.57425458e-01  4.57425458e-01  1.56797975e-07  1.73896524e-07  1.37000000e+00 
 1.38000000e+00  4.57425452e-01  3.43339600e-09  3.16670982e-09  4.57425452e-01  4.57425452e-01  4.57425452e-01  4.57425452e-01  1.56797970e-07  1.73896140e-07  1.38000000e+00 
 1.39000000e+00  4.57425464e-01  3.43339605e-09  3.16670977e-09  4.57425464e-01  4.57425464e-01  4.57425464e-01  4.57425464e-01  1.56797980e-07  1.73895558e-07  1.39000000e+00 
 1.40000000e+00  4.57425464e-01  3.43339600e-09  3.16670982e-09  4.57425464e-01  4.57425464e-01  4.57425464e-01  4.57425464e-01  1.56797993e-07  1.73894946e-07  1.40000000e+00 
 1.41000000e+00  4.57425443e-01  3.43339600e-09  3.16670982e-09  4.57425443e-01  4.57425443e-01  4.57425443e-01  4.57425443e-01  1.56797944e-07  1.73894321e-07  1.41000000e+00 
 1.42000000e+00  4.57425477e-01  3.43339605e-09  3.16670982e-09  4.57425477e-01  4.57425477e-01  4.57425477e-01  4.57425477e-01  1.56798010e-07  1.73893724e-07  1.42000000e+00 
 1.43000000e+00  4.57425471e-01  3.43339600e-09  3.16670977e-09  4.57425471e-01  4.57425471e-01  4.57425471e-01  4.57425471e-01  1.56797991e-07  1.73892801e-07  1.43000000e+00 
 1.44000000e+00  4.57425420e-01  3.43339600e-09  3.16670982e-09  4.57425420e-01  4.57425420e-01  4.57425420e-01  4.57425420e-01  1.56797925e-07  1.73891593e-07  1.44000000e+00 
 1.45000000e+00  4.57425454e-01  3.43339600e-09  3.16670982e-09  4.57425454e-01  4.57425454e-01  4.57425454e-01  4.57425454e-01  1.56797968e-07  1.73890598e-07  1.45000000e+00 
 1.46000000e+00  4.57425448e-01  3.43339600e-09  3.16670982e-09  4.57425448e-01  4.57425448e-01  4.57425448e-01  4.57425448e-01  1.56797975e-07  1.73889063e-07  1.46000000e+00 
 1.47000000e+00  4.57425436e-01  3.43339600e-09  3.16670982e-09  4.57425436e-01  4.57425436e-01  4.57425436e-01  4.57425436e-01  1.56797954e-07  1.73887216e-07  1.47000000e+00 
 1.48000000e+00  4.57425459e-01  3.43339600e-09  3.16670982e-09  4.57425459e-01  4.57425459e-01  4.57425459e-01  4.57425459e-01  1.56797967e-07  1.73885297e-07  1.48000000e+00 
 1.49000000e+00  4.57425451e-01  3.43339600e-09  3.16670982e-09  4.57425451e-01  4.57425451e-01  4.57425451e-01  4.57425451e-01  1.56797975e-07  1.73882270e-07  1.49000000e+00 
 1.50000000e+00  4.57425430e-01  3.43339600e-09  3.16670982e-09  4.57425429e-01  4.57425429e-01  4.57425430e-01  4.57425430e-01  1.56797936e-07  1.73878320e-07  1.50000000e+00 
 1.51000000e+00  4.57425440e-01  3.43339600e-09  3.16670982e-09  4.57425440e-01  4.57425440e-01  4.57425440e-01  4.57425440e-01  1.56797937e-07  1.73873033e-07  1.51000000e+00 
 1.52000000e+00  4.57425445e-01  3.43339600e-09  3.16670982e-09  4.57425444e-01  4.57425444e-01  4.57425445e-01  4.57425444e-01  1.56797954e-07  1.73865359e-07  1.52000000e+00 
 1.53000000e+00  4.57425465e-01  3.43339600e-09  3.16670982e-09  4.57425465e-01  4.57425465e-01  4.57425465e-01  4.57425465e-01  1.56797973e-07  1.73853579e-07  1.53000000e+00 
 1.54000000e+00  4.57425439e-01  3.43339605e-09  3.16670982e-09  4.57425439e-01  4.57425439e-01  4.57425439e-01  4.57425439e-01  1.56797948e-07  1.73834792e-07  1.54000000e+00 
 1.55000000e+00  4.57425452e-01  3.43339600e-09  3.16670982e-09  4.57425452e-01  4.57425452e-01  4.57425452e-01  4.57425452e-01  1.56797958e-07  1.73803215e-07  1.55000000e+00 
 1.56000000e+00  4.57425439e-01  3.43339600e-09  3.16670982e-09  4.57425439e-01  4.57425439e-01  4.57425439e-01  4.57425439e-01  1.56797944e-07  1.73746770e-07  1.56000000e+00 
 1.57000000e+00  4.57425441e-01  3.43339600e-09  3.16670982e-09  4.57425440e-01  4.57425440e-01  4.57425441e-01  4.57425440e-01  1.56797948e-07  1.73642434e-07  1.57000000e+00 
 1.58000000e+00  4.57425442e-01  3.43339600e-09  3.16670982e-09  4.57425442e-01  4.57425442e-01  4.57425442e-01  4.57425442e-01  1.56797951e-07  1.73440981e-07  1.58000000e+00 
 1.59000000e+00  4.57425417e-01  3.43339600e-09  3.16670982e-09  4.57425416e-01  4.57425416e-01  4.57425417e-01  4.57425416e-01  1.56797915e-07  1.73041840e-07  1.59000000e+00 
 1.60000000e+00  4.57425469e-01  3.43339600e-09  3.16670977e-09  4.57425469e-01  4.57425469e-01  4.57425469e-01  4.57425469e-01  1.56797990e-07  1.72266738e-07  1.60000000e+00 
 1.61000000e+00  4.57425441e-01  3.43339600e-09  3.16670982e-09  4.57425441e-01  4.57425441e-01  4.57425441e-01  4.57425441e-01  1.56797951e-07  1.70671441e-07  1.61000000e+00 
 1.62000000e+00  4.57425462e-01  3.43339600e-09  3.16670982e-09  4.57425462e-01  4.57425462e-01  4.57425462e-01  4.57425462e-01  1.56797986e-07  1.48663702e-07  1.62000000e+00 
 1.63000000e+00  4.57425467e-01  3.43339600e-09  3.16670977e-09  4.57425467e-01  4.57425467e-01  4.57425467e-01  4.57425467e-01  1.56797991e-07  1.25009365e-07  1.63000000e+00 
 1.64000000e+00  4.57425454e-01  3.43339600e-09  3.16670977e-09  4.57425454e-01  4.57425454e-01  4.57425454e-01  4.57425454e-01  1.56797981e-07  1.03754999e-07  1.64000000e+00 
 1.65000000e+00  4.57425461e-01  3.43339600e-09  3.16670982e-09  4.57425461e-01  4.57425461e-01  4.57425461e-01  4.57425461e-01  1.56797986e-07  8.51556479e-08  1.65000000e+00 
 1.66000000e+00  4.57425439e-01  3.43339600e-09  3.16670982e-09  4.57425439e-01  4.57425439e-01  4.57425439e-01  4.57425439e-01  1.56797953e-07  6.92258055e-08  1.66000000e+00 
 1.67000000e+00  4.57425477e-01  3.43339600e-09  3.16670982e-09  4.57425477e-01  4.57425477e-01  4.57425477e-01  4.57425477e-01  1.56797993e-07  5.57862734e-08  1.67000000e+00 
 1.68000000e+00  4.57425445e-01  3.43339600e-09  3.16670982e-09  4.57425445e-01  4.57425445e-01  4.57425445e-01  4.57425445e-01  1.56797964e-07  4.45742785e-08  1.68000000e+00 
 1.69000000e+00  4.57425443e-01  3.43339600e-09  3.16670982e-09  4.57425443e-01  4.57425443e-01  4.57425443e-01  4.57425443e-01  1.56797960e-07  3.52963951e-08  1.69000000e+00 
 1.70000000e+00  4.57425464e-01  3.43339600e-09  3.16670982e-09  4.57425464e-01  4.57425464e-01  4.57425464e-01  4.57425464e-01  1.56797989e-07  2.76629351e-08  1.70000000e+00 
 1.71000000e+00  4.57425450e-01  3.43339600e-09  3.16670977e-09  4.57425450e-01  4.57425450e-01  4.57425450e-01  4.57425450e-01  1.56797966e-07  2.14086242e-08  1.71000000e+00 
 1.72000000e+00  4.57425447e-01  3.43339600e-09  3.16670982e-09  4.57425447e-01  4.57425447e-01  4.57425447e-01  4.57425447e-01  1.56797964e-07  1.62992819e-08  1.72000000e+00 
 1.73000000e+00  4.57425462e-01  3.43339600e-09  3.16670977e-09  4.57425462e-01  4.57425462e-01  4.57425462e-01  4.57425462e-01  1.56797991e-07  1.21311956e-08  1.73000000e+00 
 1.74000000e+00  4.57425445e-01  3.43339600e-09  3.16670982e-09  4.57425445e-01  4.57425445e-01  4.57425445e-01  4.57425445e-01  1.56797961e-07  8.72840644e-09  1.74000000e+00 
 1.75000000e+00  4.57425458e-01  3.43339600e-09  3.16670977e-09  4.57425458e-01  4.57425458e-01  4.57425458e-01  4.57425458e-01  1.56797981e-07  5.93850302e-09  1.75000000e+00 
 1.76000000e+00  4.57425441e-01  3.43339600e-09  3.16670982e-09  4.57425441e-01  4.57425441e-01  4.57425441e-01  4.57425441e-01  1.56797955e-07  3.63053232e-09  1.76000000e+00 
 1.77000000e+00  4.57425474e-01  3.43339600e-09  3.16670982e-09  4.57425474e-01  4.57425474e-01  4.57425474e-01  4.57425474e-01  1.56798016e-07  1.70199144e-09  1.77000000e+00 
 1.78000000e+00  4.57425445e-01  3.43339600e-09  3.16670982e-09  4.57425445e-01  4.57425445e-01  4.57425445e-01  4.57425445e-01  1.56797949e-07  9.03099817e-11  1.78000000e+00 
 1.79000000e+00  4.57425453e-01  3.43339600e-09  3.16670977e-09  4.57425453e-01  4.57425453e-01  4.57425453e-01  4.57425453e-01  1.56797969e-07 -1.22447830e-09  1.79000000e+00 
 1.80000000e+00  4.57425465e-01  3.43339600e-09  3.16670977e-09  4.57425464e-01  4.57425464e-01  4.57425465e-01  4.57425464e-01  1.56797984e-07 -2.24096652e-09  1.80000000e+00 
