 v-sweep         v(b0)           v(b1)           v(b2)           v(b3)           v(b4)           v(b5)           v(b6)           i(vbias)        i(viout)        v(vout)        
 0.00000000e+00  4.59441859e-01  4.59441859e-01  4.59441859e-01  4.59441859e-01  3.21741482e-09  4.59441859e-01  3.25512412e-09  1.63046036e-07  7.45891108e-08  0.00000000e+00 
 1.00000000e-02  4.59441872e-01  4.59441872e-01  4.59441872e-01  4.59441872e-01  3.21741480e-09  4.59441872e-01  3.25512411e-09  1.63046052e-07  7.45888554e-08  1.00000000e-02 
 2.00000000e-02  4.59441870e-01  4.59441870e-01  4.59441870e-01  4.59441870e-01  3.21741485e-09  4.59441870e-01  3.25512405e-09  1.63046060e-07  7.45884006e-08  2.00000000e-02 
 3.00000000e-02  4.59441834e-01  4.59441834e-01  4.59441834e-01  4.59441834e-01  3.21741480e-09  4.59441834e-01  3.25512410e-09  1.63046012e-07  7.45878477e-08  3.00000000e-02 
 4.00000000e-02  4.59441888e-01  4.59441888e-01  4.59441888e-01  4.59441888e-01  3.21741486e-09  4.59441888e-01  3.25512411e-09  1.63046068e-07  7.45877058e-08  4.00000000e-02 
 5.00000000e-02  4.59441853e-01  4.59441853e-01  4.59441853e-01  4.59441853e-01  3.21741480e-09  4.59441853e-01  3.25512410e-09  1.63046031e-07  7.45872777e-08  5.00000000e-02 
 6.00000000e-02  4.59441858e-01  4.59441858e-01  4.59441858e-01  4.59441858e-01  3.21741480e-09  4.59441858e-01  3.25512410e-09  1.63046046e-07  7.45870472e-08  6.00000000e-02 
 7.00000000e-02  4.59441840e-01  4.59441840e-01  4.59441840e-01  4.59441840e-01  3.21741485e-09  4.59441840e-01  3.25512410e-09  1.63046032e-07  7.45867044e-08  7.00000000e-02 
 8.00000000e-02  4.59441883e-01  4.59441883e-01  4.59441883e-01  4.59441883e-01  3.21741480e-09  4.59441883e-01  3.25512411e-09  1.63046056e-07  7.45864233e-08  8.00000000e-02 
 9.00000000e-02  4.59441879e-01  4.59441879e-01  4.59441879e-01  4.59441879e-01  3.21741480e-09  4.59441879e-01  3.25512411e-09  1.63046063e-07  7.45861746e-08  9.00000000e-02 
 1.00000000e-01  4.59441854e-01  4.59441854e-01  4.59441854e-01  4.59441854e-01  3.21741480e-09  4.59441854e-01  3.25512410e-09  1.63046033e-07  7.45859241e-08  1.00000000e-01 
 1.10000000e-01  4.59441862e-01  4.59441862e-01  4.59441862e-01  4.59441862e-01  3.21741480e-09  4.59441862e-01  3.25512410e-09  1.63046051e-07  7.45856044e-08  1.10000000e-01 
 1.20000000e-01  4.59441862e-01  4.59441862e-01  4.59441862e-01  4.59441862e-01  3.21741485e-09  4.59441862e-01  3.25512405e-09  1.63046051e-07  7.45852793e-08  1.20000000e-01 
 1.30000000e-01  4.59441860e-01  4.59441860e-01  4.59441860e-01  4.59441860e-01  3.21741480e-09  4.59441860e-01  3.25512410e-09  1.63046048e-07  7.45850679e-08  1.30000000e-01 
 1.40000000e-01  4.59441868e-01  4.59441868e-01  4.59441868e-01  4.59441868e-01  3.21741485e-09  4.59441868e-01  3.25512411e-09  1.63046070e-07  7.45849915e-08  1.40000000e-01 
 1.50000000e-01  4.59441860e-01  4.59441860e-01  4.59441860e-01  4.59441860e-01  3.21741485e-09  4.59441860e-01  3.25512410e-09  1.63046053e-07  7.45846584e-08  1.50000000e-01 
 1.60000000e-01  4.59441842e-01  4.59441842e-01  4.59441842e-01  4.59441842e-01  3.21741485e-09  4.59441842e-01  3.25512410e-09  1.63046018e-07  7.45844755e-08  1.60000000e-01 
 1.70000000e-01  4.59441843e-01  4.59441843e-01  4.59441843e-01  4.59441844e-01  3.21741485e-09  4.59441843e-01  3.25512405e-09  1.63046015e-07  7.45842748e-08  1.70000000e-01 
 1.80000000e-01  4.59441851e-01  4.59441851e-01  4.59441851e-01  4.59441851e-01  3.21741480e-09  4.59441851e-01  3.25512405e-09  1.63046019e-07  7.45839799e-08  1.80000000e-01 
 1.90000000e-01  4.59441859e-01  4.59441859e-01  4.59441859e-01  4.59441859e-01  3.21741485e-09  4.59441859e-01  3.25512405e-09  1.63046041e-07  7.45839941e-08  1.90000000e-01 
 2.00000000e-01  4.59441869e-01  4.59441869e-01  4.59441869e-01  4.59441869e-01  3.21741485e-09  4.59441869e-01  3.25512405e-09  1.63046057e-07  7.45837649e-08  2.00000000e-01 
 2.10000000e-01  4.59441865e-01  4.59441865e-01  4.59441865e-01  4.59441865e-01  3.21741480e-09  4.59441865e-01  3.25512411e-09  1.63046050e-07  7.45836228e-08  2.10000000e-01 
 2.20000000e-01  4.59441839e-01  4.59441839e-01  4.59441838e-01  4.59441839e-01  3.21741480e-09  4.59441838e-01  3.25512410e-09  1.63046013e-07  7.45834647e-08  2.20000000e-01 
 2.30000000e-01  4.59441845e-01  4.59441845e-01  4.59441845e-01  4.59441845e-01  3.21741485e-09  4.59441845e-01  3.25512410e-09  1.63046017e-07  7.45832356e-08  2.30000000e-01 
 2.40000000e-01  4.59441864e-01  4.59441864e-01  4.59441864e-01  4.59441864e-01  3.21741485e-09  4.59441864e-01  3.25512411e-09  1.63046040e-07  7.45831450e-08  2.40000000e-01 
 2.50000000e-01  4.59441864e-01  4.59441864e-01  4.59441864e-01  4.59441864e-01  3.21741480e-09  4.59441864e-01  3.25512405e-09  1.63046053e-07  7.45830491e-08  2.50000000e-01 
 2.60000000e-01  4.59441861e-01  4.59441861e-01  4.59441861e-01  4.59441861e-01  3.21741480e-09  4.59441861e-01  3.25512405e-09  1.63046032e-07  7.45829443e-08  2.60000000e-01 
 2.70000000e-01  4.59441849e-01  4.59441849e-01  4.59441849e-01  4.59441849e-01  3.21741485e-09  4.59441849e-01  3.25512410e-09  1.63046032e-07  7.45827702e-08  2.70000000e-01 
 2.80000000e-01  4.59441871e-01  4.59441871e-01  4.59441871e-01  4.59441871e-01  3.21741485e-09  4.59441871e-01  3.25512411e-09  1.63046062e-07  7.45827879e-08  2.80000000e-01 
 2.90000000e-01  4.59441864e-01  4.59441864e-01  4.59441864e-01  4.59441864e-01  3.21741485e-09  4.59441864e-01  3.25512411e-09  1.63046062e-07  7.45824451e-08  2.90000000e-01 
 3.00000000e-01  4.59441857e-01  4.59441857e-01  4.59441857e-01  4.59441857e-01  3.21741485e-09  4.59441857e-01  3.25512405e-09  1.63046039e-07  7.45824273e-08  3.00000000e-01 
 3.10000000e-01  4.59441866e-01  4.59441866e-01  4.59441866e-01  4.59441866e-01  3.21741480e-09  4.59441866e-01  3.25512411e-09  1.63046046e-07  7.45822994e-08  3.10000000e-01 
 3.20000000e-01  4.59441851e-01  4.59441851e-01  4.59441851e-01  4.59441851e-01  3.21741485e-09  4.59441851e-01  3.25512405e-09  1.63046024e-07  7.45821715e-08  3.20000000e-01 
 3.30000000e-01  4.59441855e-01  4.59441855e-01  4.59441855e-01  4.59441855e-01  3.21741480e-09  4.59441855e-01  3.25512410e-09  1.63046032e-07  7.45821147e-08  3.30000000e-01 
 3.40000000e-01  4.59441853e-01  4.59441853e-01  4.59441853e-01  4.59441853e-01  3.21741485e-09  4.59441853e-01  3.25512405e-09  1.63046035e-07  7.45820081e-08  3.40000000e-01 
 3.50000000e-01  4.59441827e-01  4.59441827e-01  4.59441827e-01  4.59441827e-01  3.21741480e-09  4.59441827e-01  3.25512410e-09  1.63045986e-07  7.45819904e-08  3.50000000e-01 
 3.60000000e-01  4.59441868e-01  4.59441868e-01  4.59441868e-01  4.59441868e-01  3.21741485e-09  4.59441867e-01  3.25512411e-09  1.63046051e-07  7.45818696e-08  3.60000000e-01 
 3.70000000e-01  4.59441842e-01  4.59441842e-01  4.59441842e-01  4.59441842e-01  3.21741485e-09  4.59441842e-01  3.25512410e-09  1.63046019e-07  7.45816884e-08  3.70000000e-01 
 3.80000000e-01  4.59441844e-01  4.59441844e-01  4.59441844e-01  4.59441844e-01  3.21741485e-09  4.59441844e-01  3.25512405e-09  1.63046015e-07  7.45815996e-08  3.80000000e-01 
 3.90000000e-01  4.59441874e-01  4.59441874e-01  4.59441874e-01  4.59441874e-01  3.21741480e-09  4.59441874e-01  3.25512411e-09  1.63046052e-07  7.45815996e-08  3.90000000e-01 
 4.00000000e-01  4.59441880e-01  4.59441880e-01  4.59441880e-01  4.59441880e-01  3.21741480e-09  4.59441880e-01  3.25512405e-09  1.63046079e-07  7.45815107e-08  4.00000000e-01 
 4.10000000e-01  4.59441864e-01  4.59441864e-01  4.59441864e-01  4.59441864e-01  3.21741485e-09  4.59441864e-01  3.25512410e-09  1.63046044e-07  7.45813900e-08  4.10000000e-01 
 4.20000000e-01  4.59441879e-01  4.59441879e-01  4.59441879e-01  4.59441879e-01  3.21741485e-09  4.59441879e-01  3.25512411e-09  1.63046063e-07  7.45813367e-08  4.20000000e-01 
 4.30000000e-01  4.59441866e-01  4.59441866e-01  4.59441866e-01  4.59441866e-01  3.21741480e-09  4.59441866e-01  3.25512405e-09  1.63046042e-07  7.45812336e-08  4.30000000e-01 
 4.40000000e-01  4.59441850e-01  4.59441850e-01  4.59441850e-01  4.59441850e-01  3.21741480e-09  4.59441850e-01  3.25512410e-09  1.63046028e-07  7.45810702e-08  4.40000000e-01 
 4.50000000e-01  4.59441858e-01  4.59441858e-01  4.59441858e-01  4.59441858e-01  3.21741485e-09  4.59441858e-01  3.25512410e-09  1.63046037e-07  7.45810205e-08  4.50000000e-01 
 4.60000000e-01  4.59441850e-01  4.59441850e-01  4.59441850e-01  4.59441850e-01  3.21741485e-09  4.59441850e-01  3.25512405e-09  1.63046035e-07  7.45809885e-08  4.60000000e-01 
 4.70000000e-01  4.59441877e-01  4.59441877e-01  4.59441877e-01  4.59441878e-01  3.21741485e-09  4.59441877e-01  3.25512411e-09  1.63046050e-07  7.45809636e-08  4.70000000e-01 
 4.80000000e-01  4.59441874e-01  4.59441874e-01  4.59441874e-01  4.59441874e-01  3.21741480e-09  4.59441874e-01  3.25512411e-09  1.63046064e-07  7.45809103e-08  4.80000000e-01 
 4.90000000e-01  4.59441857e-01  4.59441857e-01  4.59441857e-01  4.59441857e-01  3.21741485e-09  4.59441857e-01  3.25512405e-09  1.63046044e-07  7.45809139e-08  4.90000000e-01 
 5.00000000e-01  4.59441851e-01  4.59441851e-01  4.59441851e-01  4.59441851e-01  3.21741485e-09  4.59441851e-01  3.25512405e-09  1.63046021e-07  7.45806972e-08  5.00000000e-01 
 5.10000000e-01  4.59441825e-01  4.59441825e-01  4.59441825e-01  4.59441825e-01  3.21741480e-09  4.59441825e-01  3.25512404e-09  1.63045980e-07  7.45806048e-08  5.10000000e-01 
 5.20000000e-01  4.59441880e-01  4.59441880e-01  4.59441880e-01  4.59441880e-01  3.21741480e-09  4.59441880e-01  3.25512411e-09  1.63046079e-07  7.45806936e-08  5.20000000e-01 
 5.30000000e-01  4.59441858e-01  4.59441858e-01  4.59441858e-01  4.59441858e-01  3.21741485e-09  4.59441858e-01  3.25512410e-09  1.63046029e-07  7.45804449e-08  5.30000000e-01 
 5.40000000e-01  4.59441865e-01  4.59441865e-01  4.59441865e-01  4.59441865e-01  3.21741480e-09  4.59441865e-01  3.25512411e-09  1.63046036e-07  7.45805515e-08  5.40000000e-01 
 5.50000000e-01  4.59441872e-01  4.59441872e-01  4.59441872e-01  4.59441873e-01  3.21741485e-09  4.59441872e-01  3.25512411e-09  1.63046065e-07  7.45803277e-08  5.50000000e-01 
 5.60000000e-01  4.59441867e-01  4.59441867e-01  4.59441867e-01  4.59441867e-01  3.21741485e-09  4.59441867e-01  3.25512411e-09  1.63046048e-07  7.45803739e-08  5.60000000e-01 
 5.70000000e-01  4.59441876e-01  4.59441876e-01  4.59441876e-01  4.59441876e-01  3.21741485e-09  4.59441876e-01  3.25512405e-09  1.63046058e-07  7.45802744e-08  5.70000000e-01 
 5.80000000e-01  4.59441880e-01  4.59441880e-01  4.59441880e-01  4.59441880e-01  3.21741485e-09  4.59441880e-01  3.25512411e-09  1.63046086e-07  7.45801785e-08  5.80000000e-01 
 5.90000000e-01  4.59441861e-01  4.59441861e-01  4.59441861e-01  4.59441861e-01  3.21741485e-09  4.59441861e-01  3.25512405e-09  1.63046061e-07  7.45801714e-08  5.90000000e-01 
 6.00000000e-01  4.59441851e-01  4.59441851e-01  4.59441851e-01  4.59441851e-01  3.21741485e-09  4.59441851e-01  3.25512410e-09  1.63046017e-07  7.45800222e-08  6.00000000e-01 
 6.10000000e-01  4.59441865e-01  4.59441865e-01  4.59441865e-01  4.59441865e-01  3.21741480e-09  4.59441865e-01  3.25512411e-09  1.63046059e-07  7.45800435e-08  6.10000000e-01 
 6.20000000e-01  4.59441853e-01  4.59441853e-01  4.59441853e-01  4.59441853e-01  3.21741480e-09  4.59441853e-01  3.25512410e-09  1.63046051e-07  7.45799085e-08  6.20000000e-01 
 6.30000000e-01  4.59441854e-01  4.59441854e-01  4.59441854e-01  4.59441854e-01  3.21741485e-09  4.59441854e-01  3.25512410e-09  1.63046042e-07  7.45797522e-08  6.30000000e-01 
 6.40000000e-01  4.59441852e-01  4.59441852e-01  4.59441852e-01  4.59441852e-01  3.21741480e-09  4.59441852e-01  3.25512405e-09  1.63046038e-07  7.45796669e-08  6.40000000e-01 
 6.50000000e-01  4.59441869e-01  4.59441869e-01  4.59441869e-01  4.59441869e-01  3.21741485e-09  4.59441869e-01  3.25512405e-09  1.63046043e-07  7.45797806e-08  6.50000000e-01 
 6.60000000e-01  4.59441865e-01  4.59441864e-01  4.59441864e-01  4.59441865e-01  3.21741480e-09  4.59441864e-01  3.25512411e-09  1.63046038e-07  7.45796669e-08  6.60000000e-01 
 6.70000000e-01  4.59441841e-01  4.59441841e-01  4.59441840e-01  4.59441841e-01  3.21741485e-09  4.59441840e-01  3.25512405e-09  1.63046004e-07  7.45795177e-08  6.70000000e-01 
 6.80000000e-01  4.59441843e-01  4.59441843e-01  4.59441843e-01  4.59441843e-01  3.21741485e-09  4.59441843e-01  3.25512410e-09  1.63046013e-07  7.45795106e-08  6.80000000e-01 
 6.90000000e-01  4.59441846e-01  4.59441846e-01  4.59441846e-01  4.59441846e-01  3.21741480e-09  4.59441846e-01  3.25512410e-09  1.63046027e-07  7.45794964e-08  6.90000000e-01 
 7.00000000e-01  4.59441872e-01  4.59441872e-01  4.59441872e-01  4.59441872e-01  3.21741480e-09  4.59441872e-01  3.25512411e-09  1.63046047e-07  7.45793258e-08  7.00000000e-01 
 7.10000000e-01  4.59441871e-01  4.59441871e-01  4.59441871e-01  4.59441871e-01  3.21741485e-09  4.59441871e-01  3.25512405e-09  1.63046059e-07  7.45793400e-08  7.10000000e-01 
 7.20000000e-01  4.59441875e-01  4.59441875e-01  4.59441875e-01  4.59441875e-01  3.21741485e-09  4.59441875e-01  3.25512411e-09  1.63046070e-07  7.45794111e-08  7.20000000e-01 
 7.30000000e-01  4.59441869e-01  4.59441869e-01  4.59441869e-01  4.59441869e-01  3.21741480e-09  4.59441869e-01  3.25512411e-09  1.63046065e-07  7.45791340e-08  7.30000000e-01 
 7.40000000e-01  4.59441840e-01  4.59441840e-01  4.59441840e-01  4.59441840e-01  3.21741485e-09  4.59441840e-01  3.25512410e-09  1.63046010e-07  7.45790771e-08  7.40000000e-01 
 7.50000000e-01  4.59441856e-01  4.59441856e-01  4.59441856e-01  4.59441856e-01  3.21741485e-09  4.59441856e-01  3.25512410e-09  1.63046031e-07  7.45790771e-08  7.50000000e-01 
 7.60000000e-01  4.59441871e-01  4.59441871e-01  4.59441871e-01  4.59441871e-01  3.21741480e-09  4.59441871e-01  3.25512411e-09  1.63046057e-07  7.45790487e-08  7.60000000e-01 
 7.70000000e-01  4.59441864e-01  4.59441864e-01  4.59441864e-01  4.59441864e-01  3.21741485e-09  4.59441864e-01  3.25512405e-09  1.63046040e-07  7.45789279e-08  7.70000000e-01 
 7.80000000e-01  4.59441863e-01  4.59441863e-01  4.59441863e-01  4.59441863e-01  3.21741485e-09  4.59441863e-01  3.25512410e-09  1.63046038e-07  7.45788356e-08  7.80000000e-01 
 7.90000000e-01  4.59441889e-01  4.59441889e-01  4.59441889e-01  4.59441889e-01  3.21741480e-09  4.59441889e-01  3.25512411e-09  1.63046096e-07  7.45787574e-08  7.90000000e-01 
 8.00000000e-01  4.59441878e-01  4.59441878e-01  4.59441878e-01  4.59441878e-01  3.21741480e-09  4.59441878e-01  3.25512405e-09  1.63046063e-07  7.45787645e-08  8.00000000e-01 
 8.10000000e-01  4.59441853e-01  4.59441853e-01  4.59441853e-01  4.59441853e-01  3.21741480e-09  4.59441853e-01  3.25512410e-09  1.63046021e-07  7.45785371e-08  8.10000000e-01 
 8.20000000e-01  4.59441838e-01  4.59441838e-01  4.59441838e-01  4.59441838e-01  3.21741485e-09  4.59441838e-01  3.25512410e-09  1.63046008e-07  7.45784732e-08  8.20000000e-01 
 8.30000000e-01  4.59441852e-01  4.59441852e-01  4.59441852e-01  4.59441852e-01  3.21741485e-09  4.59441852e-01  3.25512405e-09  1.63046027e-07  7.45784021e-08  8.30000000e-01 
 8.40000000e-01  4.59441866e-01  4.59441866e-01  4.59441866e-01  4.59441866e-01  3.21741485e-09  4.59441866e-01  3.25512411e-09  1.63046052e-07  7.45784305e-08  8.40000000e-01 
 8.50000000e-01  4.59441885e-01  4.59441885e-01  4.59441885e-01  4.59441885e-01  3.21741486e-09  4.59441885e-01  3.25512411e-09  1.63046081e-07  7.45784519e-08  8.50000000e-01 
 8.60000000e-01  4.59441864e-01  4.59441864e-01  4.59441864e-01  4.59441864e-01  3.21741480e-09  4.59441864e-01  3.25512411e-09  1.63046041e-07  7.45782458e-08  8.60000000e-01 
 8.70000000e-01  4.59441858e-01  4.59441858e-01  4.59441858e-01  4.59441858e-01  3.21741480e-09  4.59441858e-01  3.25512410e-09  1.63046026e-07  7.45782458e-08  8.70000000e-01 
 8.80000000e-01  4.59441870e-01  4.59441870e-01  4.59441870e-01  4.59441870e-01  3.21741480e-09  4.59441870e-01  3.25512411e-09  1.63046070e-07  7.45782103e-08  8.80000000e-01 
 8.90000000e-01  4.59441868e-01  4.59441868e-01  4.59441868e-01  4.59441868e-01  3.21741485e-09  4.59441868e-01  3.25512411e-09  1.63046059e-07  7.45780611e-08  8.90000000e-01 
 9.00000000e-01  4.59441855e-01  4.59441855e-01  4.59441855e-01  4.59441855e-01  3.21741480e-09  4.59441855e-01  3.25512405e-09  1.63046039e-07  7.45779332e-08  9.00000000e-01 
 9.10000000e-01  4.59441878e-01  4.59441878e-01  4.59441878e-01  4.59441878e-01  3.21741480e-09  4.59441878e-01  3.25512405e-09  1.63046058e-07  7.45779900e-08  9.10000000e-01 
 9.20000000e-01  4.59441870e-01  4.59441870e-01  4.59441870e-01  4.59441870e-01  3.21741485e-09  4.59441870e-01  3.25512411e-09  1.63046051e-07  7.45779474e-08  9.20000000e-01 
 9.30000000e-01  4.59441836e-01  4.59441836e-01  4.59441836e-01  4.59441836e-01  3.21741480e-09  4.59441836e-01  3.25512410e-09  1.63046012e-07  7.45777555e-08  9.30000000e-01 
 9.40000000e-01  4.59441855e-01  4.59441855e-01  4.59441855e-01  4.59441855e-01  3.21741485e-09  4.59441855e-01  3.25512410e-09  1.63046033e-07  7.45776916e-08  9.40000000e-01 
 9.50000000e-01  4.59441848e-01  4.59441848e-01  4.59441848e-01  4.59441848e-01  3.21741485e-09  4.59441848e-01  3.25512410e-09  1.63046015e-07  7.45775850e-08  9.50000000e-01 
 9.60000000e-01  4.59441846e-01  4.59441846e-01  4.59441846e-01  4.59441846e-01  3.21741480e-09  4.59441846e-01  3.25512410e-09  1.63046013e-07  7.45776063e-08  9.60000000e-01 
 9.70000000e-01  4.59441864e-01  4.59441864e-01  4.59441864e-01  4.59441864e-01  3.21741485e-09  4.59441864e-01  3.25512405e-09  1.63046038e-07  7.45775566e-08  9.70000000e-01 
 9.80000000e-01  4.59441888e-01  4.59441888e-01  4.59441888e-01  4.59441888e-01  3.21741480e-09  4.59441888e-01  3.25512411e-09  1.63046082e-07  7.45775139e-08  9.80000000e-01 
 9.90000000e-01  4.59441856e-01  4.59441856e-01  4.59441856e-01  4.59441856e-01  3.21741485e-09  4.59441856e-01  3.25512410e-09  1.63046044e-07  7.45774145e-08  9.90000000e-01 
 1.00000000e+00  4.59441856e-01  4.59441856e-01  4.59441856e-01  4.59441856e-01  3.21741480e-09  4.59441856e-01  3.25512410e-09  1.63046040e-07  7.45773150e-08  1.00000000e+00 
 1.01000000e+00  4.59441847e-01  4.59441847e-01  4.59441847e-01  4.59441847e-01  3.21741485e-09  4.59441847e-01  3.25512410e-09  1.63046025e-07  7.45772653e-08  1.01000000e+00 
 1.02000000e+00  4.59441862e-01  4.59441862e-01  4.59441862e-01  4.59441862e-01  3.21741480e-09  4.59441862e-01  3.25512405e-09  1.63046035e-07  7.45771729e-08  1.02000000e+00 
 1.03000000e+00  4.59441847e-01  4.59441847e-01  4.59441847e-01  4.59441847e-01  3.21741480e-09  4.59441847e-01  3.25512410e-09  1.63046031e-07  7.45770166e-08  1.03000000e+00 
 1.04000000e+00  4.59441850e-01  4.59441850e-01  4.59441850e-01  4.59441850e-01  3.21741480e-09  4.59441850e-01  3.25512405e-09  1.63046014e-07  7.45769739e-08  1.04000000e+00 
 1.05000000e+00  4.59441847e-01  4.59441847e-01  4.59441847e-01  4.59441848e-01  3.21741485e-09  4.59441847e-01  3.25512405e-09  1.63046005e-07  7.45768745e-08  1.05000000e+00 
 1.06000000e+00  4.59441865e-01  4.59441865e-01  4.59441865e-01  4.59441865e-01  3.21741480e-09  4.59441865e-01  3.25512405e-09  1.63046050e-07  7.45768887e-08  1.06000000e+00 
 1.07000000e+00  4.59441872e-01  4.59441872e-01  4.59441872e-01  4.59441872e-01  3.21741485e-09  4.59441872e-01  3.25512405e-09  1.63046065e-07  7.45768105e-08  1.07000000e+00 
 1.08000000e+00  4.59441873e-01  4.59441873e-01  4.59441873e-01  4.59441873e-01  3.21741480e-09  4.59441873e-01  3.25512411e-09  1.63046057e-07  7.45767323e-08  1.08000000e+00 
 1.09000000e+00  4.59441865e-01  4.59441864e-01  4.59441864e-01  4.59441865e-01  3.21741480e-09  4.59441864e-01  3.25512411e-09  1.63046041e-07  7.45766684e-08  1.09000000e+00 
 1.10000000e+00  4.59441857e-01  4.59441857e-01  4.59441857e-01  4.59441857e-01  3.21741480e-09  4.59441856e-01  3.25512405e-09  1.63046041e-07  7.45766542e-08  1.10000000e+00 
 1.11000000e+00  4.59441891e-01  4.59441891e-01  4.59441891e-01  4.59441891e-01  3.21741486e-09  4.59441891e-01  3.25512411e-09  1.63046089e-07  7.45766116e-08  1.11000000e+00 
 1.12000000e+00  4.59441875e-01  4.59441875e-01  4.59441875e-01  4.59441875e-01  3.21741485e-09  4.59441875e-01  3.25512411e-09  1.63046074e-07  7.45764765e-08  1.12000000e+00 
 1.13000000e+00  4.59441859e-01  4.59441859e-01  4.59441859e-01  4.59441859e-01  3.21741480e-09  4.59441859e-01  3.25512410e-09  1.63046047e-07  7.45762421e-08  1.13000000e+00 
 1.14000000e+00  4.59441853e-01  4.59441853e-01  4.59441853e-01  4.59441853e-01  3.21741485e-09  4.59441853e-01  3.25512410e-09  1.63046027e-07  7.45762563e-08  1.14000000e+00 
 1.15000000e+00  4.59441881e-01  4.59441881e-01  4.59441881e-01  4.59441881e-01  3.21741486e-09  4.59441881e-01  3.25512405e-09  1.63046064e-07  7.45760573e-08  1.15000000e+00 
 1.16000000e+00  4.59441859e-01  4.59441859e-01  4.59441859e-01  4.59441859e-01  3.21741485e-09  4.59441859e-01  3.25512410e-09  1.63046042e-07  7.45760786e-08  1.16000000e+00 
 1.17000000e+00  4.59441838e-01  4.59441838e-01  4.59441838e-01  4.59441838e-01  3.21741485e-09  4.59441838e-01  3.25512410e-09  1.63046002e-07  7.45760218e-08  1.17000000e+00 
 1.18000000e+00  4.59441869e-01  4.59441869e-01  4.59441869e-01  4.59441869e-01  3.21741480e-09  4.59441869e-01  3.25512411e-09  1.63046054e-07  7.45758797e-08  1.18000000e+00 
 1.19000000e+00  4.59441864e-01  4.59441864e-01  4.59441864e-01  4.59441864e-01  3.21741485e-09  4.59441864e-01  3.25512405e-09  1.63046060e-07  7.45759081e-08  1.19000000e+00 
 1.20000000e+00  4.59441846e-01  4.59441846e-01  4.59441846e-01  4.59441846e-01  3.21741485e-09  4.59441846e-01  3.25512405e-09  1.63046025e-07  7.45757660e-08  1.20000000e+00 
 1.21000000e+00  4.59441863e-01  4.59441863e-01  4.59441863e-01  4.59441863e-01  3.21741480e-09  4.59441863e-01  3.25512410e-09  1.63046042e-07  7.45758513e-08  1.21000000e+00 
 1.22000000e+00  4.59441874e-01  4.59441874e-01  4.59441874e-01  4.59441874e-01  3.21741485e-09  4.59441874e-01  3.25512411e-09  1.63046057e-07  7.45756097e-08  1.22000000e+00 
 1.23000000e+00  4.59441843e-01  4.59441843e-01  4.59441843e-01  4.59441844e-01  3.21741485e-09  4.59441843e-01  3.25512410e-09  1.63046017e-07  7.45755671e-08  1.23000000e+00 
 1.24000000e+00  4.59441839e-01  4.59441839e-01  4.59441839e-01  4.59441839e-01  3.21741480e-09  4.59441839e-01  3.25512410e-09  1.63046000e-07  7.45753681e-08  1.24000000e+00 
 1.25000000e+00  4.59441848e-01  4.59441848e-01  4.59441848e-01  4.59441848e-01  3.21741485e-09  4.59441848e-01  3.25512405e-09  1.63046004e-07  7.45752828e-08  1.25000000e+00 
 1.26000000e+00  4.59441852e-01  4.59441852e-01  4.59441852e-01  4.59441852e-01  3.21741485e-09  4.59441852e-01  3.25512405e-09  1.63046014e-07  7.45752402e-08  1.26000000e+00 
 1.27000000e+00  4.59441859e-01  4.59441859e-01  4.59441859e-01  4.59441859e-01  3.21741480e-09  4.59441859e-01  3.25512410e-09  1.63046037e-07  7.45751692e-08  1.27000000e+00 
 1.28000000e+00  4.59441861e-01  4.59441861e-01  4.59441861e-01  4.59441861e-01  3.21741480e-09  4.59441861e-01  3.25512410e-09  1.63046038e-07  7.45751265e-08  1.28000000e+00 
 1.29000000e+00  4.59441862e-01  4.59441862e-01  4.59441862e-01  4.59441862e-01  3.21741485e-09  4.59441862e-01  3.25512405e-09  1.63046051e-07  7.45749418e-08  1.29000000e+00 
 1.30000000e+00  4.59441873e-01  4.59441873e-01  4.59441873e-01  4.59441873e-01  3.21741480e-09  4.59441873e-01  3.25512405e-09  1.63046074e-07  7.45748707e-08  1.30000000e+00 
 1.31000000e+00  4.59441865e-01  4.59441865e-01  4.59441865e-01  4.59441865e-01  3.21741485e-09  4.59441865e-01  3.25512411e-09  1.63046055e-07  7.45747286e-08  1.31000000e+00 
 1.32000000e+00  4.59441863e-01  4.59441863e-01  4.59441863e-01  4.59441863e-01  3.21741485e-09  4.59441863e-01  3.25512410e-09  1.63046060e-07  7.45747144e-08  1.32000000e+00 
 1.33000000e+00  4.59441861e-01  4.59441861e-01  4.59441861e-01  4.59441861e-01  3.21741485e-09  4.59441861e-01  3.25512410e-09  1.63046062e-07  7.45746576e-08  1.33000000e+00 
 1.34000000e+00  4.59441861e-01  4.59441861e-01  4.59441861e-01  4.59441861e-01  3.21741485e-09  4.59441861e-01  3.25512410e-09  1.63046057e-07  7.45743023e-08  1.34000000e+00 
 1.35000000e+00  4.59441856e-01  4.59441856e-01  4.59441856e-01  4.59441856e-01  3.21741480e-09  4.59441856e-01  3.25512405e-09  1.63046033e-07  7.45743307e-08  1.35000000e+00 
 1.36000000e+00  4.59441856e-01  4.59441856e-01  4.59441856e-01  4.59441856e-01  3.21741480e-09  4.59441856e-01  3.25512410e-09  1.63046027e-07  7.45741886e-08  1.36000000e+00 
 1.37000000e+00  4.59441845e-01  4.59441845e-01  4.59441845e-01  4.59441845e-01  3.21741485e-09  4.59441845e-01  3.25512410e-09  1.63046026e-07  7.45741460e-08  1.37000000e+00 
 1.38000000e+00  4.59441852e-01  4.59441852e-01  4.59441852e-01  4.59441852e-01  3.21741485e-09  4.59441852e-01  3.25512410e-09  1.63046031e-07  7.45739754e-08  1.38000000e+00 
 1.39000000e+00  4.59441865e-01  4.59441865e-01  4.59441865e-01  4.59441865e-01  3.21741480e-09  4.59441865e-01  3.25512411e-09  1.63046058e-07  7.45738475e-08  1.39000000e+00 
 1.40000000e+00  4.59441859e-01  4.59441859e-01  4.59441859e-01  4.59441859e-01  3.21741480e-09  4.59441859e-01  3.25512405e-09  1.63046044e-07  7.45738049e-08  1.40000000e+00 
 1.41000000e+00  4.59441844e-01  4.59441844e-01  4.59441844e-01  4.59441844e-01  3.21741485e-09  4.59441844e-01  3.25512405e-09  1.63046011e-07  7.45734923e-08  1.41000000e+00 
 1.42000000e+00  4.59441873e-01  4.59441873e-01  4.59441873e-01  4.59441873e-01  3.21741485e-09  4.59441873e-01  3.25512411e-09  1.63046055e-07  7.45734638e-08  1.42000000e+00 
 1.43000000e+00  4.59441878e-01  4.59441878e-01  4.59441878e-01  4.59441878e-01  3.21741485e-09  4.59441878e-01  3.25512411e-09  1.63046066e-07  7.45733502e-08  1.43000000e+00 
 1.44000000e+00  4.59441858e-01  4.59441858e-01  4.59441858e-01  4.59441858e-01  3.21741480e-09  4.59441858e-01  3.25512410e-09  1.63046049e-07  7.45730375e-08  1.44000000e+00 
 1.45000000e+00  4.59441842e-01  4.59441842e-01  4.59441842e-01  4.59441842e-01  3.21741485e-09  4.59441842e-01  3.25512405e-09  1.63046010e-07  7.45729665e-08  1.45000000e+00 
 1.46000000e+00  4.59441858e-01  4.59441858e-01  4.59441858e-01  4.59441858e-01  3.21741485e-09  4.59441858e-01  3.25512410e-09  1.63046034e-07  7.45727107e-08  1.46000000e+00 
 1.47000000e+00  4.59441865e-01  4.59441865e-01  4.59441865e-01  4.59441865e-01  3.21741485e-09  4.59441864e-01  3.25512405e-09  1.63046068e-07  7.45723412e-08  1.47000000e+00 
 1.48000000e+00  4.59441854e-01  4.59441854e-01  4.59441854e-01  4.59441854e-01  3.21741485e-09  4.59441854e-01  3.25512410e-09  1.63046024e-07  7.45722133e-08  1.48000000e+00 
 1.49000000e+00  4.59441846e-01  4.59441846e-01  4.59441846e-01  4.59441846e-01  3.21741480e-09  4.59441846e-01  3.25512410e-09  1.63046018e-07  7.45719575e-08  1.49000000e+00 
 1.50000000e+00  4.59441849e-01  4.59441849e-01  4.59441849e-01  4.59441849e-01  3.21741485e-09  4.59441849e-01  3.25512410e-09  1.63046018e-07  7.45714317e-08  1.50000000e+00 
 1.51000000e+00  4.59441838e-01  4.59441838e-01  4.59441838e-01  4.59441838e-01  3.21741480e-09  4.59441838e-01  3.25512410e-09  1.63045996e-07  7.45709201e-08  1.51000000e+00 
 1.52000000e+00  4.59441844e-01  4.59441844e-01  4.59441844e-01  4.59441844e-01  3.21741480e-09  4.59441844e-01  3.25512405e-09  1.63046012e-07  7.45704796e-08  1.52000000e+00 
 1.53000000e+00  4.59441862e-01  4.59441861e-01  4.59441861e-01  4.59441862e-01  3.21741485e-09  4.59441861e-01  3.25512405e-09  1.63046037e-07  7.45695985e-08  1.53000000e+00 
 1.54000000e+00  4.59441854e-01  4.59441854e-01  4.59441854e-01  4.59441854e-01  3.21741480e-09  4.59441854e-01  3.25512410e-09  1.63046038e-07  7.45687174e-08  1.54000000e+00 
 1.55000000e+00  4.59441874e-01  4.59441874e-01  4.59441874e-01  4.59441874e-01  3.21741485e-09  4.59441874e-01  3.25512411e-09  1.63046056e-07  7.45675237e-08  1.55000000e+00 
 1.56000000e+00  4.59441856e-01  4.59441856e-01  4.59441856e-01  4.59441856e-01  3.21741485e-09  4.59441856e-01  3.25512410e-09  1.63046039e-07  7.45655768e-08  1.56000000e+00 
 1.57000000e+00  4.59441844e-01  4.59441844e-01  4.59441844e-01  4.59441844e-01  3.21741480e-09  4.59441844e-01  3.25512410e-09  1.63046015e-07  7.45625641e-08  1.57000000e+00 
 1.58000000e+00  4.59441849e-01  4.59441849e-01  4.59441849e-01  4.59441849e-01  3.21741480e-09  4.59441849e-01  3.25512405e-09  1.63046014e-07  7.45582724e-08  1.58000000e+00 
 1.59000000e+00  4.59441845e-01  4.59441845e-01  4.59441845e-01  4.59441845e-01  3.21741485e-09  4.59441845e-01  3.25512410e-09  1.63046010e-07  7.45506838e-08  1.59000000e+00 
 1.60000000e+00  4.59441849e-01  4.59441848e-01  4.59441848e-01  4.59441849e-01  3.21741480e-09  4.59441848e-01  3.25512410e-09  1.63046038e-07  7.45375957e-08  1.60000000e+00 
 1.61000000e+00  4.59441838e-01  4.59441838e-01  4.59441838e-01  4.59441838e-01  3.21741485e-09  4.59441838e-01  3.25512410e-09  1.63046023e-07  7.45139772e-08  1.61000000e+00 
 1.62000000e+00  4.59441884e-01  4.59441884e-01  4.59441884e-01  4.59441884e-01  3.21741486e-09  4.59441884e-01  3.25512411e-09  1.63046062e-07  7.44693978e-08  1.62000000e+00 
 1.63000000e+00  4.59441848e-01  4.59441848e-01  4.59441848e-01  4.59441848e-01  3.21741480e-09  4.59441848e-01  3.25512410e-09  1.63046020e-07  7.43803668e-08  1.63000000e+00 
 1.64000000e+00  4.59441874e-01  4.59441874e-01  4.59441874e-01  4.59441874e-01  3.21741480e-09  4.59441874e-01  3.25512411e-09  1.63046061e-07  7.41016635e-08  1.64000000e+00 
 1.65000000e+00  4.59441871e-01  4.59441871e-01  4.59441871e-01  4.59441871e-01  3.21741480e-09  4.59441871e-01  3.25512411e-09  1.63046068e-07  7.29677510e-08  1.65000000e+00 
 1.66000000e+00  4.59441859e-01  4.59441859e-01  4.59441859e-01  4.59441859e-01  3.21741485e-09  4.59441859e-01  3.25512405e-09  1.63046048e-07  6.94913211e-08  1.66000000e+00 
 1.67000000e+00  4.59441842e-01  4.59441842e-01  4.59441842e-01  4.59441842e-01  3.21741485e-09  4.59441842e-01  3.25512410e-09  1.63046019e-07  5.60240210e-08  1.67000000e+00 
 1.68000000e+00  4.59441865e-01  4.59441865e-01  4.59441865e-01  4.59441865e-01  3.21741480e-09  4.59441865e-01  3.25512411e-09  1.63046059e-07  4.47774795e-08  1.68000000e+00 
 1.69000000e+00  4.59441872e-01  4.59441872e-01  4.59441872e-01  4.59441872e-01  3.21741480e-09  4.59441872e-01  3.25512411e-09  1.63046062e-07  3.54639553e-08  1.69000000e+00 
 1.70000000e+00  4.59441866e-01  4.59441866e-01  4.59441866e-01  4.59441866e-01  3.21741485e-09  4.59441866e-01  3.25512405e-09  1.63046048e-07  2.77970855e-08  1.70000000e+00 
 1.71000000e+00  4.59441871e-01  4.59441871e-01  4.59441871e-01  4.59441871e-01  3.21741485e-09  4.59441871e-01  3.25512411e-09  1.63046054e-07  2.15136140e-08  1.71000000e+00 
 1.72000000e+00  4.59441857e-01  4.59441857e-01  4.59441856e-01  4.59441857e-01  3.21741480e-09  4.59441856e-01  3.25512410e-09  1.63046044e-07  1.63786069e-08  1.72000000e+00 
 1.73000000e+00  4.59441857e-01  4.59441857e-01  4.59441857e-01  4.59441857e-01  3.21741485e-09  4.59441857e-01  3.25512405e-09  1.63046037e-07  1.21888775e-08  1.73000000e+00 
 1.74000000e+00  4.59441856e-01  4.59441856e-01  4.59441856e-01  4.59441856e-01  3.21741485e-09  4.59441856e-01  3.25512410e-09  1.63046035e-07  8.76818262e-09  1.74000000e+00 
 1.75000000e+00  4.59441857e-01  4.59441857e-01  4.59441857e-01  4.59441857e-01  3.21741480e-09  4.59441857e-01  3.25512410e-09  1.63046020e-07  5.96273253e-09  1.75000000e+00 
 1.76000000e+00  4.59441863e-01  4.59441863e-01  4.59441863e-01  4.59441863e-01  3.21741480e-09  4.59441863e-01  3.25512410e-09  1.63046030e-07  3.64175889e-09  1.76000000e+00 
 1.77000000e+00  4.59441865e-01  4.59441865e-01  4.59441865e-01  4.59441865e-01  3.21741485e-09  4.59441865e-01  3.25512411e-09  1.63046032e-07  1.70197723e-09  1.77000000e+00 
 1.78000000e+00  4.59441858e-01  4.59441858e-01  4.59441858e-01  4.59441858e-01  3.21741485e-09  4.59441858e-01  3.25512405e-09  1.63046037e-07  8.04902811e-11  1.78000000e+00 
 1.79000000e+00  4.59441856e-01  4.59441856e-01  4.59441856e-01  4.59441856e-01  3.21741485e-09  4.59441856e-01  3.25512410e-09  1.63046035e-07 -1.24269661e-09  1.79000000e+00 
 1.80000000e+00  4.59441847e-01  4.59441847e-01  4.59441847e-01  4.59441847e-01  3.21741485e-09  4.59441847e-01  3.25512410e-09  1.63046025e-07 -2.26576446e-09  1.80000000e+00 
