 v-sweep         v(b0)           v(b1)           v(b2)           v(b3)           v(b4)           v(b5)           v(b6)           i(vbias)        i(viout)        v(vout)        
 0.00000000e+00  3.45548081e-09  4.56660597e-01  3.29721596e-09  4.56660597e-01  3.29097910e-09  4.56660598e-01  4.56660597e-01  1.56785338e-07  1.54360454e-07  0.00000000e+00 
 1.00000000e-02  3.45548082e-09  4.56660614e-01  3.29721596e-09  4.56660614e-01  3.29097910e-09  4.56660614e-01  4.56660614e-01  1.56785355e-07  1.54360041e-07  1.00000000e-02 
 2.00000000e-02  3.45548081e-09  4.56660599e-01  3.29721596e-09  4.56660599e-01  3.29097910e-09  4.56660599e-01  4.56660599e-01  1.56785338e-07  1.54359638e-07  2.00000000e-02 
 3.00000000e-02  3.45548081e-09  4.56660603e-01  3.29721596e-09  4.56660603e-01  3.29097910e-09  4.56660603e-01  4.56660603e-01  1.56785342e-07  1.54359178e-07  3.00000000e-02 
 4.00000000e-02  3.45548076e-09  4.56660602e-01  3.29721596e-09  4.56660602e-01  3.29097910e-09  4.56660602e-01  4.56660602e-01  1.56785338e-07  1.54358773e-07  4.00000000e-02 
 5.00000000e-02  3.45548081e-09  4.56660602e-01  3.29721596e-09  4.56660602e-01  3.29097904e-09  4.56660602e-01  4.56660602e-01  1.56785333e-07  1.54358401e-07  5.00000000e-02 
 6.00000000e-02  3.45548081e-09  4.56660605e-01  3.29721596e-09  4.56660605e-01  3.29097910e-09  4.56660605e-01  4.56660605e-01  1.56785358e-07  1.54358025e-07  6.00000000e-02 
 7.00000000e-02  3.45548082e-09  4.56660614e-01  3.29721596e-09  4.56660614e-01  3.29097904e-09  4.56660614e-01  4.56660614e-01  1.56785357e-07  1.54357791e-07  7.00000000e-02 
 8.00000000e-02  3.45548081e-09  4.56660590e-01  3.29721596e-09  4.56660590e-01  3.29097910e-09  4.56660590e-01  4.56660590e-01  1.56785339e-07  1.54357284e-07  8.00000000e-02 
 9.00000000e-02  3.45548076e-09  4.56660597e-01  3.29721596e-09  4.56660597e-01  3.29097910e-09  4.56660597e-01  4.56660597e-01  1.56785345e-07  1.54356960e-07  9.00000000e-02 
 1.00000000e-01  3.45548082e-09  4.56660609e-01  3.29721601e-09  4.56660609e-01  3.29097910e-09  4.56660609e-01  4.56660609e-01  1.56785355e-07  1.54356789e-07  1.00000000e-01 
 1.10000000e-01  3.45548076e-09  4.56660584e-01  3.29721596e-09  4.56660584e-01  3.29097910e-09  4.56660584e-01  4.56660584e-01  1.56785313e-07  1.54356462e-07  1.10000000e-01 
 1.20000000e-01  3.45548076e-09  4.56660596e-01  3.29721596e-09  4.56660596e-01  3.29097904e-09  4.56660596e-01  4.56660596e-01  1.56785351e-07  1.54356220e-07  1.20000000e-01 
 1.30000000e-01  3.45548082e-09  4.56660616e-01  3.29721596e-09  4.56660616e-01  3.29097910e-09  4.56660616e-01  4.56660616e-01  1.56785362e-07  1.54355932e-07  1.30000000e-01 
 1.40000000e-01  3.45548081e-09  4.56660606e-01  3.29721596e-09  4.56660606e-01  3.29097910e-09  4.56660606e-01  4.56660606e-01  1.56785344e-07  1.54355674e-07  1.40000000e-01 
 1.50000000e-01  3.45548076e-09  4.56660624e-01  3.29721596e-09  4.56660624e-01  3.29097910e-09  4.56660624e-01  4.56660624e-01  1.56785379e-07  1.54355488e-07  1.50000000e-01 
 1.60000000e-01  3.45548076e-09  4.56660600e-01  3.29721596e-09  4.56660600e-01  3.29097910e-09  4.56660600e-01  4.56660600e-01  1.56785341e-07  1.54355176e-07  1.60000000e-01 
 1.70000000e-01  3.45548081e-09  4.56660600e-01  3.29721596e-09  4.56660600e-01  3.29097910e-09  4.56660600e-01  4.56660600e-01  1.56785340e-07  1.54354911e-07  1.70000000e-01 
 1.80000000e-01  3.45548076e-09  4.56660609e-01  3.29721596e-09  4.56660610e-01  3.29097910e-09  4.56660610e-01  4.56660610e-01  1.56785357e-07  1.54354757e-07  1.80000000e-01 
 1.90000000e-01  3.45548076e-09  4.56660602e-01  3.29721596e-09  4.56660602e-01  3.29097910e-09  4.56660602e-01  4.56660602e-01  1.56785350e-07  1.54354492e-07  1.90000000e-01 
 2.00000000e-01  3.45548076e-09  4.56660616e-01  3.29721596e-09  4.56660616e-01  3.29097910e-09  4.56660616e-01  4.56660616e-01  1.56785366e-07  1.54354369e-07  2.00000000e-01 
 2.10000000e-01  3.45548081e-09  4.56660588e-01  3.29721596e-09  4.56660588e-01  3.29097910e-09  4.56660589e-01  4.56660588e-01  1.56785326e-07  1.54354055e-07  2.10000000e-01 
 2.20000000e-01  3.45548075e-09  4.56660582e-01  3.29721596e-09  4.56660583e-01  3.29097910e-09  4.56660583e-01  4.56660583e-01  1.56785312e-07  1.54353840e-07  2.20000000e-01 
 2.30000000e-01  3.45548076e-09  4.56660613e-01  3.29721596e-09  4.56660613e-01  3.29097910e-09  4.56660613e-01  4.56660613e-01  1.56785372e-07  1.54353872e-07  2.30000000e-01 
 2.40000000e-01  3.45548082e-09  4.56660608e-01  3.29721596e-09  4.56660608e-01  3.29097910e-09  4.56660608e-01  4.56660608e-01  1.56785354e-07  1.54353597e-07  2.40000000e-01 
 2.50000000e-01  3.45548076e-09  4.56660621e-01  3.29721596e-09  4.56660621e-01  3.29097910e-09  4.56660621e-01  4.56660621e-01  1.56785378e-07  1.54353437e-07  2.50000000e-01 
 2.60000000e-01  3.45548081e-09  4.56660586e-01  3.29721596e-09  4.56660586e-01  3.29097910e-09  4.56660586e-01  4.56660586e-01  1.56785318e-07  1.54353138e-07  2.60000000e-01 
 2.70000000e-01  3.45548082e-09  4.56660616e-01  3.29721596e-09  4.56660616e-01  3.29097910e-09  4.56660616e-01  4.56660616e-01  1.56785375e-07  1.54353064e-07  2.70000000e-01 
 2.80000000e-01  3.45548082e-09  4.56660612e-01  3.29721596e-09  4.56660612e-01  3.29097910e-09  4.56660612e-01  4.56660612e-01  1.56785348e-07  1.54352895e-07  2.80000000e-01 
 2.90000000e-01  3.45548082e-09  4.56660616e-01  3.29721596e-09  4.56660616e-01  3.29097910e-09  4.56660616e-01  4.56660616e-01  1.56785358e-07  1.54352751e-07  2.90000000e-01 
 3.00000000e-01  3.45548082e-09  4.56660609e-01  3.29721596e-09  4.56660609e-01  3.29097904e-09  4.56660609e-01  4.56660609e-01  1.56785354e-07  1.54352556e-07  3.00000000e-01 
 3.10000000e-01  3.45548076e-09  4.56660617e-01  3.29721596e-09  4.56660617e-01  3.29097910e-09  4.56660617e-01  4.56660617e-01  1.56785360e-07  1.54352442e-07  3.10000000e-01 
 3.20000000e-01  3.45548081e-09  4.56660593e-01  3.29721596e-09  4.56660593e-01  3.29097910e-09  4.56660593e-01  4.56660593e-01  1.56785337e-07  1.54352225e-07  3.20000000e-01 
 3.30000000e-01  3.45548076e-09  4.56660606e-01  3.29721596e-09  4.56660606e-01  3.29097910e-09  4.56660606e-01  4.56660606e-01  1.56785363e-07  1.54352186e-07  3.30000000e-01 
 3.40000000e-01  3.45548076e-09  4.56660588e-01  3.29721596e-09  4.56660588e-01  3.29097910e-09  4.56660588e-01  4.56660588e-01  1.56785316e-07  1.54351834e-07  3.40000000e-01 
 3.50000000e-01  3.45548076e-09  4.56660603e-01  3.29721596e-09  4.56660603e-01  3.29097910e-09  4.56660603e-01  4.56660603e-01  1.56785355e-07  1.54351838e-07  3.50000000e-01 
 3.60000000e-01  3.45548076e-09  4.56660602e-01  3.29721596e-09  4.56660602e-01  3.29097910e-09  4.56660602e-01  4.56660602e-01  1.56785336e-07  1.54351635e-07  3.60000000e-01 
 3.70000000e-01  3.45548082e-09  4.56660619e-01  3.29721596e-09  4.56660619e-01  3.29097910e-09  4.56660619e-01  4.56660619e-01  1.56785365e-07  1.54351664e-07  3.70000000e-01 
 3.80000000e-01  3.45548076e-09  4.56660585e-01  3.29721596e-09  4.56660586e-01  3.29097910e-09  4.56660586e-01  4.56660585e-01  1.56785319e-07  1.54351376e-07  3.80000000e-01 
 3.90000000e-01  3.45548076e-09  4.56660585e-01  3.29721596e-09  4.56660585e-01  3.29097910e-09  4.56660585e-01  4.56660585e-01  1.56785331e-07  1.54351341e-07  3.90000000e-01 
 4.00000000e-01  3.45548081e-09  4.56660600e-01  3.29721596e-09  4.56660600e-01  3.29097910e-09  4.56660600e-01  4.56660600e-01  1.56785333e-07  1.54351188e-07  4.00000000e-01 
 4.10000000e-01  3.45548081e-09  4.56660590e-01  3.29721596e-09  4.56660590e-01  3.29097910e-09  4.56660590e-01  4.56660590e-01  1.56785323e-07  1.54351049e-07  4.10000000e-01 
 4.20000000e-01  3.45548081e-09  4.56660602e-01  3.29721596e-09  4.56660602e-01  3.29097910e-09  4.56660602e-01  4.56660602e-01  1.56785326e-07  1.54350992e-07  4.20000000e-01 
 4.30000000e-01  3.45548076e-09  4.56660611e-01  3.29721596e-09  4.56660611e-01  3.29097904e-09  4.56660611e-01  4.56660611e-01  1.56785356e-07  1.54350825e-07  4.30000000e-01 
 4.40000000e-01  3.45548081e-09  4.56660584e-01  3.29721601e-09  4.56660585e-01  3.29097910e-09  4.56660585e-01  4.56660584e-01  1.56785317e-07  1.54350474e-07  4.40000000e-01 
 4.50000000e-01  3.45548076e-09  4.56660597e-01  3.29721596e-09  4.56660597e-01  3.29097910e-09  4.56660597e-01  4.56660597e-01  1.56785333e-07  1.54350616e-07  4.50000000e-01 
 4.60000000e-01  3.45548081e-09  4.56660594e-01  3.29721596e-09  4.56660594e-01  3.29097904e-09  4.56660594e-01  4.56660594e-01  1.56785336e-07  1.54350378e-07  4.60000000e-01 
 4.70000000e-01  3.45548081e-09  4.56660606e-01  3.29721596e-09  4.56660606e-01  3.29097910e-09  4.56660606e-01  4.56660606e-01  1.56785360e-07  1.54350342e-07  4.70000000e-01 
 4.80000000e-01  3.45548076e-09  4.56660597e-01  3.29721596e-09  4.56660597e-01  3.29097910e-09  4.56660597e-01  4.56660597e-01  1.56785342e-07  1.54350193e-07  4.80000000e-01 
 4.90000000e-01  3.45548082e-09  4.56660624e-01  3.29721596e-09  4.56660624e-01  3.29097910e-09  4.56660625e-01  4.56660624e-01  1.56785377e-07  1.54350122e-07  4.90000000e-01 
 5.00000000e-01  3.45548076e-09  4.56660593e-01  3.29721596e-09  4.56660593e-01  3.29097910e-09  4.56660593e-01  4.56660593e-01  1.56785340e-07  1.54349948e-07  5.00000000e-01 
 5.10000000e-01  3.45548076e-09  4.56660611e-01  3.29721596e-09  4.56660612e-01  3.29097910e-09  4.56660612e-01  4.56660611e-01  1.56785363e-07  1.54349912e-07  5.10000000e-01 
 5.20000000e-01  3.45548076e-09  4.56660608e-01  3.29721596e-09  4.56660608e-01  3.29097910e-09  4.56660608e-01  4.56660608e-01  1.56785346e-07  1.54349742e-07  5.20000000e-01 
 5.30000000e-01  3.45548076e-09  4.56660602e-01  3.29721596e-09  4.56660602e-01  3.29097910e-09  4.56660602e-01  4.56660602e-01  1.56785319e-07  1.54349586e-07  5.30000000e-01 
 5.40000000e-01  3.45548076e-09  4.56660619e-01  3.29721596e-09  4.56660619e-01  3.29097910e-09  4.56660619e-01  4.56660619e-01  1.56785366e-07  1.54349536e-07  5.40000000e-01 
 5.50000000e-01  3.45548082e-09  4.56660625e-01  3.29721596e-09  4.56660625e-01  3.29097910e-09  4.56660625e-01  4.56660625e-01  1.56785365e-07  1.54349415e-07  5.50000000e-01 
 5.60000000e-01  3.45548081e-09  4.56660584e-01  3.29721596e-09  4.56660584e-01  3.29097910e-09  4.56660584e-01  4.56660584e-01  1.56785314e-07  1.54349191e-07  5.60000000e-01 
 5.70000000e-01  3.45548076e-09  4.56660603e-01  3.29721596e-09  4.56660604e-01  3.29097910e-09  4.56660604e-01  4.56660604e-01  1.56785356e-07  1.54349166e-07  5.70000000e-01 
 5.80000000e-01  3.45548076e-09  4.56660605e-01  3.29721596e-09  4.56660606e-01  3.29097910e-09  4.56660606e-01  4.56660606e-01  1.56785347e-07  1.54349102e-07  5.80000000e-01 
 5.90000000e-01  3.45548076e-09  4.56660618e-01  3.29721596e-09  4.56660618e-01  3.29097910e-09  4.56660618e-01  4.56660618e-01  1.56785364e-07  1.54349109e-07  5.90000000e-01 
 6.00000000e-01  3.45548076e-09  4.56660592e-01  3.29721596e-09  4.56660592e-01  3.29097910e-09  4.56660592e-01  4.56660592e-01  1.56785328e-07  1.54348825e-07  6.00000000e-01 
 6.10000000e-01  3.45548076e-09  4.56660600e-01  3.29721596e-09  4.56660600e-01  3.29097910e-09  4.56660600e-01  4.56660600e-01  1.56785350e-07  1.54348697e-07  6.10000000e-01 
 6.20000000e-01  3.45548076e-09  4.56660613e-01  3.29721596e-09  4.56660613e-01  3.29097910e-09  4.56660613e-01  4.56660613e-01  1.56785368e-07  1.54348633e-07  6.20000000e-01 
 6.30000000e-01  3.45548076e-09  4.56660598e-01  3.29721596e-09  4.56660598e-01  3.29097904e-09  4.56660598e-01  4.56660598e-01  1.56785343e-07  1.54348541e-07  6.30000000e-01 
 6.40000000e-01  3.45548076e-09  4.56660601e-01  3.29721596e-09  4.56660601e-01  3.29097910e-09  4.56660601e-01  4.56660601e-01  1.56785318e-07  1.54348349e-07  6.40000000e-01 
 6.50000000e-01  3.45548076e-09  4.56660624e-01  3.29721596e-09  4.56660624e-01  3.29097910e-09  4.56660624e-01  4.56660624e-01  1.56785372e-07  1.54348349e-07  6.50000000e-01 
 6.60000000e-01  3.45548081e-09  4.56660602e-01  3.29721596e-09  4.56660602e-01  3.29097910e-09  4.56660602e-01  4.56660602e-01  1.56785334e-07  1.54348193e-07  6.60000000e-01 
 6.70000000e-01  3.45548082e-09  4.56660621e-01  3.29721596e-09  4.56660621e-01  3.29097910e-09  4.56660621e-01  4.56660621e-01  1.56785377e-07  1.54348108e-07  6.70000000e-01 
 6.80000000e-01  3.45548076e-09  4.56660618e-01  3.29721596e-09  4.56660618e-01  3.29097910e-09  4.56660618e-01  4.56660618e-01  1.56785369e-07  1.54347944e-07  6.80000000e-01 
 6.90000000e-01  3.45548081e-09  4.56660598e-01  3.29721596e-09  4.56660599e-01  3.29097910e-09  4.56660599e-01  4.56660599e-01  1.56785332e-07  1.54347859e-07  6.90000000e-01 
 7.00000000e-01  3.45548076e-09  4.56660615e-01  3.29721596e-09  4.56660615e-01  3.29097910e-09  4.56660615e-01  4.56660615e-01  1.56785376e-07  1.54347738e-07  7.00000000e-01 
 7.10000000e-01  3.45548076e-09  4.56660607e-01  3.29721596e-09  4.56660607e-01  3.29097910e-09  4.56660607e-01  4.56660607e-01  1.56785352e-07  1.54347624e-07  7.10000000e-01 
 7.20000000e-01  3.45548076e-09  4.56660594e-01  3.29721596e-09  4.56660594e-01  3.29097904e-09  4.56660594e-01  4.56660594e-01  1.56785319e-07  1.54347504e-07  7.20000000e-01 
 7.30000000e-01  3.45548082e-09  4.56660614e-01  3.29721596e-09  4.56660614e-01  3.29097910e-09  4.56660614e-01  4.56660614e-01  1.56785352e-07  1.54347468e-07  7.30000000e-01 
 7.40000000e-01  3.45548081e-09  4.56660581e-01  3.29721596e-09  4.56660581e-01  3.29097910e-09  4.56660581e-01  4.56660581e-01  1.56785305e-07  1.54347205e-07  7.40000000e-01 
 7.50000000e-01  3.45548082e-09  4.56660613e-01  3.29721596e-09  4.56660613e-01  3.29097910e-09  4.56660613e-01  4.56660613e-01  1.56785363e-07  1.54347184e-07  7.50000000e-01 
 7.60000000e-01  3.45548081e-09  4.56660597e-01  3.29721596e-09  4.56660597e-01  3.29097910e-09  4.56660597e-01  4.56660597e-01  1.56785338e-07  1.54347077e-07  7.60000000e-01 
 7.70000000e-01  3.45548082e-09  4.56660612e-01  3.29721596e-09  4.56660613e-01  3.29097910e-09  4.56660613e-01  4.56660613e-01  1.56785359e-07  1.54346957e-07  7.70000000e-01 
 7.80000000e-01  3.45548081e-09  4.56660567e-01  3.29721596e-09  4.56660567e-01  3.29097910e-09  4.56660567e-01  4.56660567e-01  1.56785296e-07  1.54346623e-07  7.80000000e-01 
 7.90000000e-01  3.45548081e-09  4.56660601e-01  3.29721596e-09  4.56660601e-01  3.29097910e-09  4.56660601e-01  4.56660601e-01  1.56785344e-07  1.54346701e-07  7.90000000e-01 
 8.00000000e-01  3.45548081e-09  4.56660591e-01  3.29721596e-09  4.56660591e-01  3.29097904e-09  4.56660591e-01  4.56660591e-01  1.56785322e-07  1.54346438e-07  8.00000000e-01 
 8.10000000e-01  3.45548076e-09  4.56660618e-01  3.29721596e-09  4.56660618e-01  3.29097910e-09  4.56660618e-01  4.56660618e-01  1.56785370e-07  1.54346480e-07  8.10000000e-01 
 8.20000000e-01  3.45548076e-09  4.56660608e-01  3.29721596e-09  4.56660608e-01  3.29097910e-09  4.56660608e-01  4.56660608e-01  1.56785339e-07  1.54346388e-07  8.20000000e-01 
 8.30000000e-01  3.45548076e-09  4.56660595e-01  3.29721596e-09  4.56660595e-01  3.29097904e-09  4.56660595e-01  4.56660595e-01  1.56785336e-07  1.54346225e-07  8.30000000e-01 
 8.40000000e-01  3.45548082e-09  4.56660614e-01  3.29721596e-09  4.56660614e-01  3.29097910e-09  4.56660614e-01  4.56660614e-01  1.56785368e-07  1.54346232e-07  8.40000000e-01 
 8.50000000e-01  3.45548076e-09  4.56660609e-01  3.29721596e-09  4.56660609e-01  3.29097910e-09  4.56660609e-01  4.56660609e-01  1.56785350e-07  1.54346026e-07  8.50000000e-01 
 8.60000000e-01  3.45548076e-09  4.56660623e-01  3.29721601e-09  4.56660623e-01  3.29097910e-09  4.56660623e-01  4.56660623e-01  1.56785370e-07  1.54346019e-07  8.60000000e-01 
 8.70000000e-01  3.45548076e-09  4.56660617e-01  3.29721596e-09  4.56660617e-01  3.29097910e-09  4.56660617e-01  4.56660617e-01  1.56785351e-07  1.54345678e-07  8.70000000e-01 
 8.80000000e-01  3.45548076e-09  4.56660614e-01  3.29721596e-09  4.56660614e-01  3.29097910e-09  4.56660614e-01  4.56660614e-01  1.56785359e-07  1.54345599e-07  8.80000000e-01 
 8.90000000e-01  3.45548081e-09  4.56660606e-01  3.29721596e-09  4.56660606e-01  3.29097910e-09  4.56660606e-01  4.56660606e-01  1.56785339e-07  1.54345500e-07  8.90000000e-01 
 9.00000000e-01  3.45548081e-09  4.56660601e-01  3.29721596e-09  4.56660602e-01  3.29097910e-09  4.56660602e-01  4.56660602e-01  1.56785339e-07  1.54345415e-07  9.00000000e-01 
 9.10000000e-01  3.45548082e-09  4.56660610e-01  3.29721596e-09  4.56660610e-01  3.29097910e-09  4.56660610e-01  4.56660610e-01  1.56785364e-07  1.54345202e-07  9.10000000e-01 
 9.20000000e-01  3.45548076e-09  4.56660610e-01  3.29721596e-09  4.56660610e-01  3.29097910e-09  4.56660610e-01  4.56660610e-01  1.56785357e-07  1.54345067e-07  9.20000000e-01 
 9.30000000e-01  3.45548082e-09  4.56660609e-01  3.29721596e-09  4.56660609e-01  3.29097910e-09  4.56660609e-01  4.56660609e-01  1.56785350e-07  1.54345024e-07  9.30000000e-01 
 9.40000000e-01  3.45548076e-09  4.56660607e-01  3.29721596e-09  4.56660607e-01  3.29097910e-09  4.56660607e-01  4.56660607e-01  1.56785353e-07  1.54344747e-07  9.40000000e-01 
 9.50000000e-01  3.45548076e-09  4.56660614e-01  3.29721596e-09  4.56660614e-01  3.29097910e-09  4.56660614e-01  4.56660614e-01  1.56785374e-07  1.54344825e-07  9.50000000e-01 
 9.60000000e-01  3.45548081e-09  4.56660591e-01  3.29721596e-09  4.56660591e-01  3.29097904e-09  4.56660591e-01  4.56660591e-01  1.56785328e-07  1.54344477e-07  9.60000000e-01 
 9.70000000e-01  3.45548082e-09  4.56660608e-01  3.29721596e-09  4.56660608e-01  3.29097910e-09  4.56660608e-01  4.56660608e-01  1.56785353e-07  1.54344448e-07  9.70000000e-01 
 9.80000000e-01  3.45548076e-09  4.56660601e-01  3.29721596e-09  4.56660601e-01  3.29097910e-09  4.56660601e-01  4.56660601e-01  1.56785340e-07  1.54344384e-07  9.80000000e-01 
 9.90000000e-01  3.45548076e-09  4.56660614e-01  3.29721596e-09  4.56660614e-01  3.29097910e-09  4.56660615e-01  4.56660614e-01  1.56785359e-07  1.54344200e-07  9.90000000e-01 
 1.00000000e+00  3.45548081e-09  4.56660587e-01  3.29721596e-09  4.56660587e-01  3.29097910e-09  4.56660588e-01  4.56660587e-01  1.56785326e-07  1.54343965e-07  1.00000000e+00 
 1.01000000e+00  3.45548081e-09  4.56660593e-01  3.29721596e-09  4.56660593e-01  3.29097910e-09  4.56660593e-01  4.56660593e-01  1.56785342e-07  1.54343866e-07  1.01000000e+00 
 1.02000000e+00  3.45548081e-09  4.56660607e-01  3.29721596e-09  4.56660607e-01  3.29097910e-09  4.56660608e-01  4.56660607e-01  1.56785355e-07  1.54343859e-07  1.02000000e+00 
 1.03000000e+00  3.45548075e-09  4.56660579e-01  3.29721596e-09  4.56660579e-01  3.29097910e-09  4.56660579e-01  4.56660579e-01  1.56785294e-07  1.54343503e-07  1.03000000e+00 
 1.04000000e+00  3.45548082e-09  4.56660612e-01  3.29721596e-09  4.56660612e-01  3.29097910e-09  4.56660612e-01  4.56660612e-01  1.56785351e-07  1.54343539e-07  1.04000000e+00 
 1.05000000e+00  3.45548076e-09  4.56660609e-01  3.29721596e-09  4.56660609e-01  3.29097910e-09  4.56660609e-01  4.56660609e-01  1.56785344e-07  1.54343383e-07  1.05000000e+00 
 1.06000000e+00  3.45548076e-09  4.56660621e-01  3.29721596e-09  4.56660622e-01  3.29097910e-09  4.56660622e-01  4.56660622e-01  1.56785369e-07  1.54343233e-07  1.06000000e+00 
 1.07000000e+00  3.45548081e-09  4.56660594e-01  3.29721596e-09  4.56660594e-01  3.29097910e-09  4.56660594e-01  4.56660594e-01  1.56785335e-07  1.54342935e-07  1.07000000e+00 
 1.08000000e+00  3.45548082e-09  4.56660620e-01  3.29721596e-09  4.56660620e-01  3.29097910e-09  4.56660620e-01  4.56660620e-01  1.56785372e-07  1.54342963e-07  1.08000000e+00 
 1.09000000e+00  3.45548081e-09  4.56660604e-01  3.29721596e-09  4.56660604e-01  3.29097910e-09  4.56660604e-01  4.56660604e-01  1.56785341e-07  1.54342587e-07  1.09000000e+00 
 1.10000000e+00  3.45548081e-09  4.56660591e-01  3.29721596e-09  4.56660591e-01  3.29097910e-09  4.56660591e-01  4.56660591e-01  1.56785330e-07  1.54342565e-07  1.10000000e+00 
 1.11000000e+00  3.45548082e-09  4.56660617e-01  3.29721596e-09  4.56660617e-01  3.29097910e-09  4.56660617e-01  4.56660617e-01  1.56785367e-07  1.54342466e-07  1.11000000e+00 
 1.12000000e+00  3.45548081e-09  4.56660604e-01  3.29721596e-09  4.56660604e-01  3.29097910e-09  4.56660604e-01  4.56660604e-01  1.56785334e-07  1.54342338e-07  1.12000000e+00 
 1.13000000e+00  3.45548082e-09  4.56660622e-01  3.29721596e-09  4.56660622e-01  3.29097910e-09  4.56660622e-01  4.56660622e-01  1.56785369e-07  1.54342189e-07  1.13000000e+00 
 1.14000000e+00  3.45548076e-09  4.56660603e-01  3.29721596e-09  4.56660603e-01  3.29097904e-09  4.56660603e-01  4.56660603e-01  1.56785342e-07  1.54341848e-07  1.14000000e+00 
 1.15000000e+00  3.45548076e-09  4.56660607e-01  3.29721596e-09  4.56660607e-01  3.29097910e-09  4.56660607e-01  4.56660607e-01  1.56785332e-07  1.54341905e-07  1.15000000e+00 
 1.16000000e+00  3.45548076e-09  4.56660634e-01  3.29721596e-09  4.56660634e-01  3.29097910e-09  4.56660635e-01  4.56660634e-01  1.56785387e-07  1.54341777e-07  1.16000000e+00 
 1.17000000e+00  3.45548076e-09  4.56660612e-01  3.29721596e-09  4.56660612e-01  3.29097910e-09  4.56660612e-01  4.56660612e-01  1.56785366e-07  1.54341606e-07  1.17000000e+00 
 1.18000000e+00  3.45548081e-09  4.56660597e-01  3.29721596e-09  4.56660597e-01  3.29097910e-09  4.56660597e-01  4.56660597e-01  1.56785340e-07  1.54341379e-07  1.18000000e+00 
 1.19000000e+00  3.45548081e-09  4.56660603e-01  3.29721596e-09  4.56660604e-01  3.29097904e-09  4.56660604e-01  4.56660604e-01  1.56785338e-07  1.54341222e-07  1.19000000e+00 
 1.20000000e+00  3.45548081e-09  4.56660592e-01  3.29721596e-09  4.56660592e-01  3.29097910e-09  4.56660592e-01  4.56660592e-01  1.56785333e-07  1.54340981e-07  1.20000000e+00 
 1.21000000e+00  3.45548081e-09  4.56660604e-01  3.29721596e-09  4.56660604e-01  3.29097910e-09  4.56660604e-01  4.56660604e-01  1.56785353e-07  1.54340754e-07  1.21000000e+00 
 1.22000000e+00  3.45548081e-09  4.56660598e-01  3.29721596e-09  4.56660598e-01  3.29097910e-09  4.56660598e-01  4.56660598e-01  1.56785345e-07  1.54340597e-07  1.22000000e+00 
 1.23000000e+00  3.45548076e-09  4.56660606e-01  3.29721596e-09  4.56660606e-01  3.29097910e-09  4.56660606e-01  4.56660606e-01  1.56785360e-07  1.54340526e-07  1.23000000e+00 
 1.24000000e+00  3.45548076e-09  4.56660618e-01  3.29721596e-09  4.56660618e-01  3.29097910e-09  4.56660618e-01  4.56660618e-01  1.56785370e-07  1.54340356e-07  1.24000000e+00 
 1.25000000e+00  3.45548076e-09  4.56660607e-01  3.29721596e-09  4.56660607e-01  3.29097910e-09  4.56660607e-01  4.56660607e-01  1.56785362e-07  1.54340057e-07  1.25000000e+00 
 1.26000000e+00  3.45548076e-09  4.56660614e-01  3.29721596e-09  4.56660614e-01  3.29097910e-09  4.56660614e-01  4.56660614e-01  1.56785365e-07  1.54339844e-07  1.26000000e+00 
 1.27000000e+00  3.45548076e-09  4.56660589e-01  3.29721596e-09  4.56660589e-01  3.29097910e-09  4.56660589e-01  4.56660589e-01  1.56785313e-07  1.54339617e-07  1.27000000e+00 
 1.28000000e+00  3.45548082e-09  4.56660610e-01  3.29721596e-09  4.56660610e-01  3.29097910e-09  4.56660611e-01  4.56660610e-01  1.56785358e-07  1.54339489e-07  1.28000000e+00 
 1.29000000e+00  3.45548076e-09  4.56660604e-01  3.29721596e-09  4.56660604e-01  3.29097910e-09  4.56660604e-01  4.56660604e-01  1.56785340e-07  1.54339233e-07  1.29000000e+00 
 1.30000000e+00  3.45548081e-09  4.56660599e-01  3.29721596e-09  4.56660599e-01  3.29097910e-09  4.56660599e-01  4.56660599e-01  1.56785339e-07  1.54338963e-07  1.30000000e+00 
 1.31000000e+00  3.45548081e-09  4.56660607e-01  3.29721596e-09  4.56660607e-01  3.29097910e-09  4.56660607e-01  4.56660607e-01  1.56785351e-07  1.54338778e-07  1.31000000e+00 
 1.32000000e+00  3.45548076e-09  4.56660621e-01  3.29721596e-09  4.56660621e-01  3.29097910e-09  4.56660621e-01  4.56660621e-01  1.56785371e-07  1.54338593e-07  1.32000000e+00 
 1.33000000e+00  3.45548081e-09  4.56660598e-01  3.29721596e-09  4.56660599e-01  3.29097904e-09  4.56660599e-01  4.56660599e-01  1.56785335e-07  1.54338238e-07  1.33000000e+00 
 1.34000000e+00  3.45548076e-09  4.56660618e-01  3.29721596e-09  4.56660618e-01  3.29097910e-09  4.56660618e-01  4.56660618e-01  1.56785376e-07  1.54338025e-07  1.34000000e+00 
 1.35000000e+00  3.45548082e-09  4.56660613e-01  3.29721596e-09  4.56660613e-01  3.29097910e-09  4.56660613e-01  4.56660613e-01  1.56785358e-07  1.54337584e-07  1.35000000e+00 
 1.36000000e+00  3.45548081e-09  4.56660604e-01  3.29721596e-09  4.56660604e-01  3.29097910e-09  4.56660604e-01  4.56660604e-01  1.56785349e-07  1.54337314e-07  1.36000000e+00 
 1.37000000e+00  3.45548082e-09  4.56660611e-01  3.29721596e-09  4.56660611e-01  3.29097910e-09  4.56660611e-01  4.56660611e-01  1.56785357e-07  1.54336888e-07  1.37000000e+00 
 1.38000000e+00  3.45548076e-09  4.56660598e-01  3.29721601e-09  4.56660599e-01  3.29097910e-09  4.56660599e-01  4.56660599e-01  1.56785343e-07  1.54336490e-07  1.38000000e+00 
 1.39000000e+00  3.45548082e-09  4.56660612e-01  3.29721596e-09  4.56660612e-01  3.29097904e-09  4.56660612e-01  4.56660612e-01  1.56785362e-07  1.54336220e-07  1.39000000e+00 
 1.40000000e+00  3.45548081e-09  4.56660592e-01  3.29721596e-09  4.56660592e-01  3.29097904e-09  4.56660592e-01  4.56660592e-01  1.56785316e-07  1.54335652e-07  1.40000000e+00 
 1.41000000e+00  3.45548082e-09  4.56660614e-01  3.29721596e-09  4.56660614e-01  3.29097910e-09  4.56660614e-01  4.56660614e-01  1.56785369e-07  1.54335211e-07  1.41000000e+00 
 1.42000000e+00  3.45548076e-09  4.56660590e-01  3.29721596e-09  4.56660590e-01  3.29097910e-09  4.56660590e-01  4.56660590e-01  1.56785316e-07  1.54334572e-07  1.42000000e+00 
 1.43000000e+00  3.45548076e-09  4.56660612e-01  3.29721596e-09  4.56660612e-01  3.29097910e-09  4.56660612e-01  4.56660612e-01  1.56785358e-07  1.54334089e-07  1.43000000e+00 
 1.44000000e+00  3.45548075e-09  4.56660583e-01  3.29721596e-09  4.56660583e-01  3.29097910e-09  4.56660583e-01  4.56660583e-01  1.56785322e-07  1.54333094e-07  1.44000000e+00 
 1.45000000e+00  3.45548076e-09  4.56660594e-01  3.29721596e-09  4.56660594e-01  3.29097910e-09  4.56660594e-01  4.56660594e-01  1.56785347e-07  1.54332213e-07  1.45000000e+00 
 1.46000000e+00  3.45548081e-09  4.56660602e-01  3.29721596e-09  4.56660603e-01  3.29097910e-09  4.56660603e-01  4.56660603e-01  1.56785330e-07  1.54331232e-07  1.46000000e+00 
 1.47000000e+00  3.45548076e-09  4.56660597e-01  3.29721596e-09  4.56660598e-01  3.29097910e-09  4.56660598e-01  4.56660598e-01  1.56785320e-07  1.54329911e-07  1.47000000e+00 
 1.48000000e+00  3.45548076e-09  4.56660602e-01  3.29721596e-09  4.56660602e-01  3.29097910e-09  4.56660602e-01  4.56660602e-01  1.56785343e-07  1.54328347e-07  1.48000000e+00 
 1.49000000e+00  3.45548082e-09  4.56660617e-01  3.29721596e-09  4.56660617e-01  3.29097910e-09  4.56660617e-01  4.56660617e-01  1.56785368e-07  1.54326258e-07  1.49000000e+00 
 1.50000000e+00  3.45548076e-09  4.56660594e-01  3.29721596e-09  4.56660594e-01  3.29097910e-09  4.56660594e-01  4.56660594e-01  1.56785327e-07  1.54323345e-07  1.50000000e+00 
 1.51000000e+00  3.45548076e-09  4.56660620e-01  3.29721596e-09  4.56660620e-01  3.29097910e-09  4.56660620e-01  4.56660620e-01  1.56785366e-07  1.54319480e-07  1.51000000e+00 
 1.52000000e+00  3.45548076e-09  4.56660623e-01  3.29721601e-09  4.56660623e-01  3.29097910e-09  4.56660623e-01  4.56660623e-01  1.56785367e-07  1.54313938e-07  1.52000000e+00 
 1.53000000e+00  3.45548075e-09  4.56660581e-01  3.29721596e-09  4.56660581e-01  3.29097904e-09  4.56660581e-01  4.56660581e-01  1.56785314e-07  1.54305212e-07  1.53000000e+00 
 1.54000000e+00  3.45548076e-09  4.56660615e-01  3.29721596e-09  4.56660615e-01  3.29097910e-09  4.56660615e-01  4.56660615e-01  1.56785363e-07  1.54291669e-07  1.54000000e+00 
 1.55000000e+00  3.45548082e-09  4.56660615e-01  3.29721596e-09  4.56660616e-01  3.29097910e-09  4.56660616e-01  4.56660616e-01  1.56785346e-07  1.54268648e-07  1.55000000e+00 
 1.56000000e+00  3.45548076e-09  4.56660590e-01  3.29721596e-09  4.56660590e-01  3.29097910e-09  4.56660590e-01  4.56660590e-01  1.56785330e-07  1.54227635e-07  1.56000000e+00 
 1.57000000e+00  3.45548081e-09  4.56660599e-01  3.29721596e-09  4.56660599e-01  3.29097910e-09  4.56660599e-01  4.56660599e-01  1.56785340e-07  1.54151081e-07  1.57000000e+00 
 1.58000000e+00  3.45548081e-09  4.56660603e-01  3.29721596e-09  4.56660603e-01  3.29097910e-09  4.56660603e-01  4.56660603e-01  1.56785343e-07  1.54000517e-07  1.58000000e+00 
 1.59000000e+00  3.45548076e-09  4.56660607e-01  3.29721596e-09  4.56660607e-01  3.29097910e-09  4.56660607e-01  4.56660607e-01  1.56785357e-07  1.53690451e-07  1.59000000e+00 
 1.60000000e+00  3.45548076e-09  4.56660602e-01  3.29721596e-09  4.56660603e-01  3.29097910e-09  4.56660603e-01  4.56660602e-01  1.56785344e-07  1.53059233e-07  1.60000000e+00 
 1.61000000e+00  3.45548082e-09  4.56660613e-01  3.29721601e-09  4.56660613e-01  3.29097910e-09  4.56660613e-01  4.56660613e-01  1.56785365e-07  1.51842031e-07  1.61000000e+00 
 1.62000000e+00  3.45548076e-09  4.56660593e-01  3.29721596e-09  4.56660593e-01  3.29097910e-09  4.56660594e-01  4.56660593e-01  1.56785331e-07  1.36114465e-07  1.62000000e+00 
 1.63000000e+00  3.45548076e-09  4.56660613e-01  3.29721596e-09  4.56660613e-01  3.29097910e-09  4.56660613e-01  4.56660613e-01  1.56785363e-07  1.14011144e-07  1.63000000e+00 
 1.64000000e+00  3.45548081e-09  4.56660601e-01  3.29721596e-09  4.56660601e-01  3.29097910e-09  4.56660601e-01  4.56660601e-01  1.56785349e-07  9.43230845e-08  1.64000000e+00 
 1.65000000e+00  3.45548076e-09  4.56660593e-01  3.29721596e-09  4.56660593e-01  3.29097910e-09  4.56660594e-01  4.56660593e-01  1.56785331e-07  7.72118369e-08  1.65000000e+00 
 1.66000000e+00  3.45548082e-09  4.56660609e-01  3.29721596e-09  4.56660609e-01  3.29097910e-09  4.56660609e-01  4.56660609e-01  1.56785346e-07  6.26326653e-08  1.66000000e+00 
 1.67000000e+00  3.45548076e-09  4.56660596e-01  3.29721596e-09  4.56660596e-01  3.29097904e-09  4.56660596e-01  4.56660596e-01  1.56785330e-07  5.03785458e-08  1.67000000e+00 
 1.68000000e+00  3.45548081e-09  4.56660606e-01  3.29721596e-09  4.56660607e-01  3.29097910e-09  4.56660607e-01  4.56660606e-01  1.56785345e-07  4.01848723e-08  1.68000000e+00 
 1.69000000e+00  3.45548081e-09  4.56660592e-01  3.29721596e-09  4.56660592e-01  3.29097910e-09  4.56660592e-01  4.56660592e-01  1.56785329e-07  3.17679678e-08  1.69000000e+00 
 1.70000000e+00  3.45548082e-09  4.56660628e-01  3.29721596e-09  4.56660628e-01  3.29097910e-09  4.56660628e-01  4.56660628e-01  1.56785382e-07  2.48557654e-08  1.70000000e+00 
 1.71000000e+00  3.45548082e-09  4.56660624e-01  3.29721596e-09  4.56660624e-01  3.29097910e-09  4.56660624e-01  4.56660624e-01  1.56785380e-07  1.92021332e-08  1.71000000e+00 
 1.72000000e+00  3.45548081e-09  4.56660595e-01  3.29721596e-09  4.56660595e-01  3.29097904e-09  4.56660595e-01  4.56660595e-01  1.56785329e-07  1.45923451e-08  1.72000000e+00 
 1.73000000e+00  3.45548076e-09  4.56660611e-01  3.29721596e-09  4.56660611e-01  3.29097904e-09  4.56660611e-01  4.56660611e-01  1.56785358e-07  1.08405374e-08  1.73000000e+00 
 1.74000000e+00  3.45548075e-09  4.56660580e-01  3.29721596e-09  4.56660580e-01  3.29097910e-09  4.56660580e-01  4.56660580e-01  1.56785312e-07  7.78661047e-09  1.74000000e+00 
 1.75000000e+00  3.45548076e-09  4.56660588e-01  3.29721596e-09  4.56660588e-01  3.29097904e-09  4.56660588e-01  4.56660588e-01  1.56785332e-07  5.29171018e-09  1.75000000e+00 
 1.76000000e+00  3.45548081e-09  4.56660598e-01  3.29721596e-09  4.56660599e-01  3.29097910e-09  4.56660599e-01  4.56660599e-01  1.56785346e-07  3.23737481e-09  1.76000000e+00 
 1.77000000e+00  3.45548082e-09  4.56660608e-01  3.29721596e-09  4.56660608e-01  3.29097910e-09  4.56660608e-01  4.56660608e-01  1.56785332e-07  1.53073643e-09  1.77000000e+00 
 1.78000000e+00  3.45548076e-09  4.56660591e-01  3.29721596e-09  4.56660592e-01  3.29097910e-09  4.56660592e-01  4.56660591e-01  1.56785319e-07  1.13914211e-10  1.78000000e+00 
 1.79000000e+00  3.45548076e-09  4.56660628e-01  3.29721596e-09  4.56660628e-01  3.29097910e-09  4.56660628e-01  4.56660628e-01  1.56785378e-07 -1.03324282e-09  1.79000000e+00 
 1.80000000e+00  3.45548075e-09  4.56660581e-01  3.29721596e-09  4.56660581e-01  3.29097910e-09  4.56660581e-01  4.56660581e-01  1.56785323e-07 -1.91288052e-09  1.80000000e+00 
