 v-sweep         v(b0)           v(b1)           v(b2)           v(b3)           v(b4)           v(b5)           v(b6)           i(vbias)        i(viout)        v(vout)        
 0.00000000e+00  3.35495725e-09  4.59767628e-01  4.59767628e-01  3.15131828e-09  4.59767628e-01  4.59767628e-01  3.37514452e-09  1.60242647e-07  8.22300598e-08  0.00000000e+00 
 1.00000000e-02  3.35495723e-09  4.59767621e-01  4.59767621e-01  3.15131826e-09  4.59767621e-01  4.59767621e-01  3.37514456e-09  1.60242653e-07  8.22297286e-08  1.00000000e-02 
 2.00000000e-02  3.35495729e-09  4.59767624e-01  4.59767624e-01  3.15131832e-09  4.59767624e-01  4.59767624e-01  3.37514450e-09  1.60242639e-07  8.22292643e-08  2.00000000e-02 
 3.00000000e-02  3.35495723e-09  4.59767623e-01  4.59767623e-01  3.15131832e-09  4.59767623e-01  4.59767623e-01  3.37514451e-09  1.60242645e-07  8.22288670e-08  3.00000000e-02 
 4.00000000e-02  3.35495723e-09  4.59767611e-01  4.59767611e-01  3.15131832e-09  4.59767611e-01  4.59767611e-01  3.37514455e-09  1.60242622e-07  8.22285102e-08  4.00000000e-02 
 5.00000000e-02  3.35495723e-09  4.59767618e-01  4.59767618e-01  3.15131826e-09  4.59767618e-01  4.59767618e-01  3.37514450e-09  1.60242647e-07  8.22282398e-08  5.00000000e-02 
 6.00000000e-02  3.35495728e-09  4.59767605e-01  4.59767605e-01  3.15131831e-09  4.59767605e-01  4.59767605e-01  3.37514451e-09  1.60242624e-07  8.22279085e-08  6.00000000e-02 
 7.00000000e-02  3.35495729e-09  4.59767615e-01  4.59767615e-01  3.15131832e-09  4.59767615e-01  4.59767615e-01  3.37514451e-09  1.60242632e-07  8.22275905e-08  7.00000000e-02 
 8.00000000e-02  3.35495728e-09  4.59767595e-01  4.59767595e-01  3.15131831e-09  4.59767595e-01  4.59767595e-01  3.37514450e-09  1.60242611e-07  8.22272535e-08  8.00000000e-02 
 9.00000000e-02  3.35495723e-09  4.59767598e-01  4.59767599e-01  3.15131831e-09  4.59767598e-01  4.59767598e-01  3.37514450e-09  1.60242607e-07  8.22269373e-08  9.00000000e-02 
 1.00000000e-01  3.35495723e-09  4.59767617e-01  4.59767617e-01  3.15131832e-09  4.59767617e-01  4.59767617e-01  3.37514451e-09  1.60242628e-07  8.22266681e-08  1.00000000e-01 
 1.10000000e-01  3.35495723e-09  4.59767624e-01  4.59767624e-01  3.15131832e-09  4.59767624e-01  4.59767624e-01  3.37514451e-09  1.60242654e-07  8.22265100e-08  1.10000000e-01 
 1.20000000e-01  3.35495723e-09  4.59767627e-01  4.59767627e-01  3.15131832e-09  4.59767627e-01  4.59767627e-01  3.37514451e-09  1.60242667e-07  8.22262498e-08  1.20000000e-01 
 1.30000000e-01  3.35495723e-09  4.59767632e-01  4.59767632e-01  3.15131832e-09  4.59767632e-01  4.59767632e-01  3.37514456e-09  1.60242660e-07  8.22260517e-08  1.30000000e-01 
 1.40000000e-01  3.35495729e-09  4.59767623e-01  4.59767623e-01  3.15131832e-09  4.59767623e-01  4.59767623e-01  3.37514449e-09  1.60242654e-07  8.22257187e-08  1.40000000e-01 
 1.50000000e-01  3.35495729e-09  4.59767639e-01  4.59767639e-01  3.15131832e-09  4.59767639e-01  4.59767639e-01  3.37514451e-09  1.60242666e-07  8.22256112e-08  1.50000000e-01 
 1.60000000e-01  3.35495729e-09  4.59767616e-01  4.59767616e-01  3.15131826e-09  4.59767616e-01  4.59767616e-01  3.37514449e-09  1.60242631e-07  8.22253856e-08  1.60000000e-01 
 1.70000000e-01  3.35495729e-09  4.59767613e-01  4.59767613e-01  3.15131832e-09  4.59767613e-01  4.59767613e-01  3.37514451e-09  1.60242641e-07  8.22251156e-08  1.70000000e-01 
 1.80000000e-01  3.35495729e-09  4.59767610e-01  4.59767610e-01  3.15131832e-09  4.59767610e-01  4.59767610e-01  3.37514450e-09  1.60242632e-07  8.22249806e-08  1.80000000e-01 
 1.90000000e-01  3.35495729e-09  4.59767617e-01  4.59767617e-01  3.15131832e-09  4.59767616e-01  4.59767617e-01  3.37514456e-09  1.60242633e-07  8.22247337e-08  1.90000000e-01 
 2.00000000e-01  3.35495729e-09  4.59767611e-01  4.59767611e-01  3.15131832e-09  4.59767611e-01  4.59767611e-01  3.37514455e-09  1.60242633e-07  8.22245063e-08  2.00000000e-01 
 2.10000000e-01  3.35495728e-09  4.59767604e-01  4.59767604e-01  3.15131831e-09  4.59767603e-01  4.59767604e-01  3.37514450e-09  1.60242621e-07  8.22243837e-08  2.10000000e-01 
 2.20000000e-01  3.35495729e-09  4.59767620e-01  4.59767620e-01  3.15131832e-09  4.59767620e-01  4.59767620e-01  3.37514457e-09  1.60242642e-07  8.22243127e-08  2.20000000e-01 
 2.30000000e-01  3.35495723e-09  4.59767621e-01  4.59767621e-01  3.15131832e-09  4.59767621e-01  4.59767621e-01  3.37514455e-09  1.60242630e-07  8.22240764e-08  2.30000000e-01 
 2.40000000e-01  3.35495729e-09  4.59767619e-01  4.59767619e-01  3.15131832e-09  4.59767619e-01  4.59767619e-01  3.37514456e-09  1.60242644e-07  8.22240640e-08  2.40000000e-01 
 2.50000000e-01  3.35495728e-09  4.59767608e-01  4.59767608e-01  3.15131831e-09  4.59767608e-01  4.59767608e-01  3.37514456e-09  1.60242631e-07  8.22237460e-08  2.50000000e-01 
 2.60000000e-01  3.35495728e-09  4.59767599e-01  4.59767599e-01  3.15131831e-09  4.59767599e-01  4.59767599e-01  3.37514456e-09  1.60242597e-07  8.22237229e-08  2.60000000e-01 
 2.70000000e-01  3.35495729e-09  4.59767632e-01  4.59767632e-01  3.15131832e-09  4.59767632e-01  4.59767632e-01  3.37514456e-09  1.60242656e-07  8.22235915e-08  2.70000000e-01 
 2.80000000e-01  3.35495729e-09  4.59767619e-01  4.59767619e-01  3.15131832e-09  4.59767619e-01  4.59767619e-01  3.37514456e-09  1.60242629e-07  8.22233712e-08  2.80000000e-01 
 2.90000000e-01  3.35495729e-09  4.59767632e-01  4.59767632e-01  3.15131832e-09  4.59767632e-01  4.59767632e-01  3.37514450e-09  1.60242660e-07  8.22233837e-08  2.90000000e-01 
 3.00000000e-01  3.35495728e-09  4.59767592e-01  4.59767592e-01  3.15131831e-09  4.59767592e-01  4.59767592e-01  3.37514451e-09  1.60242594e-07  8.22230852e-08  3.00000000e-01 
 3.10000000e-01  3.35495728e-09  4.59767606e-01  4.59767606e-01  3.15131831e-09  4.59767606e-01  4.59767606e-01  3.37514450e-09  1.60242621e-07  8.22231101e-08  3.10000000e-01 
 3.20000000e-01  3.35495729e-09  4.59767634e-01  4.59767634e-01  3.15131832e-09  4.59767634e-01  4.59767634e-01  3.37514451e-09  1.60242663e-07  8.22231030e-08  3.20000000e-01 
 3.30000000e-01  3.35495723e-09  4.59767601e-01  4.59767601e-01  3.15131831e-09  4.59767601e-01  4.59767601e-01  3.37514450e-09  1.60242613e-07  8.22229111e-08  3.30000000e-01 
 3.40000000e-01  3.35495723e-09  4.59767625e-01  4.59767625e-01  3.15131832e-09  4.59767625e-01  4.59767625e-01  3.37514451e-09  1.60242644e-07  8.22229076e-08  3.40000000e-01 
 3.50000000e-01  3.35495728e-09  4.59767595e-01  4.59767595e-01  3.15131831e-09  4.59767594e-01  4.59767595e-01  3.37514456e-09  1.60242605e-07  8.22226198e-08  3.50000000e-01 
 3.60000000e-01  3.35495723e-09  4.59767616e-01  4.59767616e-01  3.15131832e-09  4.59767616e-01  4.59767616e-01  3.37514455e-09  1.60242634e-07  8.22224777e-08  3.60000000e-01 
 3.70000000e-01  3.35495729e-09  4.59767617e-01  4.59767618e-01  3.15131832e-09  4.59767617e-01  4.59767617e-01  3.37514456e-09  1.60242625e-07  8.22225843e-08  3.70000000e-01 
 3.80000000e-01  3.35495729e-09  4.59767619e-01  4.59767619e-01  3.15131832e-09  4.59767619e-01  4.59767619e-01  3.37514456e-09  1.60242645e-07  8.22224990e-08  3.80000000e-01 
 3.90000000e-01  3.35495723e-09  4.59767623e-01  4.59767623e-01  3.15131832e-09  4.59767623e-01  4.59767623e-01  3.37514450e-09  1.60242653e-07  8.22224564e-08  3.90000000e-01 
 4.00000000e-01  3.35495723e-09  4.59767611e-01  4.59767611e-01  3.15131832e-09  4.59767611e-01  4.59767611e-01  3.37514457e-09  1.60242635e-07  8.22221438e-08  4.00000000e-01 
 4.10000000e-01  3.35495729e-09  4.59767611e-01  4.59767611e-01  3.15131832e-09  4.59767611e-01  4.59767611e-01  3.37514449e-09  1.60242626e-07  8.22221757e-08  4.10000000e-01 
 4.20000000e-01  3.35495723e-09  4.59767621e-01  4.59767621e-01  3.15131826e-09  4.59767621e-01  4.59767621e-01  3.37514451e-09  1.60242640e-07  8.22220585e-08  4.20000000e-01 
 4.30000000e-01  3.35495729e-09  4.59767609e-01  4.59767609e-01  3.15131831e-09  4.59767608e-01  4.59767609e-01  3.37514450e-09  1.60242629e-07  8.22219270e-08  4.30000000e-01 
 4.40000000e-01  3.35495723e-09  4.59767622e-01  4.59767622e-01  3.15131832e-09  4.59767622e-01  4.59767622e-01  3.37514451e-09  1.60242650e-07  8.22219413e-08  4.40000000e-01 
 4.50000000e-01  3.35495729e-09  4.59767620e-01  4.59767620e-01  3.15131832e-09  4.59767620e-01  4.59767620e-01  3.37514451e-09  1.60242656e-07  8.22217920e-08  4.50000000e-01 
 4.60000000e-01  3.35495723e-09  4.59767610e-01  4.59767610e-01  3.15131832e-09  4.59767610e-01  4.59767610e-01  3.37514456e-09  1.60242624e-07  8.22216748e-08  4.60000000e-01 
 4.70000000e-01  3.35495729e-09  4.59767614e-01  4.59767614e-01  3.15131832e-09  4.59767614e-01  4.59767614e-01  3.37514449e-09  1.60242628e-07  8.22217316e-08  4.70000000e-01 
 4.80000000e-01  3.35495729e-09  4.59767612e-01  4.59767612e-01  3.15131832e-09  4.59767611e-01  4.59767612e-01  3.37514457e-09  1.60242635e-07  8.22215824e-08  4.80000000e-01 
 4.90000000e-01  3.35495723e-09  4.59767624e-01  4.59767624e-01  3.15131826e-09  4.59767624e-01  4.59767624e-01  3.37514455e-09  1.60242633e-07  8.22215611e-08  4.90000000e-01 
 5.00000000e-01  3.35495729e-09  4.59767625e-01  4.59767625e-01  3.15131832e-09  4.59767625e-01  4.59767625e-01  3.37514450e-09  1.60242638e-07  8.22214368e-08  5.00000000e-01 
 5.10000000e-01  3.35495729e-09  4.59767630e-01  4.59767630e-01  3.15131832e-09  4.59767630e-01  4.59767630e-01  3.37514451e-09  1.60242647e-07  8.22213977e-08  5.10000000e-01 
 5.20000000e-01  3.35495723e-09  4.59767625e-01  4.59767625e-01  3.15131832e-09  4.59767625e-01  4.59767625e-01  3.37514449e-09  1.60242641e-07  8.22213408e-08  5.20000000e-01 
 5.30000000e-01  3.35495723e-09  4.59767632e-01  4.59767632e-01  3.15131832e-09  4.59767632e-01  4.59767632e-01  3.37514451e-09  1.60242659e-07  8.22213231e-08  5.30000000e-01 
 5.40000000e-01  3.35495723e-09  4.59767629e-01  4.59767629e-01  3.15131832e-09  4.59767629e-01  4.59767629e-01  3.37514449e-09  1.60242664e-07  8.22212165e-08  5.40000000e-01 
 5.50000000e-01  3.35495723e-09  4.59767613e-01  4.59767613e-01  3.15131832e-09  4.59767613e-01  4.59767613e-01  3.37514451e-09  1.60242627e-07  8.22210708e-08  5.50000000e-01 
 5.60000000e-01  3.35495728e-09  4.59767607e-01  4.59767607e-01  3.15131831e-09  4.59767607e-01  4.59767607e-01  3.37514456e-09  1.60242614e-07  8.22209785e-08  5.60000000e-01 
 5.70000000e-01  3.35495723e-09  4.59767617e-01  4.59767617e-01  3.15131832e-09  4.59767617e-01  4.59767617e-01  3.37514449e-09  1.60242645e-07  8.22208861e-08  5.70000000e-01 
 5.80000000e-01  3.35495723e-09  4.59767625e-01  4.59767625e-01  3.15131832e-09  4.59767625e-01  4.59767625e-01  3.37514451e-09  1.60242661e-07  8.22209856e-08  5.80000000e-01 
 5.90000000e-01  3.35495723e-09  4.59767597e-01  4.59767597e-01  3.15131831e-09  4.59767597e-01  4.59767597e-01  3.37514455e-09  1.60242609e-07  8.22207440e-08  5.90000000e-01 
 6.00000000e-01  3.35495729e-09  4.59767614e-01  4.59767614e-01  3.15131826e-09  4.59767614e-01  4.59767614e-01  3.37514456e-09  1.60242637e-07  8.22206587e-08  6.00000000e-01 
 6.10000000e-01  3.35495729e-09  4.59767630e-01  4.59767630e-01  3.15131832e-09  4.59767630e-01  4.59767630e-01  3.37514456e-09  1.60242654e-07  8.22207653e-08  6.10000000e-01 
 6.20000000e-01  3.35495728e-09  4.59767607e-01  4.59767607e-01  3.15131831e-09  4.59767607e-01  4.59767607e-01  3.37514450e-09  1.60242620e-07  8.22206090e-08  6.20000000e-01 
 6.30000000e-01  3.35495723e-09  4.59767594e-01  4.59767594e-01  3.15131826e-09  4.59767594e-01  4.59767594e-01  3.37514451e-09  1.60242599e-07  8.22205024e-08  6.30000000e-01 
 6.40000000e-01  3.35495723e-09  4.59767610e-01  4.59767610e-01  3.15131832e-09  4.59767610e-01  4.59767610e-01  3.37514450e-09  1.60242628e-07  8.22203674e-08  6.40000000e-01 
 6.50000000e-01  3.35495729e-09  4.59767616e-01  4.59767616e-01  3.15131826e-09  4.59767616e-01  4.59767616e-01  3.37514456e-09  1.60242644e-07  8.22204029e-08  6.50000000e-01 
 6.60000000e-01  3.35495723e-09  4.59767629e-01  4.59767629e-01  3.15131832e-09  4.59767629e-01  4.59767629e-01  3.37514455e-09  1.60242659e-07  8.22203816e-08  6.60000000e-01 
 6.70000000e-01  3.35495723e-09  4.59767628e-01  4.59767628e-01  3.15131832e-09  4.59767628e-01  4.59767628e-01  3.37514450e-09  1.60242651e-07  8.22203816e-08  6.70000000e-01 
 6.80000000e-01  3.35495723e-09  4.59767607e-01  4.59767607e-01  3.15131831e-09  4.59767607e-01  4.59767607e-01  3.37514457e-09  1.60242632e-07  8.22201613e-08  6.80000000e-01 
 6.90000000e-01  3.35495723e-09  4.59767607e-01  4.59767607e-01  3.15131831e-09  4.59767607e-01  4.59767607e-01  3.37514455e-09  1.60242605e-07  8.22201542e-08  6.90000000e-01 
 7.00000000e-01  3.35495729e-09  4.59767618e-01  4.59767618e-01  3.15131832e-09  4.59767618e-01  4.59767618e-01  3.37514450e-09  1.60242652e-07  8.22201969e-08  7.00000000e-01 
 7.10000000e-01  3.35495723e-09  4.59767611e-01  4.59767611e-01  3.15131832e-09  4.59767611e-01  4.59767611e-01  3.37514451e-09  1.60242638e-07  8.22199766e-08  7.10000000e-01 
 7.20000000e-01  3.35495729e-09  4.59767637e-01  4.59767637e-01  3.15131826e-09  4.59767637e-01  4.59767637e-01  3.37514456e-09  1.60242652e-07  8.22199837e-08  7.20000000e-01 
 7.30000000e-01  3.35495729e-09  4.59767620e-01  4.59767620e-01  3.15131832e-09  4.59767620e-01  4.59767620e-01  3.37514455e-09  1.60242648e-07  8.22198132e-08  7.30000000e-01 
 7.40000000e-01  3.35495723e-09  4.59767611e-01  4.59767611e-01  3.15131832e-09  4.59767610e-01  4.59767611e-01  3.37514450e-09  1.60242625e-07  8.22197279e-08  7.40000000e-01 
 7.50000000e-01  3.35495729e-09  4.59767616e-01  4.59767616e-01  3.15131832e-09  4.59767616e-01  4.59767616e-01  3.37514451e-09  1.60242632e-07  8.22197350e-08  7.50000000e-01 
 7.60000000e-01  3.35495723e-09  4.59767597e-01  4.59767597e-01  3.15131831e-09  4.59767597e-01  4.59767597e-01  3.37514456e-09  1.60242607e-07  8.22196142e-08  7.60000000e-01 
 7.70000000e-01  3.35495723e-09  4.59767608e-01  4.59767608e-01  3.15131831e-09  4.59767608e-01  4.59767608e-01  3.37514449e-09  1.60242632e-07  8.22195645e-08  7.70000000e-01 
 7.80000000e-01  3.35495723e-09  4.59767613e-01  4.59767613e-01  3.15131832e-09  4.59767613e-01  4.59767613e-01  3.37514451e-09  1.60242627e-07  8.22194721e-08  7.80000000e-01 
 7.90000000e-01  3.35495729e-09  4.59767619e-01  4.59767619e-01  3.15131832e-09  4.59767619e-01  4.59767619e-01  3.37514451e-09  1.60242628e-07  8.22194153e-08  7.90000000e-01 
 8.00000000e-01  3.35495723e-09  4.59767624e-01  4.59767624e-01  3.15131832e-09  4.59767624e-01  4.59767624e-01  3.37514451e-09  1.60242649e-07  8.22192661e-08  8.00000000e-01 
 8.10000000e-01  3.35495729e-09  4.59767609e-01  4.59767609e-01  3.15131832e-09  4.59767609e-01  4.59767609e-01  3.37514450e-09  1.60242624e-07  8.22192519e-08  8.10000000e-01 
 8.20000000e-01  3.35495728e-09  4.59767608e-01  4.59767608e-01  3.15131831e-09  4.59767608e-01  4.59767608e-01  3.37514450e-09  1.60242617e-07  8.22192590e-08  8.20000000e-01 
 8.30000000e-01  3.35495723e-09  4.59767637e-01  4.59767637e-01  3.15131832e-09  4.59767637e-01  4.59767637e-01  3.37514456e-09  1.60242675e-07  8.22192305e-08  8.30000000e-01 
 8.40000000e-01  3.35495723e-09  4.59767613e-01  4.59767613e-01  3.15131832e-09  4.59767613e-01  4.59767613e-01  3.37514455e-09  1.60242616e-07  8.22191595e-08  8.40000000e-01 
 8.50000000e-01  3.35495723e-09  4.59767601e-01  4.59767601e-01  3.15131831e-09  4.59767601e-01  4.59767601e-01  3.37514450e-09  1.60242612e-07  8.22190884e-08  8.50000000e-01 
 8.60000000e-01  3.35495723e-09  4.59767630e-01  4.59767631e-01  3.15131832e-09  4.59767630e-01  4.59767630e-01  3.37514451e-09  1.60242646e-07  8.22190600e-08  8.60000000e-01 
 8.70000000e-01  3.35495723e-09  4.59767617e-01  4.59767617e-01  3.15131832e-09  4.59767617e-01  4.59767617e-01  3.37514455e-09  1.60242636e-07  8.22188539e-08  8.70000000e-01 
 8.80000000e-01  3.35495723e-09  4.59767603e-01  4.59767603e-01  3.15131831e-09  4.59767603e-01  4.59767603e-01  3.37514450e-09  1.60242613e-07  8.22187616e-08  8.80000000e-01 
 8.90000000e-01  3.35495728e-09  4.59767602e-01  4.59767602e-01  3.15131831e-09  4.59767602e-01  4.59767602e-01  3.37514451e-09  1.60242616e-07  8.22187118e-08  8.90000000e-01 
 9.00000000e-01  3.35495723e-09  4.59767613e-01  4.59767613e-01  3.15131826e-09  4.59767613e-01  4.59767613e-01  3.37514450e-09  1.60242629e-07  8.22186834e-08  9.00000000e-01 
 9.10000000e-01  3.35495729e-09  4.59767630e-01  4.59767630e-01  3.15131832e-09  4.59767630e-01  4.59767630e-01  3.37514456e-09  1.60242674e-07  8.22185200e-08  9.10000000e-01 
 9.20000000e-01  3.35495729e-09  4.59767628e-01  4.59767628e-01  3.15131826e-09  4.59767628e-01  4.59767628e-01  3.37514455e-09  1.60242650e-07  8.22185555e-08  9.20000000e-01 
 9.30000000e-01  3.35495729e-09  4.59767651e-01  4.59767651e-01  3.15131832e-09  4.59767651e-01  4.59767651e-01  3.37514450e-09  1.60242692e-07  8.22186053e-08  9.30000000e-01 
 9.40000000e-01  3.35495727e-09  4.59767620e-01  4.59767620e-01  3.15131832e-09  4.59767619e-01  4.59767619e-01  3.37514451e-09  1.60242627e-07  8.22183495e-08  9.40000000e-01 
 9.50000000e-01  3.35495729e-09  4.59767608e-01  4.59767608e-01  3.15131831e-09  4.59767608e-01  4.59767608e-01  3.37514450e-09  1.60242621e-07  8.22182642e-08  9.50000000e-01 
 9.60000000e-01  3.35495723e-09  4.59767603e-01  4.59767603e-01  3.15131831e-09  4.59767603e-01  4.59767603e-01  3.37514450e-09  1.60242605e-07  8.22182500e-08  9.60000000e-01 
 9.70000000e-01  3.35495728e-09  4.59767599e-01  4.59767599e-01  3.15131831e-09  4.59767599e-01  4.59767599e-01  3.37514450e-09  1.60242596e-07  8.22181150e-08  9.70000000e-01 
 9.80000000e-01  3.35495728e-09  4.59767600e-01  4.59767600e-01  3.15131831e-09  4.59767600e-01  4.59767600e-01  3.37514456e-09  1.60242607e-07  8.22180368e-08  9.80000000e-01 
 9.90000000e-01  3.35495729e-09  4.59767629e-01  4.59767629e-01  3.15131832e-09  4.59767629e-01  4.59767629e-01  3.37514455e-09  1.60242657e-07  8.22180510e-08  9.90000000e-01 
 1.00000000e+00  3.35495729e-09  4.59767611e-01  4.59767611e-01  3.15131826e-09  4.59767611e-01  4.59767611e-01  3.37514456e-09  1.60242630e-07  8.22179516e-08  1.00000000e+00 
 1.01000000e+00  3.35495728e-09  4.59767606e-01  4.59767606e-01  3.15131831e-09  4.59767606e-01  4.59767606e-01  3.37514450e-09  1.60242618e-07  8.22178379e-08  1.01000000e+00 
 1.02000000e+00  3.35495723e-09  4.59767626e-01  4.59767626e-01  3.15131832e-09  4.59767626e-01  4.59767626e-01  3.37514451e-09  1.60242641e-07  8.22178947e-08  1.02000000e+00 
 1.03000000e+00  3.35495729e-09  4.59767626e-01  4.59767626e-01  3.15131826e-09  4.59767626e-01  4.59767626e-01  3.37514455e-09  1.60242660e-07  8.22178521e-08  1.03000000e+00 
 1.04000000e+00  3.35495729e-09  4.59767645e-01  4.59767645e-01  3.15131832e-09  4.59767644e-01  4.59767645e-01  3.37514456e-09  1.60242681e-07  8.22177313e-08  1.04000000e+00 
 1.05000000e+00  3.35495723e-09  4.59767622e-01  4.59767622e-01  3.15131832e-09  4.59767622e-01  4.59767622e-01  3.37514450e-09  1.60242652e-07  8.22175963e-08  1.05000000e+00 
 1.06000000e+00  3.35495729e-09  4.59767611e-01  4.59767611e-01  3.15131832e-09  4.59767610e-01  4.59767611e-01  3.37514451e-09  1.60242620e-07  8.22175465e-08  1.06000000e+00 
 1.07000000e+00  3.35495723e-09  4.59767602e-01  4.59767602e-01  3.15131831e-09  4.59767602e-01  4.59767602e-01  3.37514450e-09  1.60242609e-07  8.22173689e-08  1.07000000e+00 
 1.08000000e+00  3.35495729e-09  4.59767616e-01  4.59767616e-01  3.15131832e-09  4.59767616e-01  4.59767616e-01  3.37514451e-09  1.60242618e-07  8.22172765e-08  1.08000000e+00 
 1.09000000e+00  3.35495723e-09  4.59767622e-01  4.59767622e-01  3.15131832e-09  4.59767622e-01  4.59767622e-01  3.37514456e-09  1.60242650e-07  8.22173192e-08  1.09000000e+00 
 1.10000000e+00  3.35495723e-09  4.59767614e-01  4.59767614e-01  3.15131832e-09  4.59767614e-01  4.59767614e-01  3.37514455e-09  1.60242638e-07  8.22172055e-08  1.10000000e+00 
 1.11000000e+00  3.35495723e-09  4.59767621e-01  4.59767621e-01  3.15131832e-09  4.59767621e-01  4.59767621e-01  3.37514450e-09  1.60242626e-07  8.22171202e-08  1.11000000e+00 
 1.12000000e+00  3.35495723e-09  4.59767635e-01  4.59767635e-01  3.15131832e-09  4.59767635e-01  4.59767635e-01  3.37514457e-09  1.60242660e-07  8.22170136e-08  1.12000000e+00 
 1.13000000e+00  3.35495723e-09  4.59767626e-01  4.59767626e-01  3.15131832e-09  4.59767626e-01  4.59767626e-01  3.37514449e-09  1.60242650e-07  8.22168644e-08  1.13000000e+00 
 1.14000000e+00  3.35495729e-09  4.59767609e-01  4.59767609e-01  3.15131832e-09  4.59767609e-01  4.59767609e-01  3.37514451e-09  1.60242618e-07  8.22169142e-08  1.14000000e+00 
 1.15000000e+00  3.35495728e-09  4.59767603e-01  4.59767603e-01  3.15131831e-09  4.59767603e-01  4.59767603e-01  3.37514456e-09  1.60242609e-07  8.22167294e-08  1.15000000e+00 
 1.16000000e+00  3.35495729e-09  4.59767628e-01  4.59767628e-01  3.15131832e-09  4.59767628e-01  4.59767628e-01  3.37514449e-09  1.60242651e-07  8.22167010e-08  1.16000000e+00 
 1.17000000e+00  3.35495723e-09  4.59767608e-01  4.59767608e-01  3.15131831e-09  4.59767608e-01  4.59767608e-01  3.37514457e-09  1.60242627e-07  8.22166015e-08  1.17000000e+00 
 1.18000000e+00  3.35495723e-09  4.59767607e-01  4.59767608e-01  3.15131831e-09  4.59767607e-01  4.59767607e-01  3.37514449e-09  1.60242630e-07  8.22164452e-08  1.18000000e+00 
 1.19000000e+00  3.35495723e-09  4.59767618e-01  4.59767619e-01  3.15131832e-09  4.59767618e-01  4.59767618e-01  3.37514451e-09  1.60242634e-07  8.22164168e-08  1.19000000e+00 
 1.20000000e+00  3.35495729e-09  4.59767645e-01  4.59767645e-01  3.15131832e-09  4.59767645e-01  4.59767645e-01  3.37514451e-09  1.60242673e-07  8.22164168e-08  1.20000000e+00 
 1.21000000e+00  3.35495729e-09  4.59767630e-01  4.59767630e-01  3.15131832e-09  4.59767630e-01  4.59767630e-01  3.37514456e-09  1.60242647e-07  8.22162605e-08  1.21000000e+00 
 1.22000000e+00  3.35495729e-09  4.59767621e-01  4.59767621e-01  3.15131832e-09  4.59767621e-01  4.59767621e-01  3.37514449e-09  1.60242642e-07  8.22161752e-08  1.22000000e+00 
 1.23000000e+00  3.35495728e-09  4.59767602e-01  4.59767602e-01  3.15131831e-09  4.59767602e-01  4.59767602e-01  3.37514451e-09  1.60242610e-07  8.22160331e-08  1.23000000e+00 
 1.24000000e+00  3.35495728e-09  4.59767593e-01  4.59767593e-01  3.15131831e-09  4.59767593e-01  4.59767593e-01  3.37514450e-09  1.60242596e-07  8.22158057e-08  1.24000000e+00 
 1.25000000e+00  3.35495723e-09  4.59767634e-01  4.59767634e-01  3.15131832e-09  4.59767634e-01  4.59767634e-01  3.37514456e-09  1.60242656e-07  8.22158484e-08  1.25000000e+00 
 1.26000000e+00  3.35495723e-09  4.59767632e-01  4.59767632e-01  3.15131826e-09  4.59767632e-01  4.59767632e-01  3.37514449e-09  1.60242655e-07  8.22158341e-08  1.26000000e+00 
 1.27000000e+00  3.35495729e-09  4.59767619e-01  4.59767619e-01  3.15131832e-09  4.59767619e-01  4.59767619e-01  3.37514451e-09  1.60242656e-07  8.22157205e-08  1.27000000e+00 
 1.28000000e+00  3.35495729e-09  4.59767624e-01  4.59767624e-01  3.15131832e-09  4.59767624e-01  4.59767624e-01  3.37514451e-09  1.60242658e-07  8.22156068e-08  1.28000000e+00 
 1.29000000e+00  3.35495729e-09  4.59767617e-01  4.59767617e-01  3.15131832e-09  4.59767617e-01  4.59767617e-01  3.37514451e-09  1.60242652e-07  8.22154789e-08  1.29000000e+00 
 1.30000000e+00  3.35495723e-09  4.59767621e-01  4.59767621e-01  3.15131832e-09  4.59767620e-01  4.59767621e-01  3.37514451e-09  1.60242650e-07  8.22153936e-08  1.30000000e+00 
 1.31000000e+00  3.35495723e-09  4.59767619e-01  4.59767620e-01  3.15131832e-09  4.59767619e-01  4.59767619e-01  3.37514451e-09  1.60242639e-07  8.22153510e-08  1.31000000e+00 
 1.32000000e+00  3.35495723e-09  4.59767596e-01  4.59767596e-01  3.15131826e-09  4.59767596e-01  4.59767596e-01  3.37514456e-09  1.60242590e-07  8.22150383e-08  1.32000000e+00 
 1.33000000e+00  3.35495723e-09  4.59767623e-01  4.59767623e-01  3.15131826e-09  4.59767623e-01  4.59767623e-01  3.37514455e-09  1.60242649e-07  8.22151804e-08  1.33000000e+00 
 1.34000000e+00  3.35495729e-09  4.59767609e-01  4.59767609e-01  3.15131832e-09  4.59767609e-01  4.59767609e-01  3.37514456e-09  1.60242627e-07  8.22149104e-08  1.34000000e+00 
 1.35000000e+00  3.35495728e-09  4.59767581e-01  4.59767581e-01  3.15131831e-09  4.59767581e-01  4.59767581e-01  3.37514450e-09  1.60242568e-07  8.22148394e-08  1.35000000e+00 
 1.36000000e+00  3.35495728e-09  4.59767593e-01  4.59767593e-01  3.15131831e-09  4.59767593e-01  4.59767593e-01  3.37514451e-09  1.60242588e-07  8.22146689e-08  1.36000000e+00 
 1.37000000e+00  3.35495729e-09  4.59767614e-01  4.59767614e-01  3.15131832e-09  4.59767614e-01  4.59767614e-01  3.37514451e-09  1.60242645e-07  8.22144273e-08  1.37000000e+00 
 1.38000000e+00  3.35495729e-09  4.59767617e-01  4.59767617e-01  3.15131832e-09  4.59767617e-01  4.59767617e-01  3.37514451e-09  1.60242639e-07  8.22143562e-08  1.38000000e+00 
 1.39000000e+00  3.35495723e-09  4.59767608e-01  4.59767608e-01  3.15131831e-09  4.59767608e-01  4.59767608e-01  3.37514450e-09  1.60242612e-07  8.22142994e-08  1.39000000e+00 
 1.40000000e+00  3.35495723e-09  4.59767601e-01  4.59767601e-01  3.15131831e-09  4.59767601e-01  4.59767601e-01  3.37514450e-09  1.60242615e-07  8.22141573e-08  1.40000000e+00 
 1.41000000e+00  3.35495728e-09  4.59767608e-01  4.59767608e-01  3.15131831e-09  4.59767608e-01  4.59767608e-01  3.37514450e-09  1.60242632e-07  8.22139583e-08  1.41000000e+00 
 1.42000000e+00  3.35495723e-09  4.59767635e-01  4.59767636e-01  3.15131832e-09  4.59767635e-01  4.59767635e-01  3.37514451e-09  1.60242663e-07  8.22139015e-08  1.42000000e+00 
 1.43000000e+00  3.35495723e-09  4.59767617e-01  4.59767617e-01  3.15131832e-09  4.59767616e-01  4.59767617e-01  3.37514451e-09  1.60242631e-07  8.22135462e-08  1.43000000e+00 
 1.44000000e+00  3.35495723e-09  4.59767627e-01  4.59767627e-01  3.15131832e-09  4.59767627e-01  4.59767627e-01  3.37514451e-09  1.60242646e-07  8.22134893e-08  1.44000000e+00 
 1.45000000e+00  3.35495729e-09  4.59767616e-01  4.59767616e-01  3.15131832e-09  4.59767616e-01  4.59767616e-01  3.37514456e-09  1.60242646e-07  8.22132336e-08  1.45000000e+00 
 1.46000000e+00  3.35495729e-09  4.59767643e-01  4.59767644e-01  3.15131832e-09  4.59767643e-01  4.59767643e-01  3.37514455e-09  1.60242657e-07  8.22130062e-08  1.46000000e+00 
 1.47000000e+00  3.35495729e-09  4.59767623e-01  4.59767623e-01  3.15131826e-09  4.59767623e-01  4.59767623e-01  3.37514456e-09  1.60242645e-07  8.22127504e-08  1.47000000e+00 
 1.48000000e+00  3.35495729e-09  4.59767623e-01  4.59767623e-01  3.15131832e-09  4.59767623e-01  4.59767623e-01  3.37514450e-09  1.60242648e-07  8.22124093e-08  1.48000000e+00 
 1.49000000e+00  3.35495723e-09  4.59767617e-01  4.59767618e-01  3.15131832e-09  4.59767617e-01  4.59767617e-01  3.37514457e-09  1.60242638e-07  8.22120683e-08  1.49000000e+00 
 1.50000000e+00  3.35495723e-09  4.59767611e-01  4.59767611e-01  3.15131832e-09  4.59767611e-01  4.59767611e-01  3.37514449e-09  1.60242618e-07  8.22116419e-08  1.50000000e+00 
 1.51000000e+00  3.35495723e-09  4.59767611e-01  4.59767611e-01  3.15131832e-09  4.59767611e-01  4.59767611e-01  3.37514457e-09  1.60242626e-07  8.22110451e-08  1.51000000e+00 
 1.52000000e+00  3.35495723e-09  4.59767598e-01  4.59767598e-01  3.15131831e-09  4.59767598e-01  4.59767598e-01  3.37514449e-09  1.60242596e-07  8.22104482e-08  1.52000000e+00 
 1.53000000e+00  3.35495723e-09  4.59767609e-01  4.59767609e-01  3.15131826e-09  4.59767609e-01  4.59767609e-01  3.37514451e-09  1.60242622e-07  8.22095103e-08  1.53000000e+00 
 1.54000000e+00  3.35495723e-09  4.59767637e-01  4.59767638e-01  3.15131832e-09  4.59767637e-01  4.59767637e-01  3.37514456e-09  1.60242667e-07  8.22084303e-08  1.54000000e+00 
 1.55000000e+00  3.35495723e-09  4.59767626e-01  4.59767626e-01  3.15131832e-09  4.59767626e-01  4.59767626e-01  3.37514455e-09  1.60242633e-07  8.22068955e-08  1.55000000e+00 
 1.56000000e+00  3.35495723e-09  4.59767625e-01  4.59767625e-01  3.15131832e-09  4.59767625e-01  4.59767625e-01  3.37514456e-09  1.60242640e-07  8.22044370e-08  1.56000000e+00 
 1.57000000e+00  3.35495723e-09  4.59767629e-01  4.59767629e-01  3.15131832e-09  4.59767629e-01  4.59767629e-01  3.37514456e-09  1.60242657e-07  8.22010122e-08  1.57000000e+00 
 1.58000000e+00  3.35495729e-09  4.59767644e-01  4.59767644e-01  3.15131832e-09  4.59767644e-01  4.59767644e-01  3.37514450e-09  1.60242680e-07  8.21952284e-08  1.58000000e+00 
 1.59000000e+00  3.35495729e-09  4.59767644e-01  4.59767644e-01  3.15131832e-09  4.59767644e-01  4.59767644e-01  3.37514451e-09  1.60242677e-07  8.21855508e-08  1.59000000e+00 
 1.60000000e+00  3.35495723e-09  4.59767637e-01  4.59767637e-01  3.15131832e-09  4.59767637e-01  4.59767637e-01  3.37514449e-09  1.60242671e-07  8.21681851e-08  1.60000000e+00 
 1.61000000e+00  3.35495729e-09  4.59767618e-01  4.59767618e-01  3.15131832e-09  4.59767618e-01  4.59767618e-01  3.37514451e-09  1.60242646e-07  8.21365802e-08  1.61000000e+00 
 1.62000000e+00  3.35495723e-09  4.59767595e-01  4.59767595e-01  3.15131831e-09  4.59767595e-01  4.59767595e-01  3.37514450e-09  1.60242595e-07  8.20757720e-08  1.62000000e+00 
 1.63000000e+00  3.35495728e-09  4.59767608e-01  4.59767608e-01  3.15131831e-09  4.59767607e-01  4.59767608e-01  3.37514456e-09  1.60242618e-07  8.19432842e-08  1.63000000e+00 
 1.64000000e+00  3.35495723e-09  4.59767597e-01  4.59767597e-01  3.15131826e-09  4.59767597e-01  4.59767597e-01  3.37514455e-09  1.60242590e-07  8.14157204e-08  1.64000000e+00 
 1.65000000e+00  3.35495723e-09  4.59767630e-01  4.59767630e-01  3.15131832e-09  4.59767630e-01  4.59767630e-01  3.37514456e-09  1.60242650e-07  7.99452948e-08  1.65000000e+00 
 1.66000000e+00  3.35495723e-09  4.59767634e-01  4.59767634e-01  3.15131832e-09  4.59767634e-01  4.59767634e-01  3.37514450e-09  1.60242658e-07  7.07771761e-08  1.66000000e+00 
 1.67000000e+00  3.35495723e-09  4.59767622e-01  4.59767622e-01  3.15131832e-09  4.59767622e-01  4.59767622e-01  3.37514456e-09  1.60242649e-07  5.70853587e-08  1.67000000e+00 
 1.68000000e+00  3.35495723e-09  4.59767611e-01  4.59767611e-01  3.15131826e-09  4.59767611e-01  4.59767611e-01  3.37514450e-09  1.60242622e-07  4.56488181e-08  1.68000000e+00 
 1.69000000e+00  3.35495729e-09  4.59767646e-01  4.59767646e-01  3.15131832e-09  4.59767646e-01  4.59767646e-01  3.37514451e-09  1.60242676e-07  3.61747965e-08  1.69000000e+00 
 1.70000000e+00  3.35495723e-09  4.59767617e-01  4.59767617e-01  3.15131832e-09  4.59767617e-01  4.59767617e-01  3.37514449e-09  1.60242629e-07  2.83741031e-08  1.70000000e+00 
 1.71000000e+00  3.35495723e-09  4.59767602e-01  4.59767602e-01  3.15131831e-09  4.59767602e-01  4.59767602e-01  3.37514457e-09  1.60242618e-07  2.19786926e-08  1.71000000e+00 
 1.72000000e+00  3.35495728e-09  4.59767604e-01  4.59767604e-01  3.15131831e-09  4.59767603e-01  4.59767603e-01  3.37514449e-09  1.60242617e-07  1.67506755e-08  1.72000000e+00 
 1.73000000e+00  3.35495729e-09  4.59767634e-01  4.59767634e-01  3.15131832e-09  4.59767634e-01  4.59767634e-01  3.37514457e-09  1.60242650e-07  1.24836390e-08  1.73000000e+00 
 1.74000000e+00  3.35495723e-09  4.59767617e-01  4.59767617e-01  3.15131832e-09  4.59767617e-01  4.59767617e-01  3.37514449e-09  1.60242636e-07  8.99784425e-09  1.74000000e+00 
 1.75000000e+00  3.35495729e-09  4.59767619e-01  4.59767619e-01  3.15131832e-09  4.59767619e-01  4.59767619e-01  3.37514457e-09  1.60242641e-07  6.13772499e-09  1.75000000e+00 
 1.76000000e+00  3.35495729e-09  4.59767617e-01  4.59767617e-01  3.15131826e-09  4.59767617e-01  4.59767617e-01  3.37514455e-09  1.60242632e-07  3.76964238e-09  1.76000000e+00 
 1.77000000e+00  3.35495729e-09  4.59767614e-01  4.59767614e-01  3.15131826e-09  4.59767614e-01  4.59767614e-01  3.37514456e-09  1.60242628e-07  1.78897608e-09  1.77000000e+00 
 1.78000000e+00  3.35495729e-09  4.59767629e-01  4.59767629e-01  3.15131832e-09  4.59767629e-01  4.59767629e-01  3.37514450e-09  1.60242648e-07  1.31592515e-10  1.78000000e+00 
 1.79000000e+00  3.35495723e-09  4.59767624e-01  4.59767624e-01  3.15131832e-09  4.59767624e-01  4.59767624e-01  3.37514451e-09  1.60242651e-07 -1.22238930e-09  1.79000000e+00 
 1.80000000e+00  3.35495723e-09  4.59767615e-01  4.59767615e-01  3.15131832e-09  4.59767615e-01  4.59767615e-01  3.37514455e-09  1.60242644e-07 -2.27099406e-09  1.80000000e+00 
