 v-sweep         v(b0)           v(b1)           v(b2)           v(b3)           v(b4)           v(b5)           v(b6)           i(vbias)        i(viout)        v(vout)        
 0.00000000e+00  4.58821104e-01  3.35346106e-09  4.58821104e-01  4.58821104e-01  3.46940188e-09  3.45431927e-09  4.58821104e-01  1.62379276e-07  1.15143967e-07  0.00000000e+00 
 1.00000000e-02  4.58821085e-01  3.35346104e-09  4.58821085e-01  4.58821085e-01  3.46940185e-09  3.45431924e-09  4.58821085e-01  1.62379244e-07  1.15143516e-07  1.00000000e-02 
 2.00000000e-02  4.58821114e-01  3.35346104e-09  4.58821114e-01  4.58821114e-01  3.46940185e-09  3.45431930e-09  4.58821114e-01  1.62379272e-07  1.15143318e-07  2.00000000e-02 
 3.00000000e-02  4.58821110e-01  3.35346104e-09  4.58821111e-01  4.58821110e-01  3.46940191e-09  3.45431923e-09  4.58821110e-01  1.62379255e-07  1.15142854e-07  3.00000000e-02 
 4.00000000e-02  4.58821085e-01  3.35346104e-09  4.58821085e-01  4.58821085e-01  3.46940185e-09  3.45431925e-09  4.58821085e-01  1.62379227e-07  1.15142493e-07  4.00000000e-02 
 5.00000000e-02  4.58821087e-01  3.35346104e-09  4.58821088e-01  4.58821087e-01  3.46940185e-09  3.45431930e-09  4.58821087e-01  1.62379227e-07  1.15142028e-07  5.00000000e-02 
 6.00000000e-02  4.58821096e-01  3.35346104e-09  4.58821096e-01  4.58821096e-01  3.46940185e-09  3.45431929e-09  4.58821096e-01  1.62379249e-07  1.15141627e-07  6.00000000e-02 
 7.00000000e-02  4.58821076e-01  3.35346104e-09  4.58821076e-01  4.58821076e-01  3.46940190e-09  3.45431925e-09  4.58821076e-01  1.62379209e-07  1.15141332e-07  7.00000000e-02 
 8.00000000e-02  4.58821106e-01  3.35346104e-09  4.58821106e-01  4.58821105e-01  3.46940185e-09  3.45431930e-09  4.58821106e-01  1.62379275e-07  1.15141171e-07  8.00000000e-02 
 9.00000000e-02  4.58821097e-01  3.35346104e-09  4.58821097e-01  4.58821097e-01  3.46940185e-09  3.45431929e-09  4.58821097e-01  1.62379259e-07  1.15140886e-07  9.00000000e-02 
 1.00000000e-01  4.58821112e-01  3.35346104e-09  4.58821112e-01  4.58821112e-01  3.46940185e-09  3.45431925e-09  4.58821112e-01  1.62379256e-07  1.15140574e-07  1.00000000e-01 
 1.10000000e-01  4.58821105e-01  3.35346110e-09  4.58821105e-01  4.58821105e-01  3.46940185e-09  3.45431924e-09  4.58821105e-01  1.62379262e-07  1.15140384e-07  1.10000000e-01 
 1.20000000e-01  4.58821120e-01  3.35346104e-09  4.58821120e-01  4.58821120e-01  3.46940185e-09  3.45431925e-09  4.58821120e-01  1.62379289e-07  1.15140067e-07  1.20000000e-01 
 1.30000000e-01  4.58821098e-01  3.35346110e-09  4.58821098e-01  4.58821098e-01  3.46940185e-09  3.45431930e-09  4.58821098e-01  1.62379258e-07  1.15139837e-07  1.30000000e-01 
 1.40000000e-01  4.58821103e-01  3.35346110e-09  4.58821103e-01  4.58821103e-01  3.46940185e-09  3.45431929e-09  4.58821103e-01  1.62379250e-07  1.15139660e-07  1.40000000e-01 
 1.50000000e-01  4.58821111e-01  3.35346104e-09  4.58821111e-01  4.58821111e-01  3.46940185e-09  3.45431925e-09  4.58821111e-01  1.62379268e-07  1.15139288e-07  1.50000000e-01 
 1.60000000e-01  4.58821091e-01  3.35346104e-09  4.58821091e-01  4.58821091e-01  3.46940185e-09  3.45431924e-09  4.58821091e-01  1.62379239e-07  1.15139086e-07  1.60000000e-01 
 1.70000000e-01  4.58821096e-01  3.35346104e-09  4.58821096e-01  4.58821096e-01  3.46940185e-09  3.45431930e-09  4.58821096e-01  1.62379252e-07  1.15138887e-07  1.70000000e-01 
 1.80000000e-01  4.58821113e-01  3.35346104e-09  4.58821113e-01  4.58821113e-01  3.46940185e-09  3.45431923e-09  4.58821113e-01  1.62379278e-07  1.15138764e-07  1.80000000e-01 
 1.90000000e-01  4.58821108e-01  3.35346104e-09  4.58821108e-01  4.58821108e-01  3.46940185e-09  3.45431925e-09  4.58821108e-01  1.62379268e-07  1.15138597e-07  1.90000000e-01 
 2.00000000e-01  4.58821080e-01  3.35346104e-09  4.58821080e-01  4.58821080e-01  3.46940185e-09  3.45431930e-09  4.58821080e-01  1.62379230e-07  1.15138281e-07  2.00000000e-01 
 2.10000000e-01  4.58821099e-01  3.35346104e-09  4.58821099e-01  4.58821099e-01  3.46940185e-09  3.45431929e-09  4.58821099e-01  1.62379263e-07  1.15138137e-07  2.10000000e-01 
 2.20000000e-01  4.58821085e-01  3.35346104e-09  4.58821086e-01  4.58821085e-01  3.46940185e-09  3.45431931e-09  4.58821085e-01  1.62379227e-07  1.15137860e-07  2.20000000e-01 
 2.30000000e-01  4.58821113e-01  3.35346104e-09  4.58821113e-01  4.58821113e-01  3.46940185e-09  3.45431923e-09  4.58821113e-01  1.62379278e-07  1.15137809e-07  2.30000000e-01 
 2.40000000e-01  4.58821117e-01  3.35346104e-09  4.58821117e-01  4.58821117e-01  3.46940185e-09  3.45431925e-09  4.58821117e-01  1.62379277e-07  1.15137800e-07  2.40000000e-01 
 2.50000000e-01  4.58821108e-01  3.35346104e-09  4.58821108e-01  4.58821108e-01  3.46940185e-09  3.45431930e-09  4.58821108e-01  1.62379274e-07  1.15137604e-07  2.50000000e-01 
 2.60000000e-01  4.58821091e-01  3.35346104e-09  4.58821091e-01  4.58821091e-01  3.46940190e-09  3.45431929e-09  4.58821091e-01  1.62379251e-07  1.15137397e-07  2.60000000e-01 
 2.70000000e-01  4.58821115e-01  3.35346104e-09  4.58821115e-01  4.58821115e-01  3.46940185e-09  3.45431931e-09  4.58821115e-01  1.62379276e-07  1.15137347e-07  2.70000000e-01 
 2.80000000e-01  4.58821094e-01  3.35346104e-09  4.58821095e-01  4.58821094e-01  3.46940185e-09  3.45431923e-09  4.58821094e-01  1.62379250e-07  1.15137102e-07  2.80000000e-01 
 2.90000000e-01  4.58821096e-01  3.35346104e-09  4.58821096e-01  4.58821096e-01  3.46940185e-09  3.45431925e-09  4.58821096e-01  1.62379244e-07  1.15137016e-07  2.90000000e-01 
 3.00000000e-01  4.58821127e-01  3.35346104e-09  4.58821127e-01  4.58821127e-01  3.46940185e-09  3.45431930e-09  4.58821127e-01  1.62379297e-07  1.15136896e-07  3.00000000e-01 
 3.10000000e-01  4.58821089e-01  3.35346104e-09  4.58821089e-01  4.58821089e-01  3.46940185e-09  3.45431923e-09  4.58821089e-01  1.62379245e-07  1.15136690e-07  3.10000000e-01 
 3.20000000e-01  4.58821100e-01  3.35346104e-09  4.58821100e-01  4.58821100e-01  3.46940185e-09  3.45431925e-09  4.58821100e-01  1.62379260e-07  1.15136579e-07  3.20000000e-01 
 3.30000000e-01  4.58821092e-01  3.35346104e-09  4.58821092e-01  4.58821092e-01  3.46940185e-09  3.45431930e-09  4.58821092e-01  1.62379253e-07  1.15136455e-07  3.30000000e-01 
 3.40000000e-01  4.58821111e-01  3.35346110e-09  4.58821111e-01  4.58821111e-01  3.46940185e-09  3.45431923e-09  4.58821111e-01  1.62379268e-07  1.15136562e-07  3.40000000e-01 
 3.50000000e-01  4.58821100e-01  3.35346104e-09  4.58821100e-01  4.58821100e-01  3.46940185e-09  3.45431925e-09  4.58821100e-01  1.62379258e-07  1.15136199e-07  3.50000000e-01 
 3.60000000e-01  4.58821105e-01  3.35346104e-09  4.58821105e-01  4.58821105e-01  3.46940185e-09  3.45431930e-09  4.58821105e-01  1.62379260e-07  1.15136150e-07  3.60000000e-01 
 3.70000000e-01  4.58821099e-01  3.35346104e-09  4.58821099e-01  4.58821099e-01  3.46940185e-09  3.45431929e-09  4.58821099e-01  1.62379255e-07  1.15135975e-07  3.70000000e-01 
 3.80000000e-01  4.58821098e-01  3.35346104e-09  4.58821098e-01  4.58821098e-01  3.46940185e-09  3.45431925e-09  4.58821098e-01  1.62379252e-07  1.15135968e-07  3.80000000e-01 
 3.90000000e-01  4.58821109e-01  3.35346104e-09  4.58821109e-01  4.58821108e-01  3.46940185e-09  3.45431930e-09  4.58821109e-01  1.62379266e-07  1.15135883e-07  3.90000000e-01 
 4.00000000e-01  4.58821109e-01  3.35346104e-09  4.58821109e-01  4.58821109e-01  3.46940185e-09  3.45431929e-09  4.58821109e-01  1.62379280e-07  1.15135737e-07  4.00000000e-01 
 4.10000000e-01  4.58821108e-01  3.35346104e-09  4.58821108e-01  4.58821108e-01  3.46940185e-09  3.45431931e-09  4.58821108e-01  1.62379258e-07  1.15135769e-07  4.10000000e-01 
 4.20000000e-01  4.58821094e-01  3.35346104e-09  4.58821094e-01  4.58821094e-01  3.46940185e-09  3.45431929e-09  4.58821094e-01  1.62379240e-07  1.15135482e-07  4.20000000e-01 
 4.30000000e-01  4.58821119e-01  3.35346104e-09  4.58821119e-01  4.58821119e-01  3.46940185e-09  3.45431925e-09  4.58821119e-01  1.62379274e-07  1.15135528e-07  4.30000000e-01 
 4.40000000e-01  4.58821101e-01  3.35346104e-09  4.58821101e-01  4.58821101e-01  3.46940185e-09  3.45431924e-09  4.58821101e-01  1.62379251e-07  1.15135300e-07  4.40000000e-01 
 4.50000000e-01  4.58821104e-01  3.35346104e-09  4.58821105e-01  4.58821104e-01  3.46940185e-09  3.45431924e-09  4.58821105e-01  1.62379274e-07  1.15135290e-07  4.50000000e-01 
 4.60000000e-01  4.58821113e-01  3.35346104e-09  4.58821113e-01  4.58821113e-01  3.46940185e-09  3.45431930e-09  4.58821113e-01  1.62379277e-07  1.15135208e-07  4.60000000e-01 
 4.70000000e-01  4.58821104e-01  3.35346104e-09  4.58821104e-01  4.58821104e-01  3.46940185e-09  3.45431929e-09  4.58821104e-01  1.62379261e-07  1.15135144e-07  4.70000000e-01 
 4.80000000e-01  4.58821129e-01  3.35346104e-09  4.58821129e-01  4.58821129e-01  3.46940185e-09  3.45431931e-09  4.58821129e-01  1.62379288e-07  1.15135123e-07  4.80000000e-01 
 4.90000000e-01  4.58821111e-01  3.35346104e-09  4.58821111e-01  4.58821111e-01  3.46940185e-09  3.45431923e-09  4.58821111e-01  1.62379274e-07  1.15134931e-07  4.90000000e-01 
 5.00000000e-01  4.58821099e-01  3.35346104e-09  4.58821099e-01  4.58821099e-01  3.46940185e-09  3.45431925e-09  4.58821099e-01  1.62379248e-07  1.15134874e-07  5.00000000e-01 
 5.10000000e-01  4.58821081e-01  3.35346104e-09  4.58821081e-01  4.58821081e-01  3.46940185e-09  3.45431924e-09  4.58821081e-01  1.62379232e-07  1.15134686e-07  5.10000000e-01 
 5.20000000e-01  4.58821104e-01  3.35346104e-09  4.58821104e-01  4.58821104e-01  3.46940185e-09  3.45431924e-09  4.58821104e-01  1.62379257e-07  1.15134782e-07  5.20000000e-01 
 5.30000000e-01  4.58821103e-01  3.35346104e-09  4.58821103e-01  4.58821103e-01  3.46940185e-09  3.45431924e-09  4.58821103e-01  1.62379256e-07  1.15134572e-07  5.30000000e-01 
 5.40000000e-01  4.58821086e-01  3.35346104e-09  4.58821086e-01  4.58821086e-01  3.46940185e-09  3.45431930e-09  4.58821086e-01  1.62379245e-07  1.15134554e-07  5.40000000e-01 
 5.50000000e-01  4.58821120e-01  3.35346104e-09  4.58821120e-01  4.58821120e-01  3.46940185e-09  3.45431923e-09  4.58821120e-01  1.62379284e-07  1.15134569e-07  5.50000000e-01 
 5.60000000e-01  4.58821117e-01  3.35346104e-09  4.58821117e-01  4.58821117e-01  3.46940185e-09  3.45431931e-09  4.58821117e-01  1.62379272e-07  1.15134391e-07  5.60000000e-01 
 5.70000000e-01  4.58821120e-01  3.35346104e-09  4.58821120e-01  4.58821120e-01  3.46940185e-09  3.45431929e-09  4.58821120e-01  1.62379278e-07  1.15134437e-07  5.70000000e-01 
 5.80000000e-01  4.58821081e-01  3.35346104e-09  4.58821082e-01  4.58821081e-01  3.46940185e-09  3.45431925e-09  4.58821081e-01  1.62379228e-07  1.15134149e-07  5.80000000e-01 
 5.90000000e-01  4.58821112e-01  3.35346104e-09  4.58821112e-01  4.58821112e-01  3.46940185e-09  3.45431930e-09  4.58821112e-01  1.62379282e-07  1.15134263e-07  5.90000000e-01 
 6.00000000e-01  4.58821108e-01  3.35346104e-09  4.58821109e-01  4.58821108e-01  3.46940185e-09  3.45431929e-09  4.58821108e-01  1.62379269e-07  1.15133986e-07  6.00000000e-01 
 6.10000000e-01  4.58821110e-01  3.35346104e-09  4.58821110e-01  4.58821110e-01  3.46940185e-09  3.45431931e-09  4.58821110e-01  1.62379276e-07  1.15134021e-07  6.10000000e-01 
 6.20000000e-01  4.58821080e-01  3.35346104e-09  4.58821080e-01  4.58821080e-01  3.46940185e-09  3.45431923e-09  4.58821080e-01  1.62379233e-07  1.15133943e-07  6.20000000e-01 
 6.30000000e-01  4.58821106e-01  3.35346110e-09  4.58821107e-01  4.58821106e-01  3.46940185e-09  3.45431931e-09  4.58821106e-01  1.62379266e-07  1.15133815e-07  6.30000000e-01 
 6.40000000e-01  4.58821111e-01  3.35346104e-09  4.58821111e-01  4.58821111e-01  3.46940185e-09  3.45431929e-09  4.58821111e-01  1.62379277e-07  1.15133851e-07  6.40000000e-01 
 6.50000000e-01  4.58821087e-01  3.35346104e-09  4.58821087e-01  4.58821087e-01  3.46940185e-09  3.45431931e-09  4.58821087e-01  1.62379235e-07  1.15133609e-07  6.50000000e-01 
 6.60000000e-01  4.58821097e-01  3.35346104e-09  4.58821097e-01  4.58821097e-01  3.46940185e-09  3.45431923e-09  4.58821097e-01  1.62379245e-07  1.15133723e-07  6.60000000e-01 
 6.70000000e-01  4.58821104e-01  3.35346104e-09  4.58821104e-01  4.58821104e-01  3.46940185e-09  3.45431931e-09  4.58821104e-01  1.62379260e-07  1.15133446e-07  6.70000000e-01 
 6.80000000e-01  4.58821076e-01  3.35346104e-09  4.58821076e-01  4.58821076e-01  3.46940190e-09  3.45431929e-09  4.58821076e-01  1.62379219e-07  1.15133361e-07  6.80000000e-01 
 6.90000000e-01  4.58821120e-01  3.35346104e-09  4.58821120e-01  4.58821120e-01  3.46940185e-09  3.45431925e-09  4.58821120e-01  1.62379280e-07  1.15133474e-07  6.90000000e-01 
 7.00000000e-01  4.58821112e-01  3.35346104e-09  4.58821112e-01  4.58821112e-01  3.46940185e-09  3.45431930e-09  4.58821112e-01  1.62379283e-07  1.15133389e-07  7.00000000e-01 
 7.10000000e-01  4.58821102e-01  3.35346104e-09  4.58821102e-01  4.58821102e-01  3.46940185e-09  3.45431929e-09  4.58821102e-01  1.62379251e-07  1.15133169e-07  7.10000000e-01 
 7.20000000e-01  4.58821101e-01  3.35346104e-09  4.58821101e-01  4.58821101e-01  3.46940185e-09  3.45431931e-09  4.58821101e-01  1.62379246e-07  1.15133211e-07  7.20000000e-01 
 7.30000000e-01  4.58821106e-01  3.35346104e-09  4.58821106e-01  4.58821106e-01  3.46940185e-09  3.45431923e-09  4.58821106e-01  1.62379253e-07  1.15133048e-07  7.30000000e-01 
 7.40000000e-01  4.58821084e-01  3.35346104e-09  4.58821084e-01  4.58821084e-01  3.46940185e-09  3.45431931e-09  4.58821084e-01  1.62379241e-07  1.15132977e-07  7.40000000e-01 
 7.50000000e-01  4.58821101e-01  3.35346104e-09  4.58821101e-01  4.58821101e-01  3.46940185e-09  3.45431929e-09  4.58821101e-01  1.62379256e-07  1.15132920e-07  7.50000000e-01 
 7.60000000e-01  4.58821098e-01  3.35346104e-09  4.58821099e-01  4.58821098e-01  3.46940185e-09  3.45431925e-09  4.58821098e-01  1.62379257e-07  1.15132856e-07  7.60000000e-01 
 7.70000000e-01  4.58821097e-01  3.35346104e-09  4.58821097e-01  4.58821097e-01  3.46940185e-09  3.45431924e-09  4.58821097e-01  1.62379239e-07  1.15132671e-07  7.70000000e-01 
 7.80000000e-01  4.58821080e-01  3.35346104e-09  4.58821080e-01  4.58821080e-01  3.46940190e-09  3.45431924e-09  4.58821080e-01  1.62379218e-07  1.15132607e-07  7.80000000e-01 
 7.90000000e-01  4.58821105e-01  3.35346104e-09  4.58821106e-01  4.58821105e-01  3.46940185e-09  3.45431930e-09  4.58821105e-01  1.62379256e-07  1.15132472e-07  7.90000000e-01 
 8.00000000e-01  4.58821103e-01  3.35346104e-09  4.58821103e-01  4.58821103e-01  3.46940185e-09  3.45431923e-09  4.58821103e-01  1.62379267e-07  1.15132536e-07  8.00000000e-01 
 8.10000000e-01  4.58821092e-01  3.35346104e-09  4.58821092e-01  4.58821092e-01  3.46940185e-09  3.45431925e-09  4.58821092e-01  1.62379244e-07  1.15132373e-07  8.10000000e-01 
 8.20000000e-01  4.58821112e-01  3.35346104e-09  4.58821112e-01  4.58821112e-01  3.46940185e-09  3.45431930e-09  4.58821112e-01  1.62379277e-07  1.15132330e-07  8.20000000e-01 
 8.30000000e-01  4.58821125e-01  3.35346104e-09  4.58821125e-01  4.58821125e-01  3.46940185e-09  3.45431929e-09  4.58821125e-01  1.62379292e-07  1.15132181e-07  8.30000000e-01 
 8.40000000e-01  4.58821106e-01  3.35346104e-09  4.58821107e-01  4.58821106e-01  3.46940185e-09  3.45431925e-09  4.58821107e-01  1.62379276e-07  1.15132138e-07  8.40000000e-01 
 8.50000000e-01  4.58821088e-01  3.35346109e-09  4.58821088e-01  4.58821088e-01  3.46940185e-09  3.45431930e-09  4.58821088e-01  1.62379242e-07  1.15132003e-07  8.50000000e-01 
 8.60000000e-01  4.58821117e-01  3.35346104e-09  4.58821118e-01  4.58821117e-01  3.46940185e-09  3.45431929e-09  4.58821118e-01  1.62379275e-07  1.15132018e-07  8.60000000e-01 
 8.70000000e-01  4.58821102e-01  3.35346104e-09  4.58821102e-01  4.58821102e-01  3.46940185e-09  3.45431925e-09  4.58821102e-01  1.62379260e-07  1.15131805e-07  8.70000000e-01 
 8.80000000e-01  4.58821127e-01  3.35346104e-09  4.58821127e-01  4.58821127e-01  3.46940185e-09  3.45431925e-09  4.58821127e-01  1.62379288e-07  1.15131897e-07  8.80000000e-01 
 8.90000000e-01  4.58821110e-01  3.35346104e-09  4.58821110e-01  4.58821109e-01  3.46940185e-09  3.45431925e-09  4.58821110e-01  1.62379278e-07  1.15131634e-07  8.90000000e-01 
 9.00000000e-01  4.58821116e-01  3.35346110e-09  4.58821116e-01  4.58821116e-01  3.46940185e-09  3.45431930e-09  4.58821116e-01  1.62379285e-07  1.15131542e-07  9.00000000e-01 
 9.10000000e-01  4.58821103e-01  3.35346104e-09  4.58821103e-01  4.58821103e-01  3.46940185e-09  3.45431929e-09  4.58821103e-01  1.62379248e-07  1.15131570e-07  9.10000000e-01 
 9.20000000e-01  4.58821108e-01  3.35346104e-09  4.58821108e-01  4.58821108e-01  3.46940185e-09  3.45431925e-09  4.58821108e-01  1.62379271e-07  1.15131456e-07  9.20000000e-01 
 9.30000000e-01  4.58821103e-01  3.35346104e-09  4.58821104e-01  4.58821103e-01  3.46940185e-09  3.45431930e-09  4.58821104e-01  1.62379271e-07  1.15131314e-07  9.30000000e-01 
 9.40000000e-01  4.58821076e-01  3.35346104e-09  4.58821076e-01  4.58821076e-01  3.46940185e-09  3.45431923e-09  4.58821076e-01  1.62379217e-07  1.15131073e-07  9.40000000e-01 
 9.50000000e-01  4.58821106e-01  3.35346104e-09  4.58821106e-01  4.58821106e-01  3.46940185e-09  3.45431925e-09  4.58821106e-01  1.62379261e-07  1.15131073e-07  9.50000000e-01 
 9.60000000e-01  4.58821089e-01  3.35346104e-09  4.58821089e-01  4.58821089e-01  3.46940185e-09  3.45431930e-09  4.58821089e-01  1.62379235e-07  1.15131023e-07  9.60000000e-01 
 9.70000000e-01  4.58821127e-01  3.35346104e-09  4.58821127e-01  4.58821127e-01  3.46940185e-09  3.45431929e-09  4.58821127e-01  1.62379287e-07  1.15131087e-07  9.70000000e-01 
 9.80000000e-01  4.58821121e-01  3.35346104e-09  4.58821121e-01  4.58821121e-01  3.46940185e-09  3.45431931e-09  4.58821121e-01  1.62379286e-07  1.15130987e-07  9.80000000e-01 
 9.90000000e-01  4.58821115e-01  3.35346104e-09  4.58821115e-01  4.58821115e-01  3.46940185e-09  3.45431929e-09  4.58821115e-01  1.62379282e-07  1.15130810e-07  9.90000000e-01 
 1.00000000e+00  4.58821108e-01  3.35346104e-09  4.58821108e-01  4.58821108e-01  3.46940185e-09  3.45431925e-09  4.58821108e-01  1.62379255e-07  1.15130760e-07  1.00000000e+00 
 1.01000000e+00  4.58821085e-01  3.35346104e-09  4.58821085e-01  4.58821085e-01  3.46940185e-09  3.45431930e-09  4.58821085e-01  1.62379239e-07  1.15130632e-07  1.01000000e+00 
 1.02000000e+00  4.58821100e-01  3.35346104e-09  4.58821100e-01  4.58821100e-01  3.46940185e-09  3.45431929e-09  4.58821100e-01  1.62379250e-07  1.15130639e-07  1.02000000e+00 
 1.03000000e+00  4.58821094e-01  3.35346104e-09  4.58821094e-01  4.58821094e-01  3.46940185e-09  3.45431931e-09  4.58821094e-01  1.62379252e-07  1.15130455e-07  1.03000000e+00 
 1.04000000e+00  4.58821094e-01  3.35346104e-09  4.58821094e-01  4.58821094e-01  3.46940185e-09  3.45431923e-09  4.58821094e-01  1.62379238e-07  1.15130256e-07  1.04000000e+00 
 1.05000000e+00  4.58821090e-01  3.35346104e-09  4.58821091e-01  4.58821090e-01  3.46940185e-09  3.45431925e-09  4.58821090e-01  1.62379230e-07  1.15130206e-07  1.05000000e+00 
 1.06000000e+00  4.58821094e-01  3.35346104e-09  4.58821094e-01  4.58821094e-01  3.46940185e-09  3.45431930e-09  4.58821094e-01  1.62379238e-07  1.15130177e-07  1.06000000e+00 
 1.07000000e+00  4.58821105e-01  3.35346104e-09  4.58821105e-01  4.58821105e-01  3.46940185e-09  3.45431929e-09  4.58821105e-01  1.62379267e-07  1.15130078e-07  1.07000000e+00 
 1.08000000e+00  4.58821079e-01  3.35346104e-09  4.58821079e-01  4.58821079e-01  3.46940185e-09  3.45431925e-09  4.58821079e-01  1.62379216e-07  1.15129886e-07  1.08000000e+00 
 1.09000000e+00  4.58821086e-01  3.35346104e-09  4.58821086e-01  4.58821086e-01  3.46940190e-09  3.45431930e-09  4.58821086e-01  1.62379238e-07  1.15129758e-07  1.09000000e+00 
 1.10000000e+00  4.58821083e-01  3.35346104e-09  4.58821083e-01  4.58821083e-01  3.46940185e-09  3.45431923e-09  4.58821083e-01  1.62379226e-07  1.15129644e-07  1.10000000e+00 
 1.11000000e+00  4.58821107e-01  3.35346104e-09  4.58821107e-01  4.58821107e-01  3.46940185e-09  3.45431931e-09  4.58821107e-01  1.62379261e-07  1.15129730e-07  1.11000000e+00 
 1.12000000e+00  4.58821108e-01  3.35346104e-09  4.58821109e-01  4.58821108e-01  3.46940185e-09  3.45431923e-09  4.58821109e-01  1.62379260e-07  1.15129538e-07  1.12000000e+00 
 1.13000000e+00  4.58821113e-01  3.35346104e-09  4.58821113e-01  4.58821113e-01  3.46940185e-09  3.45431925e-09  4.58821113e-01  1.62379271e-07  1.15129367e-07  1.13000000e+00 
 1.14000000e+00  4.58821089e-01  3.35346104e-09  4.58821089e-01  4.58821089e-01  3.46940190e-09  3.45431930e-09  4.58821089e-01  1.62379245e-07  1.15129204e-07  1.14000000e+00 
 1.15000000e+00  4.58821094e-01  3.35346104e-09  4.58821094e-01  4.58821094e-01  3.46940185e-09  3.45431929e-09  4.58821094e-01  1.62379244e-07  1.15129140e-07  1.15000000e+00 
 1.16000000e+00  4.58821100e-01  3.35346104e-09  4.58821100e-01  4.58821100e-01  3.46940185e-09  3.45431925e-09  4.58821100e-01  1.62379239e-07  1.15129055e-07  1.16000000e+00 
 1.17000000e+00  4.58821107e-01  3.35346104e-09  4.58821107e-01  4.58821107e-01  3.46940185e-09  3.45431930e-09  4.58821107e-01  1.62379260e-07  1.15129083e-07  1.17000000e+00 
 1.18000000e+00  4.58821113e-01  3.35346104e-09  4.58821113e-01  4.58821113e-01  3.46940185e-09  3.45431923e-09  4.58821113e-01  1.62379284e-07  1.15128998e-07  1.18000000e+00 
 1.19000000e+00  4.58821081e-01  3.35346104e-09  4.58821081e-01  4.58821081e-01  3.46940185e-09  3.45431931e-09  4.58821081e-01  1.62379235e-07  1.15128842e-07  1.19000000e+00 
 1.20000000e+00  4.58821112e-01  3.35346104e-09  4.58821112e-01  4.58821112e-01  3.46940185e-09  3.45431923e-09  4.58821112e-01  1.62379284e-07  1.15128685e-07  1.20000000e+00 
 1.21000000e+00  4.58821098e-01  3.35346104e-09  4.58821099e-01  4.58821098e-01  3.46940190e-09  3.45431931e-09  4.58821098e-01  1.62379263e-07  1.15128600e-07  1.21000000e+00 
 1.22000000e+00  4.58821106e-01  3.35346104e-09  4.58821106e-01  4.58821106e-01  3.46940185e-09  3.45431929e-09  4.58821106e-01  1.62379265e-07  1.15128472e-07  1.22000000e+00 
 1.23000000e+00  4.58821076e-01  3.35346104e-09  4.58821076e-01  4.58821076e-01  3.46940185e-09  3.45431925e-09  4.58821076e-01  1.62379214e-07  1.15128316e-07  1.23000000e+00 
 1.24000000e+00  4.58821102e-01  3.35346104e-09  4.58821102e-01  4.58821102e-01  3.46940185e-09  3.45431924e-09  4.58821102e-01  1.62379271e-07  1.15128131e-07  1.24000000e+00 
 1.25000000e+00  4.58821086e-01  3.35346104e-09  4.58821086e-01  4.58821086e-01  3.46940185e-09  3.45431924e-09  4.58821086e-01  1.62379240e-07  1.15128088e-07  1.25000000e+00 
 1.26000000e+00  4.58821118e-01  3.35346104e-09  4.58821118e-01  4.58821118e-01  3.46940185e-09  3.45431925e-09  4.58821118e-01  1.62379273e-07  1.15128046e-07  1.26000000e+00 
 1.27000000e+00  4.58821119e-01  3.35346104e-09  4.58821119e-01  4.58821119e-01  3.46940191e-09  3.45431925e-09  4.58821119e-01  1.62379284e-07  1.15127861e-07  1.27000000e+00 
 1.28000000e+00  4.58821098e-01  3.35346110e-09  4.58821098e-01  4.58821098e-01  3.46940185e-09  3.45431930e-09  4.58821098e-01  1.62379256e-07  1.15127676e-07  1.28000000e+00 
 1.29000000e+00  4.58821115e-01  3.35346104e-09  4.58821115e-01  4.58821115e-01  3.46940185e-09  3.45431929e-09  4.58821115e-01  1.62379276e-07  1.15127577e-07  1.29000000e+00 
 1.30000000e+00  4.58821112e-01  3.35346104e-09  4.58821112e-01  4.58821112e-01  3.46940185e-09  3.45431925e-09  4.58821112e-01  1.62379277e-07  1.15127349e-07  1.30000000e+00 
 1.31000000e+00  4.58821080e-01  3.35346104e-09  4.58821080e-01  4.58821080e-01  3.46940185e-09  3.45431930e-09  4.58821080e-01  1.62379221e-07  1.15127335e-07  1.31000000e+00 
 1.32000000e+00  4.58821098e-01  3.35346104e-09  4.58821098e-01  4.58821098e-01  3.46940185e-09  3.45431929e-09  4.58821098e-01  1.62379254e-07  1.15127222e-07  1.32000000e+00 
 1.33000000e+00  4.58821088e-01  3.35346104e-09  4.58821088e-01  4.58821088e-01  3.46940185e-09  3.45431925e-09  4.58821088e-01  1.62379235e-07  1.15127094e-07  1.33000000e+00 
 1.34000000e+00  4.58821115e-01  3.35346104e-09  4.58821115e-01  4.58821115e-01  3.46940185e-09  3.45431930e-09  4.58821115e-01  1.62379278e-07  1.15127008e-07  1.34000000e+00 
 1.35000000e+00  4.58821098e-01  3.35346104e-09  4.58821098e-01  4.58821098e-01  3.46940185e-09  3.45431923e-09  4.58821098e-01  1.62379262e-07  1.15126724e-07  1.35000000e+00 
 1.36000000e+00  4.58821112e-01  3.35346104e-09  4.58821112e-01  4.58821112e-01  3.46940185e-09  3.45431925e-09  4.58821112e-01  1.62379264e-07  1.15126582e-07  1.36000000e+00 
 1.37000000e+00  4.58821093e-01  3.35346104e-09  4.58821093e-01  4.58821093e-01  3.46940185e-09  3.45431930e-09  4.58821093e-01  1.62379253e-07  1.15126355e-07  1.37000000e+00 
 1.38000000e+00  4.58821122e-01  3.35346104e-09  4.58821122e-01  4.58821122e-01  3.46940185e-09  3.45431923e-09  4.58821122e-01  1.62379284e-07  1.15126383e-07  1.38000000e+00 
 1.39000000e+00  4.58821106e-01  3.35346104e-09  4.58821107e-01  4.58821106e-01  3.46940185e-09  3.45431931e-09  4.58821107e-01  1.62379265e-07  1.15126127e-07  1.39000000e+00 
 1.40000000e+00  4.58821095e-01  3.35346104e-09  4.58821095e-01  4.58821095e-01  3.46940185e-09  3.45431929e-09  4.58821095e-01  1.62379250e-07  1.15125786e-07  1.40000000e+00 
 1.41000000e+00  4.58821119e-01  3.35346104e-09  4.58821119e-01  4.58821119e-01  3.46940185e-09  3.45431931e-09  4.58821119e-01  1.62379290e-07  1.15125616e-07  1.41000000e+00 
 1.42000000e+00  4.58821082e-01  3.35346104e-09  4.58821082e-01  4.58821082e-01  3.46940190e-09  3.45431929e-09  4.58821082e-01  1.62379240e-07  1.15125275e-07  1.42000000e+00 
 1.43000000e+00  4.58821117e-01  3.35346104e-09  4.58821117e-01  4.58821117e-01  3.46940185e-09  3.45431931e-09  4.58821117e-01  1.62379293e-07  1.15125076e-07  1.43000000e+00 
 1.44000000e+00  4.58821114e-01  3.35346104e-09  4.58821115e-01  4.58821114e-01  3.46940185e-09  3.45431929e-09  4.58821115e-01  1.62379275e-07  1.15124763e-07  1.44000000e+00 
 1.45000000e+00  4.58821079e-01  3.35346104e-09  4.58821080e-01  4.58821079e-01  3.46940185e-09  3.45431925e-09  4.58821080e-01  1.62379223e-07  1.15124195e-07  1.45000000e+00 
 1.46000000e+00  4.58821094e-01  3.35346104e-09  4.58821094e-01  4.58821094e-01  3.46940185e-09  3.45431930e-09  4.58821094e-01  1.62379251e-07  1.15123925e-07  1.46000000e+00 
 1.47000000e+00  4.58821081e-01  3.35346104e-09  4.58821081e-01  4.58821081e-01  3.46940185e-09  3.45431929e-09  4.58821081e-01  1.62379227e-07  1.15123470e-07  1.47000000e+00 
 1.48000000e+00  4.58821094e-01  3.35346110e-09  4.58821095e-01  4.58821094e-01  3.46940185e-09  3.45431925e-09  4.58821094e-01  1.62379244e-07  1.15122859e-07  1.48000000e+00 
 1.49000000e+00  4.58821095e-01  3.35346104e-09  4.58821095e-01  4.58821095e-01  3.46940185e-09  3.45431930e-09  4.58821095e-01  1.62379260e-07  1.15122162e-07  1.49000000e+00 
 1.50000000e+00  4.58821112e-01  3.35346104e-09  4.58821112e-01  4.58821111e-01  3.46940185e-09  3.45431929e-09  4.58821112e-01  1.62379266e-07  1.15121338e-07  1.50000000e+00 
 1.51000000e+00  4.58821090e-01  3.35346104e-09  4.58821090e-01  4.58821090e-01  3.46940185e-09  3.45431925e-09  4.58821090e-01  1.62379230e-07  1.15120187e-07  1.51000000e+00 
 1.52000000e+00  4.58821093e-01  3.35346104e-09  4.58821093e-01  4.58821093e-01  3.46940190e-09  3.45431930e-09  4.58821093e-01  1.62379239e-07  1.15118752e-07  1.52000000e+00 
 1.53000000e+00  4.58821080e-01  3.35346104e-09  4.58821080e-01  4.58821080e-01  3.46940185e-09  3.45431929e-09  4.58821080e-01  1.62379224e-07  1.15116691e-07  1.53000000e+00 
 1.54000000e+00  4.58821101e-01  3.35346104e-09  4.58821101e-01  4.58821101e-01  3.46940185e-09  3.45431931e-09  4.58821101e-01  1.62379255e-07  1.15113792e-07  1.54000000e+00 
 1.55000000e+00  4.58821089e-01  3.35346104e-09  4.58821089e-01  4.58821089e-01  3.46940185e-09  3.45431929e-09  4.58821089e-01  1.62379234e-07  1.15109373e-07  1.55000000e+00 
 1.56000000e+00  4.58821111e-01  3.35346104e-09  4.58821111e-01  4.58821111e-01  3.46940185e-09  3.45431925e-09  4.58821111e-01  1.62379264e-07  1.15102580e-07  1.56000000e+00 
 1.57000000e+00  4.58821103e-01  3.35346104e-09  4.58821104e-01  4.58821103e-01  3.46940185e-09  3.45431930e-09  4.58821103e-01  1.62379263e-07  1.15091169e-07  1.57000000e+00 
 1.58000000e+00  4.58821119e-01  3.35346104e-09  4.58821119e-01  4.58821119e-01  3.46940185e-09  3.45431929e-09  4.58821119e-01  1.62379283e-07  1.15071131e-07  1.58000000e+00 
 1.59000000e+00  4.58821093e-01  3.35346104e-09  4.58821093e-01  4.58821093e-01  3.46940185e-09  3.45431925e-09  4.58821093e-01  1.62379250e-07  1.15034325e-07  1.59000000e+00 
 1.60000000e+00  4.58821117e-01  3.35346104e-09  4.58821117e-01  4.58821117e-01  3.46940191e-09  3.45431930e-09  4.58821117e-01  1.62379275e-07  1.14963044e-07  1.60000000e+00 
 1.61000000e+00  4.58821105e-01  3.35346104e-09  4.58821106e-01  4.58821105e-01  3.46940185e-09  3.45431923e-09  4.58821105e-01  1.62379268e-07  1.14803328e-07  1.61000000e+00 
 1.62000000e+00  4.58821114e-01  3.35346104e-09  4.58821114e-01  4.58821114e-01  3.46940185e-09  3.45431930e-09  4.58821114e-01  1.62379276e-07  1.14339628e-07  1.62000000e+00 
 1.63000000e+00  4.58821110e-01  3.35346104e-09  4.58821110e-01  4.58821110e-01  3.46940185e-09  3.45431930e-09  4.58821110e-01  1.62379269e-07  1.13175062e-07  1.63000000e+00 
 1.64000000e+00  4.58821089e-01  3.35346104e-09  4.58821089e-01  4.58821089e-01  3.46940185e-09  3.45431930e-09  4.58821089e-01  1.62379250e-07  1.07958357e-07  1.64000000e+00 
 1.65000000e+00  4.58821099e-01  3.35346104e-09  4.58821099e-01  4.58821099e-01  3.46940185e-09  3.45431924e-09  4.58821099e-01  1.62379258e-07  8.86764582e-08  1.65000000e+00 
 1.66000000e+00  4.58821108e-01  3.35346104e-09  4.58821108e-01  4.58821108e-01  3.46940185e-09  3.45431925e-09  4.58821108e-01  1.62379268e-07  7.21298221e-08  1.66000000e+00 
 1.67000000e+00  4.58821109e-01  3.35346104e-09  4.58821110e-01  4.58821109e-01  3.46940185e-09  3.45431930e-09  4.58821109e-01  1.62379266e-07  5.81566866e-08  1.67000000e+00 
 1.68000000e+00  4.58821098e-01  3.35346104e-09  4.58821098e-01  4.58821098e-01  3.46940185e-09  3.45431929e-09  4.58821098e-01  1.62379251e-07  4.64925307e-08  1.68000000e+00 
 1.69000000e+00  4.58821099e-01  3.35346104e-09  4.58821099e-01  4.58821099e-01  3.46940185e-09  3.45431925e-09  4.58821099e-01  1.62379247e-07  3.68384292e-08  1.69000000e+00 
 1.70000000e+00  4.58821102e-01  3.35346104e-09  4.58821103e-01  4.58821102e-01  3.46940190e-09  3.45431924e-09  4.58821102e-01  1.62379269e-07  2.88931119e-08  1.70000000e+00 
 1.71000000e+00  4.58821090e-01  3.35346104e-09  4.58821090e-01  4.58821090e-01  3.46940190e-09  3.45431930e-09  4.58821090e-01  1.62379238e-07  2.23813714e-08  1.71000000e+00 
 1.72000000e+00  4.58821107e-01  3.35346104e-09  4.58821107e-01  4.58821106e-01  3.46940185e-09  3.45431929e-09  4.58821107e-01  1.62379267e-07  1.70593921e-08  1.72000000e+00 
 1.73000000e+00  4.58821098e-01  3.35346104e-09  4.58821098e-01  4.58821098e-01  3.46940185e-09  3.45431925e-09  4.58821098e-01  1.62379259e-07  1.27150628e-08  1.73000000e+00 
 1.74000000e+00  4.58821109e-01  3.35346104e-09  4.58821109e-01  4.58821109e-01  3.46940185e-09  3.45431925e-09  4.58821109e-01  1.62379269e-07  9.16480758e-09  1.74000000e+00 
 1.75000000e+00  4.58821113e-01  3.35346104e-09  4.58821113e-01  4.58821113e-01  3.46940185e-09  3.45431930e-09  4.58821113e-01  1.62379283e-07  6.24993390e-09  1.75000000e+00 
 1.76000000e+00  4.58821089e-01  3.35346104e-09  4.58821089e-01  4.58821089e-01  3.46940185e-09  3.45431929e-09  4.58821089e-01  1.62379228e-07  3.83387544e-09  1.76000000e+00 
 1.77000000e+00  4.58821121e-01  3.35346104e-09  4.58821121e-01  4.58821121e-01  3.46940185e-09  3.45431925e-09  4.58821121e-01  1.62379293e-07  1.81037763e-09  1.77000000e+00 
 1.78000000e+00  4.58821081e-01  3.35346104e-09  4.58821082e-01  4.58821081e-01  3.46940185e-09  3.45431930e-09  4.58821081e-01  1.62379231e-07  1.14113163e-10  1.78000000e+00 
 1.79000000e+00  4.58821124e-01  3.35346104e-09  4.58821124e-01  4.58821124e-01  3.46940185e-09  3.45431923e-09  4.58821124e-01  1.62379293e-07 -1.27388944e-09  1.79000000e+00 
 1.80000000e+00  4.58821102e-01  3.35346104e-09  4.58821102e-01  4.58821102e-01  3.46940185e-09  3.45431931e-09  4.58821102e-01  1.62379257e-07 -2.35077380e-09  1.80000000e+00 
