 v-sweep         v(b0)           v(b1)           v(b2)           v(b3)           v(b4)           v(b5)           v(b6)           i(vbias)        i(viout)        v(vout)        
 0.00000000e+00  4.57005771e-01  3.19745889e-09  4.57005771e-01  4.57005771e-01  4.57005771e-01  3.21884402e-09  3.42729499e-09  1.55101893e-07  4.58005988e-08  0.00000000e+00 
 1.00000000e-02  4.57005758e-01  3.19745892e-09  4.57005758e-01  4.57005758e-01  4.57005758e-01  3.21884400e-09  3.42729496e-09  1.55101866e-07  4.58003397e-08  1.00000000e-02 
 2.00000000e-02  4.57005780e-01  3.19745892e-09  4.57005780e-01  4.57005780e-01  4.57005780e-01  3.21884405e-09  3.42729496e-09  1.55101894e-07  4.58000247e-08  2.00000000e-02 
 3.00000000e-02  4.57005766e-01  3.19745892e-09  4.57005766e-01  4.57005766e-01  4.57005766e-01  3.21884405e-09  3.42729502e-09  1.55101877e-07  4.57995850e-08  3.00000000e-02 
 4.00000000e-02  4.57005760e-01  3.19745892e-09  4.57005760e-01  4.57005761e-01  4.57005760e-01  3.21884400e-09  3.42729502e-09  1.55101877e-07  4.57992710e-08  4.00000000e-02 
 5.00000000e-02  4.57005766e-01  3.19745892e-09  4.57005766e-01  4.57005766e-01  4.57005766e-01  3.21884405e-09  3.42729496e-09  1.55101892e-07  4.57988691e-08  5.00000000e-02 
 6.00000000e-02  4.57005768e-01  3.19745886e-09  4.57005768e-01  4.57005768e-01  4.57005768e-01  3.21884405e-09  3.42729496e-09  1.55101880e-07  4.57985685e-08  6.00000000e-02 
 7.00000000e-02  4.57005784e-01  3.19745886e-09  4.57005784e-01  4.57005784e-01  4.57005784e-01  3.21884405e-09  3.42729496e-09  1.55101909e-07  4.57982678e-08  7.00000000e-02 
 8.00000000e-02  4.57005745e-01  3.19745892e-09  4.57005745e-01  4.57005745e-01  4.57005745e-01  3.21884405e-09  3.42729496e-09  1.55101847e-07  4.57980267e-08  8.00000000e-02 
 9.00000000e-02  4.57005787e-01  3.19745892e-09  4.57005787e-01  4.57005787e-01  4.57005787e-01  3.21884400e-09  3.42729496e-09  1.55101921e-07  4.57977238e-08  9.00000000e-02 
 1.00000000e-01  4.57005759e-01  3.19745892e-09  4.57005759e-01  4.57005759e-01  4.57005759e-01  3.21884405e-09  3.42729502e-09  1.55101880e-07  4.57973783e-08  1.00000000e-01 
 1.10000000e-01  4.57005774e-01  3.19745892e-09  4.57005774e-01  4.57005774e-01  4.57005774e-01  3.21884400e-09  3.42729502e-09  1.55101892e-07  4.57972869e-08  1.10000000e-01 
 1.20000000e-01  4.57005786e-01  3.19745892e-09  4.57005786e-01  4.57005786e-01  4.57005786e-01  3.21884405e-09  3.42729496e-09  1.55101909e-07  4.57970151e-08  1.20000000e-01 
 1.30000000e-01  4.57005790e-01  3.19745892e-09  4.57005790e-01  4.57005790e-01  4.57005790e-01  3.21884405e-09  3.42729502e-09  1.55101921e-07  4.57968357e-08  1.30000000e-01 
 1.40000000e-01  4.57005763e-01  3.19745892e-09  4.57005763e-01  4.57005763e-01  4.57005763e-01  3.21884405e-09  3.42729496e-09  1.55101873e-07  4.57965728e-08  1.40000000e-01 
 1.50000000e-01  4.57005783e-01  3.19745892e-09  4.57005783e-01  4.57005783e-01  4.57005783e-01  3.21884405e-09  3.42729502e-09  1.55101899e-07  4.57963765e-08  1.50000000e-01 
 1.60000000e-01  4.57005766e-01  3.19745892e-09  4.57005766e-01  4.57005766e-01  4.57005766e-01  3.21884405e-09  3.42729502e-09  1.55101883e-07  4.57960532e-08  1.60000000e-01 
 1.70000000e-01  4.57005773e-01  3.19745886e-09  4.57005773e-01  4.57005773e-01  4.57005773e-01  3.21884405e-09  3.42729502e-09  1.55101910e-07  4.57959661e-08  1.70000000e-01 
 1.80000000e-01  4.57005787e-01  3.19745892e-09  4.57005787e-01  4.57005787e-01  4.57005787e-01  3.21884405e-09  3.42729496e-09  1.55101918e-07  4.57957565e-08  1.80000000e-01 
 1.90000000e-01  4.57005763e-01  3.19745892e-09  4.57005763e-01  4.57005763e-01  4.57005763e-01  3.21884400e-09  3.42729502e-09  1.55101887e-07  4.57955522e-08  1.90000000e-01 
 2.00000000e-01  4.57005756e-01  3.19745892e-09  4.57005756e-01  4.57005756e-01  4.57005756e-01  3.21884405e-09  3.42729496e-09  1.55101875e-07  4.57954883e-08  2.00000000e-01 
 2.10000000e-01  4.57005765e-01  3.19745892e-09  4.57005765e-01  4.57005765e-01  4.57005765e-01  3.21884400e-09  3.42729496e-09  1.55101886e-07  4.57952645e-08  2.10000000e-01 
 2.20000000e-01  4.57005777e-01  3.19745892e-09  4.57005777e-01  4.57005777e-01  4.57005777e-01  3.21884405e-09  3.42729502e-09  1.55101895e-07  4.57952840e-08  2.20000000e-01 
 2.30000000e-01  4.57005767e-01  3.19745892e-09  4.57005767e-01  4.57005767e-01  4.57005767e-01  3.21884400e-09  3.42729502e-09  1.55101891e-07  4.57950087e-08  2.30000000e-01 
 2.40000000e-01  4.57005747e-01  3.19745892e-09  4.57005747e-01  4.57005748e-01  4.57005747e-01  3.21884405e-09  3.42729502e-09  1.55101867e-07  4.57949696e-08  2.40000000e-01 
 2.50000000e-01  4.57005766e-01  3.19745892e-09  4.57005766e-01  4.57005766e-01  4.57005766e-01  3.21884400e-09  3.42729502e-09  1.55101893e-07  4.57947813e-08  2.50000000e-01 
 2.60000000e-01  4.57005785e-01  3.19745892e-09  4.57005785e-01  4.57005785e-01  4.57005785e-01  3.21884405e-09  3.42729496e-09  1.55101908e-07  4.57946783e-08  2.60000000e-01 
 2.70000000e-01  4.57005798e-01  3.19745892e-09  4.57005798e-01  4.57005798e-01  4.57005798e-01  3.21884400e-09  3.42729502e-09  1.55101926e-07  4.57945006e-08  2.70000000e-01 
 2.80000000e-01  4.57005776e-01  3.19745886e-09  4.57005776e-01  4.57005777e-01  4.57005776e-01  3.21884405e-09  3.42729496e-09  1.55101897e-07  4.57943532e-08  2.80000000e-01 
 2.90000000e-01  4.57005768e-01  3.19745886e-09  4.57005768e-01  4.57005768e-01  4.57005768e-01  3.21884400e-09  3.42729502e-09  1.55101900e-07  4.57942804e-08  2.90000000e-01 
 3.00000000e-01  4.57005784e-01  3.19745892e-09  4.57005784e-01  4.57005784e-01  4.57005784e-01  3.21884400e-09  3.42729496e-09  1.55101897e-07  4.57942093e-08  3.00000000e-01 
 3.10000000e-01  4.57005796e-01  3.19745892e-09  4.57005796e-01  4.57005796e-01  4.57005796e-01  3.21884405e-09  3.42729502e-09  1.55101921e-07  4.57940850e-08  3.10000000e-01 
 3.20000000e-01  4.57005760e-01  3.19745892e-09  4.57005760e-01  4.57005761e-01  4.57005760e-01  3.21884400e-09  3.42729496e-09  1.55101863e-07  4.57939144e-08  3.20000000e-01 
 3.30000000e-01  4.57005755e-01  3.19745892e-09  4.57005755e-01  4.57005756e-01  4.57005755e-01  3.21884400e-09  3.42729496e-09  1.55101872e-07  4.57938185e-08  3.30000000e-01 
 3.40000000e-01  4.57005749e-01  3.19745892e-09  4.57005749e-01  4.57005749e-01  4.57005749e-01  3.21884400e-09  3.42729502e-09  1.55101860e-07  4.57938860e-08  3.40000000e-01 
 3.50000000e-01  4.57005768e-01  3.19745886e-09  4.57005768e-01  4.57005768e-01  4.57005768e-01  3.21884405e-09  3.42729496e-09  1.55101889e-07  4.57937226e-08  3.50000000e-01 
 3.60000000e-01  4.57005764e-01  3.19745892e-09  4.57005764e-01  4.57005764e-01  4.57005764e-01  3.21884405e-09  3.42729496e-09  1.55101876e-07  4.57937048e-08  3.60000000e-01 
 3.70000000e-01  4.57005777e-01  3.19745892e-09  4.57005777e-01  4.57005777e-01  4.57005777e-01  3.21884405e-09  3.42729496e-09  1.55101912e-07  4.57935734e-08  3.70000000e-01 
 3.80000000e-01  4.57005748e-01  3.19745892e-09  4.57005748e-01  4.57005748e-01  4.57005748e-01  3.21884405e-09  3.42729496e-09  1.55101860e-07  4.57934064e-08  3.80000000e-01 
 3.90000000e-01  4.57005770e-01  3.19745892e-09  4.57005770e-01  4.57005770e-01  4.57005770e-01  3.21884405e-09  3.42729496e-09  1.55101897e-07  4.57933993e-08  3.90000000e-01 
 4.00000000e-01  4.57005789e-01  3.19745892e-09  4.57005789e-01  4.57005789e-01  4.57005789e-01  3.21884400e-09  3.42729496e-09  1.55101920e-07  4.57933389e-08  4.00000000e-01 
 4.10000000e-01  4.57005779e-01  3.19745892e-09  4.57005779e-01  4.57005779e-01  4.57005779e-01  3.21884405e-09  3.42729496e-09  1.55101895e-07  4.57932927e-08  4.10000000e-01 
 4.20000000e-01  4.57005773e-01  3.19745892e-09  4.57005773e-01  4.57005773e-01  4.57005773e-01  3.21884405e-09  3.42729496e-09  1.55101900e-07  4.57931399e-08  4.20000000e-01 
 4.30000000e-01  4.57005771e-01  3.19745892e-09  4.57005771e-01  4.57005771e-01  4.57005771e-01  3.21884400e-09  3.42729496e-09  1.55101901e-07  4.57930796e-08  4.30000000e-01 
 4.40000000e-01  4.57005778e-01  3.19745892e-09  4.57005778e-01  4.57005778e-01  4.57005778e-01  3.21884405e-09  3.42729502e-09  1.55101895e-07  4.57930440e-08  4.40000000e-01 
 4.50000000e-01  4.57005783e-01  3.19745892e-09  4.57005783e-01  4.57005783e-01  4.57005783e-01  3.21884400e-09  3.42729502e-09  1.55101912e-07  4.57929588e-08  4.50000000e-01 
 4.60000000e-01  4.57005750e-01  3.19745892e-09  4.57005750e-01  4.57005750e-01  4.57005750e-01  3.21884400e-09  3.42729496e-09  1.55101852e-07  4.57929410e-08  4.60000000e-01 
 4.70000000e-01  4.57005774e-01  3.19745892e-09  4.57005774e-01  4.57005774e-01  4.57005774e-01  3.21884400e-09  3.42729502e-09  1.55101895e-07  4.57927882e-08  4.70000000e-01 
 4.80000000e-01  4.57005750e-01  3.19745892e-09  4.57005750e-01  4.57005750e-01  4.57005750e-01  3.21884405e-09  3.42729496e-09  1.55101855e-07  4.57925786e-08  4.80000000e-01 
 4.90000000e-01  4.57005773e-01  3.19745892e-09  4.57005773e-01  4.57005773e-01  4.57005773e-01  3.21884400e-09  3.42729496e-09  1.55101895e-07  4.57926603e-08  4.90000000e-01 
 5.00000000e-01  4.57005773e-01  3.19745892e-09  4.57005773e-01  4.57005773e-01  4.57005773e-01  3.21884400e-09  3.42729496e-09  1.55101892e-07  4.57926497e-08  5.00000000e-01 
 5.10000000e-01  4.57005779e-01  3.19745892e-09  4.57005779e-01  4.57005779e-01  4.57005779e-01  3.21884405e-09  3.42729496e-09  1.55101894e-07  4.57926106e-08  5.10000000e-01 
 5.20000000e-01  4.57005770e-01  3.19745892e-09  4.57005770e-01  4.57005771e-01  4.57005770e-01  3.21884405e-09  3.42729502e-09  1.55101880e-07  4.57925289e-08  5.20000000e-01 
 5.30000000e-01  4.57005768e-01  3.19745892e-09  4.57005768e-01  4.57005768e-01  4.57005767e-01  3.21884405e-09  3.42729496e-09  1.55101889e-07  4.57923868e-08  5.30000000e-01 
 5.40000000e-01  4.57005761e-01  3.19745892e-09  4.57005761e-01  4.57005761e-01  4.57005761e-01  3.21884405e-09  3.42729496e-09  1.55101867e-07  4.57923974e-08  5.40000000e-01 
 5.50000000e-01  4.57005781e-01  3.19745892e-09  4.57005781e-01  4.57005781e-01  4.57005781e-01  3.21884400e-09  3.42729502e-09  1.55101907e-07  4.57924010e-08  5.50000000e-01 
 5.60000000e-01  4.57005778e-01  3.19745892e-09  4.57005778e-01  4.57005778e-01  4.57005778e-01  3.21884405e-09  3.42729502e-09  1.55101893e-07  4.57922766e-08  5.60000000e-01 
 5.70000000e-01  4.57005792e-01  3.19745892e-09  4.57005792e-01  4.57005792e-01  4.57005792e-01  3.21884400e-09  3.42729502e-09  1.55101921e-07  4.57921914e-08  5.70000000e-01 
 5.80000000e-01  4.57005753e-01  3.19745892e-09  4.57005753e-01  4.57005753e-01  4.57005753e-01  3.21884405e-09  3.42729496e-09  1.55101848e-07  4.57921132e-08  5.80000000e-01 
 5.90000000e-01  4.57005785e-01  3.19745892e-09  4.57005785e-01  4.57005785e-01  4.57005785e-01  3.21884405e-09  3.42729496e-09  1.55101913e-07  4.57921914e-08  5.90000000e-01 
 6.00000000e-01  4.57005745e-01  3.19745886e-09  4.57005745e-01  4.57005746e-01  4.57005745e-01  3.21884405e-09  3.42729496e-09  1.55101839e-07  4.57919285e-08  6.00000000e-01 
 6.10000000e-01  4.57005767e-01  3.19745892e-09  4.57005767e-01  4.57005767e-01  4.57005767e-01  3.21884400e-09  3.42729502e-09  1.55101882e-07  4.57920066e-08  6.10000000e-01 
 6.20000000e-01  4.57005777e-01  3.19745886e-09  4.57005777e-01  4.57005777e-01  4.57005777e-01  3.21884405e-09  3.42729502e-09  1.55101900e-07  4.57918858e-08  6.20000000e-01 
 6.30000000e-01  4.57005748e-01  3.19745892e-09  4.57005748e-01  4.57005749e-01  4.57005748e-01  3.21884405e-09  3.42729496e-09  1.55101856e-07  4.57919000e-08  6.30000000e-01 
 6.40000000e-01  4.57005774e-01  3.19745892e-09  4.57005774e-01  4.57005774e-01  4.57005774e-01  3.21884400e-09  3.42729496e-09  1.55101895e-07  4.57918645e-08  6.40000000e-01 
 6.50000000e-01  4.57005767e-01  3.19745892e-09  4.57005767e-01  4.57005767e-01  4.57005767e-01  3.21884400e-09  3.42729496e-09  1.55101889e-07  4.57917153e-08  6.50000000e-01 
 6.60000000e-01  4.57005760e-01  3.19745892e-09  4.57005760e-01  4.57005760e-01  4.57005760e-01  3.21884405e-09  3.42729496e-09  1.55101875e-07  4.57916371e-08  6.60000000e-01 
 6.70000000e-01  4.57005756e-01  3.19745892e-09  4.57005756e-01  4.57005756e-01  4.57005756e-01  3.21884405e-09  3.42729496e-09  1.55101867e-07  4.57915661e-08  6.70000000e-01 
 6.80000000e-01  4.57005778e-01  3.19745886e-09  4.57005778e-01  4.57005778e-01  4.57005778e-01  3.21884405e-09  3.42729496e-09  1.55101902e-07  4.57916016e-08  6.80000000e-01 
 6.90000000e-01  4.57005744e-01  3.19745892e-09  4.57005744e-01  4.57005744e-01  4.57005744e-01  3.21884399e-09  3.42729496e-09  1.55101832e-07  4.57914524e-08  6.90000000e-01 
 7.00000000e-01  4.57005748e-01  3.19745892e-09  4.57005748e-01  4.57005749e-01  4.57005748e-01  3.21884405e-09  3.42729502e-09  1.55101850e-07  4.57913458e-08  7.00000000e-01 
 7.10000000e-01  4.57005786e-01  3.19745892e-09  4.57005786e-01  4.57005786e-01  4.57005786e-01  3.21884400e-09  3.42729496e-09  1.55101916e-07  4.57913529e-08  7.10000000e-01 
 7.20000000e-01  4.57005770e-01  3.19745892e-09  4.57005770e-01  4.57005770e-01  4.57005770e-01  3.21884405e-09  3.42729502e-09  1.55101888e-07  4.57912606e-08  7.20000000e-01 
 7.30000000e-01  4.57005760e-01  3.19745892e-09  4.57005760e-01  4.57005761e-01  4.57005760e-01  3.21884400e-09  3.42729496e-09  1.55101872e-07  4.57912535e-08  7.30000000e-01 
 7.40000000e-01  4.57005782e-01  3.19745886e-09  4.57005782e-01  4.57005782e-01  4.57005782e-01  3.21884400e-09  3.42729496e-09  1.55101921e-07  4.57912321e-08  7.40000000e-01 
 7.50000000e-01  4.57005782e-01  3.19745892e-09  4.57005782e-01  4.57005782e-01  4.57005782e-01  3.21884405e-09  3.42729496e-09  1.55101910e-07  4.57911682e-08  7.50000000e-01 
 7.60000000e-01  4.57005779e-01  3.19745892e-09  4.57005779e-01  4.57005779e-01  4.57005779e-01  3.21884400e-09  3.42729496e-09  1.55101906e-07  4.57911398e-08  7.60000000e-01 
 7.70000000e-01  4.57005776e-01  3.19745892e-09  4.57005776e-01  4.57005777e-01  4.57005776e-01  3.21884405e-09  3.42729496e-09  1.55101890e-07  4.57910048e-08  7.70000000e-01 
 7.80000000e-01  4.57005761e-01  3.19745892e-09  4.57005761e-01  4.57005762e-01  4.57005761e-01  3.21884405e-09  3.42729496e-09  1.55101876e-07  4.57909266e-08  7.80000000e-01 
 7.90000000e-01  4.57005767e-01  3.19745892e-09  4.57005767e-01  4.57005768e-01  4.57005767e-01  3.21884405e-09  3.42729502e-09  1.55101883e-07  4.57909408e-08  7.90000000e-01 
 8.00000000e-01  4.57005783e-01  3.19745892e-09  4.57005783e-01  4.57005783e-01  4.57005783e-01  3.21884405e-09  3.42729496e-09  1.55101908e-07  4.57908698e-08  8.00000000e-01 
 8.10000000e-01  4.57005758e-01  3.19745892e-09  4.57005758e-01  4.57005758e-01  4.57005758e-01  3.21884400e-09  3.42729502e-09  1.55101859e-07  4.57908698e-08  8.10000000e-01 
 8.20000000e-01  4.57005765e-01  3.19745892e-09  4.57005765e-01  4.57005765e-01  4.57005765e-01  3.21884405e-09  3.42729496e-09  1.55101894e-07  4.57907063e-08  8.20000000e-01 
 8.30000000e-01  4.57005759e-01  3.19745892e-09  4.57005759e-01  4.57005759e-01  4.57005759e-01  3.21884405e-09  3.42729496e-09  1.55101878e-07  4.57906282e-08  8.30000000e-01 
 8.40000000e-01  4.57005791e-01  3.19745892e-09  4.57005791e-01  4.57005791e-01  4.57005791e-01  3.21884400e-09  3.42729496e-09  1.55101918e-07  4.57906921e-08  8.40000000e-01 
 8.50000000e-01  4.57005782e-01  3.19745892e-09  4.57005782e-01  4.57005782e-01  4.57005782e-01  3.21884405e-09  3.42729496e-09  1.55101912e-07  4.57905145e-08  8.50000000e-01 
 8.60000000e-01  4.57005777e-01  3.19745892e-09  4.57005777e-01  4.57005777e-01  4.57005777e-01  3.21884400e-09  3.42729496e-09  1.55101893e-07  4.57905216e-08  8.60000000e-01 
 8.70000000e-01  4.57005784e-01  3.19745886e-09  4.57005784e-01  4.57005784e-01  4.57005784e-01  3.21884405e-09  3.42729496e-09  1.55101908e-07  4.57904292e-08  8.70000000e-01 
 8.80000000e-01  4.57005751e-01  3.19745892e-09  4.57005751e-01  4.57005751e-01  4.57005751e-01  3.21884400e-09  3.42729496e-09  1.55101862e-07  4.57903298e-08  8.80000000e-01 
 8.90000000e-01  4.57005768e-01  3.19745886e-09  4.57005768e-01  4.57005768e-01  4.57005768e-01  3.21884405e-09  3.42729502e-09  1.55101894e-07  4.57903582e-08  8.90000000e-01 
 9.00000000e-01  4.57005753e-01  3.19745892e-09  4.57005753e-01  4.57005753e-01  4.57005753e-01  3.21884405e-09  3.42729496e-09  1.55101867e-07  4.57902942e-08  9.00000000e-01 
 9.10000000e-01  4.57005740e-01  3.19745892e-09  4.57005740e-01  4.57005740e-01  4.57005740e-01  3.21884405e-09  3.42729502e-09  1.55101844e-07  4.57901308e-08  9.10000000e-01 
 9.20000000e-01  4.57005762e-01  3.19745892e-09  4.57005762e-01  4.57005762e-01  4.57005762e-01  3.21884400e-09  3.42729496e-09  1.55101897e-07  4.57900882e-08  9.20000000e-01 
 9.30000000e-01  4.57005766e-01  3.19745892e-09  4.57005766e-01  4.57005766e-01  4.57005766e-01  3.21884400e-09  3.42729502e-09  1.55101876e-07  4.57900526e-08  9.30000000e-01 
 9.40000000e-01  4.57005764e-01  3.19745892e-09  4.57005764e-01  4.57005764e-01  4.57005764e-01  3.21884405e-09  3.42729496e-09  1.55101889e-07  4.57899674e-08  9.40000000e-01 
 9.50000000e-01  4.57005777e-01  3.19745892e-09  4.57005777e-01  4.57005777e-01  4.57005777e-01  3.21884405e-09  3.42729496e-09  1.55101892e-07  4.57899176e-08  9.50000000e-01 
 9.60000000e-01  4.57005777e-01  3.19745892e-09  4.57005777e-01  4.57005778e-01  4.57005777e-01  3.21884405e-09  3.42729496e-09  1.55101896e-07  4.57899034e-08  9.60000000e-01 
 9.70000000e-01  4.57005781e-01  3.19745892e-09  4.57005781e-01  4.57005781e-01  4.57005781e-01  3.21884405e-09  3.42729496e-09  1.55101912e-07  4.57897968e-08  9.70000000e-01 
 9.80000000e-01  4.57005772e-01  3.19745892e-09  4.57005772e-01  4.57005772e-01  4.57005772e-01  3.21884400e-09  3.42729496e-09  1.55101892e-07  4.57898253e-08  9.80000000e-01 
 9.90000000e-01  4.57005752e-01  3.19745892e-09  4.57005752e-01  4.57005753e-01  4.57005752e-01  3.21884405e-09  3.42729496e-09  1.55101858e-07  4.57896689e-08  9.90000000e-01 
 1.00000000e+00  4.57005770e-01  3.19745892e-09  4.57005770e-01  4.57005770e-01  4.57005770e-01  3.21884400e-09  3.42729496e-09  1.55101900e-07  4.57896618e-08  1.00000000e+00 
 1.01000000e+00  4.57005782e-01  3.19745892e-09  4.57005782e-01  4.57005783e-01  4.57005782e-01  3.21884405e-09  3.42729496e-09  1.55101912e-07  4.57895695e-08  1.01000000e+00 
 1.02000000e+00  4.57005800e-01  3.19745892e-09  4.57005800e-01  4.57005800e-01  4.57005800e-01  3.21884405e-09  3.42729496e-09  1.55101927e-07  4.57896121e-08  1.02000000e+00 
 1.03000000e+00  4.57005751e-01  3.19745892e-09  4.57005751e-01  4.57005751e-01  4.57005751e-01  3.21884405e-09  3.42729502e-09  1.55101844e-07  4.57894771e-08  1.03000000e+00 
 1.04000000e+00  4.57005779e-01  3.19745886e-09  4.57005779e-01  4.57005779e-01  4.57005779e-01  3.21884400e-09  3.42729496e-09  1.55101912e-07  4.57893776e-08  1.04000000e+00 
 1.05000000e+00  4.57005757e-01  3.19745892e-09  4.57005757e-01  4.57005757e-01  4.57005757e-01  3.21884400e-09  3.42729496e-09  1.55101860e-07  4.57893066e-08  1.05000000e+00 
 1.06000000e+00  4.57005767e-01  3.19745892e-09  4.57005767e-01  4.57005767e-01  4.57005767e-01  3.21884405e-09  3.42729496e-09  1.55101896e-07  4.57892639e-08  1.06000000e+00 
 1.07000000e+00  4.57005768e-01  3.19745892e-09  4.57005768e-01  4.57005768e-01  4.57005768e-01  3.21884405e-09  3.42729496e-09  1.55101883e-07  4.57892781e-08  1.07000000e+00 
 1.08000000e+00  4.57005773e-01  3.19745892e-09  4.57005773e-01  4.57005773e-01  4.57005773e-01  3.21884405e-09  3.42729496e-09  1.55101890e-07  4.57891574e-08  1.08000000e+00 
 1.09000000e+00  4.57005809e-01  3.19745892e-09  4.57005809e-01  4.57005809e-01  4.57005809e-01  3.21884400e-09  3.42729502e-09  1.55101942e-07  4.57892710e-08  1.09000000e+00 
 1.10000000e+00  4.57005764e-01  3.19745892e-09  4.57005764e-01  4.57005764e-01  4.57005764e-01  3.21884400e-09  3.42729502e-09  1.55101866e-07  4.57890579e-08  1.10000000e+00 
 1.11000000e+00  4.57005781e-01  3.19745892e-09  4.57005781e-01  4.57005782e-01  4.57005781e-01  3.21884405e-09  3.42729496e-09  1.55101909e-07  4.57889868e-08  1.11000000e+00 
 1.12000000e+00  4.57005744e-01  3.19745886e-09  4.57005744e-01  4.57005744e-01  4.57005744e-01  3.21884405e-09  3.42729496e-09  1.55101850e-07  4.57888021e-08  1.12000000e+00 
 1.13000000e+00  4.57005772e-01  3.19745892e-09  4.57005772e-01  4.57005772e-01  4.57005772e-01  3.21884400e-09  3.42729502e-09  1.55101893e-07  4.57887523e-08  1.13000000e+00 
 1.14000000e+00  4.57005762e-01  3.19745892e-09  4.57005762e-01  4.57005762e-01  4.57005762e-01  3.21884405e-09  3.42729496e-09  1.55101874e-07  4.57887737e-08  1.14000000e+00 
 1.15000000e+00  4.57005758e-01  3.19745892e-09  4.57005758e-01  4.57005758e-01  4.57005758e-01  3.21884400e-09  3.42729502e-09  1.55101866e-07  4.57886884e-08  1.15000000e+00 
 1.16000000e+00  4.57005766e-01  3.19745892e-09  4.57005766e-01  4.57005766e-01  4.57005766e-01  3.21884405e-09  3.42729496e-09  1.55101880e-07  4.57887381e-08  1.16000000e+00 
 1.17000000e+00  4.57005753e-01  3.19745892e-09  4.57005753e-01  4.57005753e-01  4.57005753e-01  3.21884405e-09  3.42729496e-09  1.55101857e-07  4.57885534e-08  1.17000000e+00 
 1.18000000e+00  4.57005763e-01  3.19745892e-09  4.57005763e-01  4.57005763e-01  4.57005763e-01  3.21884400e-09  3.42729496e-09  1.55101882e-07  4.57885960e-08  1.18000000e+00 
 1.19000000e+00  4.57005784e-01  3.19745892e-09  4.57005784e-01  4.57005784e-01  4.57005784e-01  3.21884405e-09  3.42729496e-09  1.55101908e-07  4.57883687e-08  1.19000000e+00 
 1.20000000e+00  4.57005778e-01  3.19745892e-09  4.57005778e-01  4.57005778e-01  4.57005778e-01  3.21884400e-09  3.42729496e-09  1.55101894e-07  4.57884539e-08  1.20000000e+00 
 1.21000000e+00  4.57005748e-01  3.19745886e-09  4.57005748e-01  4.57005749e-01  4.57005748e-01  3.21884405e-09  3.42729496e-09  1.55101876e-07  4.57882123e-08  1.21000000e+00 
 1.22000000e+00  4.57005797e-01  3.19745892e-09  4.57005797e-01  4.57005797e-01  4.57005797e-01  3.21884400e-09  3.42729496e-09  1.55101936e-07  4.57883544e-08  1.22000000e+00 
 1.23000000e+00  4.57005777e-01  3.19745892e-09  4.57005777e-01  4.57005777e-01  4.57005777e-01  3.21884400e-09  3.42729496e-09  1.55101890e-07  4.57882692e-08  1.23000000e+00 
 1.24000000e+00  4.57005766e-01  3.19745892e-09  4.57005766e-01  4.57005766e-01  4.57005766e-01  3.21884405e-09  3.42729496e-09  1.55101894e-07  4.57880276e-08  1.24000000e+00 
 1.25000000e+00  4.57005767e-01  3.19745892e-09  4.57005767e-01  4.57005767e-01  4.57005767e-01  3.21884405e-09  3.42729502e-09  1.55101875e-07  4.57881129e-08  1.25000000e+00 
 1.26000000e+00  4.57005768e-01  3.19745892e-09  4.57005768e-01  4.57005768e-01  4.57005768e-01  3.21884400e-09  3.42729496e-09  1.55101898e-07  4.57878002e-08  1.26000000e+00 
 1.27000000e+00  4.57005792e-01  3.19745892e-09  4.57005792e-01  4.57005792e-01  4.57005792e-01  3.21884405e-09  3.42729502e-09  1.55101921e-07  4.57879423e-08  1.27000000e+00 
 1.28000000e+00  4.57005773e-01  3.19745892e-09  4.57005773e-01  4.57005773e-01  4.57005773e-01  3.21884400e-09  3.42729496e-09  1.55101893e-07  4.57878997e-08  1.28000000e+00 
 1.29000000e+00  4.57005764e-01  3.19745886e-09  4.57005764e-01  4.57005764e-01  4.57005764e-01  3.21884405e-09  3.42729502e-09  1.55101882e-07  4.57877718e-08  1.29000000e+00 
 1.30000000e+00  4.57005772e-01  3.19745892e-09  4.57005772e-01  4.57005772e-01  4.57005772e-01  3.21884400e-09  3.42729496e-09  1.55101895e-07  4.57876723e-08  1.30000000e+00 
 1.31000000e+00  4.57005787e-01  3.19745892e-09  4.57005787e-01  4.57005787e-01  4.57005787e-01  3.21884400e-09  3.42729496e-09  1.55101906e-07  4.57875444e-08  1.31000000e+00 
 1.32000000e+00  4.57005771e-01  3.19745892e-09  4.57005772e-01  4.57005772e-01  4.57005771e-01  3.21884400e-09  3.42729496e-09  1.55101899e-07  4.57874449e-08  1.32000000e+00 
 1.33000000e+00  4.57005753e-01  3.19745892e-09  4.57005753e-01  4.57005753e-01  4.57005753e-01  3.21884400e-09  3.42729502e-09  1.55101847e-07  4.57874449e-08  1.33000000e+00 
 1.34000000e+00  4.57005749e-01  3.19745886e-09  4.57005749e-01  4.57005749e-01  4.57005749e-01  3.21884400e-09  3.42729496e-09  1.55101839e-07  4.57873170e-08  1.34000000e+00 
 1.35000000e+00  4.57005756e-01  3.19745892e-09  4.57005756e-01  4.57005756e-01  4.57005756e-01  3.21884405e-09  3.42729496e-09  1.55101870e-07  4.57872034e-08  1.35000000e+00 
 1.36000000e+00  4.57005767e-01  3.19745886e-09  4.57005767e-01  4.57005767e-01  4.57005767e-01  3.21884405e-09  3.42729502e-09  1.55101891e-07  4.57872034e-08  1.36000000e+00 
 1.37000000e+00  4.57005783e-01  3.19745892e-09  4.57005783e-01  4.57005783e-01  4.57005783e-01  3.21884405e-09  3.42729496e-09  1.55101911e-07  4.57871465e-08  1.37000000e+00 
 1.38000000e+00  4.57005777e-01  3.19745886e-09  4.57005777e-01  4.57005777e-01  4.57005777e-01  3.21884400e-09  3.42729496e-09  1.55101889e-07  4.57869760e-08  1.38000000e+00 
 1.39000000e+00  4.57005758e-01  3.19745892e-09  4.57005758e-01  4.57005758e-01  4.57005758e-01  3.21884405e-09  3.42729496e-09  1.55101880e-07  4.57868481e-08  1.39000000e+00 
 1.40000000e+00  4.57005784e-01  3.19745892e-09  4.57005784e-01  4.57005785e-01  4.57005784e-01  3.21884405e-09  3.42729496e-09  1.55101914e-07  4.57868623e-08  1.40000000e+00 
 1.41000000e+00  4.57005774e-01  3.19745892e-09  4.57005774e-01  4.57005774e-01  4.57005774e-01  3.21884405e-09  3.42729496e-09  1.55101891e-07  4.57867202e-08  1.41000000e+00 
 1.42000000e+00  4.57005757e-01  3.19745892e-09  4.57005757e-01  4.57005757e-01  4.57005757e-01  3.21884400e-09  3.42729496e-09  1.55101872e-07  4.57865781e-08  1.42000000e+00 
 1.43000000e+00  4.57005795e-01  3.19745892e-09  4.57005795e-01  4.57005795e-01  4.57005795e-01  3.21884405e-09  3.42729496e-09  1.55101938e-07  4.57865923e-08  1.43000000e+00 
 1.44000000e+00  4.57005764e-01  3.19745892e-09  4.57005764e-01  4.57005765e-01  4.57005764e-01  3.21884405e-09  3.42729496e-09  1.55101881e-07  4.57863933e-08  1.44000000e+00 
 1.45000000e+00  4.57005777e-01  3.19745892e-09  4.57005777e-01  4.57005777e-01  4.57005777e-01  3.21884400e-09  3.42729496e-09  1.55101907e-07  4.57863223e-08  1.45000000e+00 
 1.46000000e+00  4.57005759e-01  3.19745892e-09  4.57005759e-01  4.57005760e-01  4.57005759e-01  3.21884405e-09  3.42729496e-09  1.55101858e-07  4.57862370e-08  1.46000000e+00 
 1.47000000e+00  4.57005799e-01  3.19745892e-09  4.57005799e-01  4.57005799e-01  4.57005799e-01  3.21884405e-09  3.42729496e-09  1.55101937e-07  4.57860097e-08  1.47000000e+00 
 1.48000000e+00  4.57005766e-01  3.19745892e-09  4.57005766e-01  4.57005766e-01  4.57005766e-01  3.21884405e-09  3.42729496e-09  1.55101871e-07  4.57858107e-08  1.48000000e+00 
 1.49000000e+00  4.57005763e-01  3.19745892e-09  4.57005763e-01  4.57005763e-01  4.57005763e-01  3.21884405e-09  3.42729496e-09  1.55101879e-07  4.57857112e-08  1.49000000e+00 
 1.50000000e+00  4.57005771e-01  3.19745892e-09  4.57005771e-01  4.57005771e-01  4.57005771e-01  3.21884405e-09  3.42729496e-09  1.55101903e-07  4.57854270e-08  1.50000000e+00 
 1.51000000e+00  4.57005779e-01  3.19745886e-09  4.57005779e-01  4.57005779e-01  4.57005779e-01  3.21884405e-09  3.42729496e-09  1.55101899e-07  4.57852423e-08  1.51000000e+00 
 1.52000000e+00  4.57005757e-01  3.19745886e-09  4.57005757e-01  4.57005757e-01  4.57005757e-01  3.21884405e-09  3.42729496e-09  1.55101872e-07  4.57849865e-08  1.52000000e+00 
 1.53000000e+00  4.57005756e-01  3.19745886e-09  4.57005756e-01  4.57005757e-01  4.57005756e-01  3.21884405e-09  3.42729496e-09  1.55101867e-07  4.57846028e-08  1.53000000e+00 
 1.54000000e+00  4.57005795e-01  3.19745892e-09  4.57005795e-01  4.57005795e-01  4.57005795e-01  3.21884405e-09  3.42729496e-09  1.55101929e-07  4.57842759e-08  1.54000000e+00 
 1.55000000e+00  4.57005788e-01  3.19745892e-09  4.57005788e-01  4.57005788e-01  4.57005788e-01  3.21884405e-09  3.42729502e-09  1.55101917e-07  4.57838354e-08  1.55000000e+00 
 1.56000000e+00  4.57005774e-01  3.19745892e-09  4.57005774e-01  4.57005774e-01  4.57005774e-01  3.21884405e-09  3.42729496e-09  1.55101889e-07  4.57832812e-08  1.56000000e+00 
 1.57000000e+00  4.57005776e-01  3.19745892e-09  4.57005776e-01  4.57005776e-01  4.57005776e-01  3.21884400e-09  3.42729496e-09  1.55101904e-07  4.57823006e-08  1.57000000e+00 
 1.58000000e+00  4.57005762e-01  3.19745886e-09  4.57005762e-01  4.57005762e-01  4.57005762e-01  3.21884405e-09  3.42729496e-09  1.55101874e-07  4.57812064e-08  1.58000000e+00 
 1.59000000e+00  4.57005731e-01  3.19745892e-09  4.57005731e-01  4.57005731e-01  4.57005731e-01  3.21884405e-09  3.42729496e-09  1.55101827e-07  4.57793874e-08  1.59000000e+00 
 1.60000000e+00  4.57005759e-01  3.19745892e-09  4.57005759e-01  4.57005759e-01  4.57005759e-01  3.21884405e-09  3.42729502e-09  1.55101872e-07  4.57768863e-08  1.60000000e+00 
 1.61000000e+00  4.57005772e-01  3.19745892e-09  4.57005772e-01  4.57005772e-01  4.57005772e-01  3.21884400e-09  3.42729496e-09  1.55101886e-07  4.57723672e-08  1.61000000e+00 
 1.62000000e+00  4.57005814e-01  3.19745887e-09  4.57005814e-01  4.57005814e-01  4.57005814e-01  3.21884406e-09  3.42729497e-09  1.55101951e-07  4.57646934e-08  1.62000000e+00 
 1.63000000e+00  4.57005755e-01  3.19745892e-09  4.57005755e-01  4.57005755e-01  4.57005755e-01  3.21884400e-09  3.42729496e-09  1.55101862e-07  4.57506388e-08  1.63000000e+00 
 1.64000000e+00  4.57005757e-01  3.19745892e-09  4.57005757e-01  4.57005757e-01  4.57005757e-01  3.21884400e-09  3.42729502e-09  1.55101861e-07  4.57248177e-08  1.64000000e+00 
 1.65000000e+00  4.57005769e-01  3.19745892e-09  4.57005769e-01  4.57005769e-01  4.57005769e-01  3.21884400e-09  3.42729496e-09  1.55101889e-07  4.56740423e-08  1.65000000e+00 
 1.66000000e+00  4.57005777e-01  3.19745892e-09  4.57005777e-01  4.57005777e-01  4.57005777e-01  3.21884405e-09  3.42729496e-09  1.55101908e-07  4.55575559e-08  1.66000000e+00 
 1.67000000e+00  4.57005770e-01  3.19745892e-09  4.57005770e-01  4.57005770e-01  4.57005770e-01  3.21884405e-09  3.42729496e-09  1.55101873e-07  4.47713973e-08  1.67000000e+00 
 1.68000000e+00  4.57005797e-01  3.19745892e-09  4.57005797e-01  4.57005797e-01  4.57005797e-01  3.21884405e-09  3.42729496e-09  1.55101926e-07  4.30257359e-08  1.68000000e+00 
 1.69000000e+00  4.57005793e-01  3.19745886e-09  4.57005793e-01  4.57005793e-01  4.57005793e-01  3.21884405e-09  3.42729496e-09  1.55101925e-07  3.47538105e-08  1.69000000e+00 
 1.70000000e+00  4.57005747e-01  3.19745892e-09  4.57005747e-01  4.57005747e-01  4.57005747e-01  3.21884399e-09  3.42729502e-09  1.55101847e-07  2.72361547e-08  1.70000000e+00 
 1.71000000e+00  4.57005778e-01  3.19745886e-09  4.57005778e-01  4.57005778e-01  4.57005778e-01  3.21884405e-09  3.42729496e-09  1.55101906e-07  2.10799271e-08  1.71000000e+00 
 1.72000000e+00  4.57005786e-01  3.19745892e-09  4.57005786e-01  4.57005786e-01  4.57005786e-01  3.21884400e-09  3.42729502e-09  1.55101910e-07  1.60526099e-08  1.72000000e+00 
 1.73000000e+00  4.57005796e-01  3.19745892e-09  4.57005796e-01  4.57005796e-01  4.57005796e-01  3.21884405e-09  3.42729496e-09  1.55101930e-07  1.19538441e-08  1.73000000e+00 
 1.74000000e+00  4.57005759e-01  3.19745892e-09  4.57005759e-01  4.57005759e-01  4.57005759e-01  3.21884405e-09  3.42729496e-09  1.55101853e-07  8.60943317e-09  1.74000000e+00 
 1.75000000e+00  4.57005756e-01  3.19745892e-09  4.57005756e-01  4.57005756e-01  4.57005756e-01  3.21884405e-09  3.42729502e-09  1.55101879e-07  5.86896931e-09  1.75000000e+00 
 1.76000000e+00  4.57005756e-01  3.19745892e-09  4.57005756e-01  4.57005756e-01  4.57005756e-01  3.21884405e-09  3.42729496e-09  1.55101882e-07  3.60374486e-09  1.76000000e+00 
 1.77000000e+00  4.57005774e-01  3.19745892e-09  4.57005774e-01  4.57005774e-01  4.57005774e-01  3.21884405e-09  3.42729496e-09  1.55101914e-07  1.71282011e-09  1.77000000e+00 
 1.78000000e+00  4.57005761e-01  3.19745886e-09  4.57005761e-01  4.57005761e-01  4.57005761e-01  3.21884400e-09  3.42729496e-09  1.55101879e-07  1.34136258e-10  1.78000000e+00 
 1.79000000e+00  4.57005764e-01  3.19745892e-09  4.57005764e-01  4.57005764e-01  4.57005764e-01  3.21884405e-09  3.42729502e-09  1.55101885e-07 -1.15190346e-09  1.79000000e+00 
 1.80000000e+00  4.57005774e-01  3.19745886e-09  4.57005774e-01  4.57005774e-01  4.57005774e-01  3.21884405e-09  3.42729496e-09  1.55101896e-07 -2.14483009e-09  1.80000000e+00 
