 v-sweep         v(b0)           v(b1)           v(b2)           v(b3)           v(b4)           v(b5)           v(b6)           i(vbias)        i(viout)        v(vout)        
 0.00000000e+00  4.56987403e-01  3.53243901e-09  4.56987403e-01  4.56987403e-01  3.31112112e-09  3.45893012e-09  4.56987402e-01  1.55585327e-07  1.13511664e-07  0.00000000e+00 
 1.00000000e-02  4.56987401e-01  3.53243899e-09  4.56987401e-01  4.56987401e-01  3.31112116e-09  3.45893010e-09  4.56987401e-01  1.55585313e-07  1.13511403e-07  1.00000000e-02 
 2.00000000e-02  4.56987393e-01  3.53243899e-09  4.56987393e-01  4.56987393e-01  3.31112115e-09  3.45893010e-09  4.56987393e-01  1.55585297e-07  1.13510984e-07  2.00000000e-02 
 3.00000000e-02  4.56987383e-01  3.53243905e-09  4.56987383e-01  4.56987383e-01  3.31112111e-09  3.45893010e-09  4.56987382e-01  1.55585286e-07  1.13510424e-07  3.00000000e-02 
 4.00000000e-02  4.56987384e-01  3.53243905e-09  4.56987384e-01  4.56987384e-01  3.31112110e-09  3.45893010e-09  4.56987384e-01  1.55585291e-07  1.13510193e-07  4.00000000e-02 
 5.00000000e-02  4.56987371e-01  3.53243905e-09  4.56987372e-01  4.56987371e-01  3.31112110e-09  3.45893016e-09  4.56987371e-01  1.55585261e-07  1.13509787e-07  5.00000000e-02 
 6.00000000e-02  4.56987390e-01  3.53243899e-09  4.56987390e-01  4.56987390e-01  3.31112110e-09  3.45893010e-09  4.56987390e-01  1.55585304e-07  1.13509544e-07  6.00000000e-02 
 7.00000000e-02  4.56987370e-01  3.53243899e-09  4.56987370e-01  4.56987370e-01  3.31112110e-09  3.45893010e-09  4.56987370e-01  1.55585276e-07  1.13509119e-07  7.00000000e-02 
 8.00000000e-02  4.56987364e-01  3.53243899e-09  4.56987364e-01  4.56987364e-01  3.31112116e-09  3.45893010e-09  4.56987364e-01  1.55585268e-07  1.13508762e-07  8.00000000e-02 
 9.00000000e-02  4.56987374e-01  3.53243899e-09  4.56987374e-01  4.56987374e-01  3.31112109e-09  3.45893010e-09  4.56987374e-01  1.55585267e-07  1.13508495e-07  9.00000000e-02 
 1.00000000e-01  4.56987385e-01  3.53243905e-09  4.56987385e-01  4.56987385e-01  3.31112111e-09  3.45893010e-09  4.56987385e-01  1.55585290e-07  1.13508301e-07  1.00000000e-01 
 1.10000000e-01  4.56987361e-01  3.53243905e-09  4.56987361e-01  4.56987361e-01  3.31112110e-09  3.45893010e-09  4.56987361e-01  1.55585254e-07  1.13507941e-07  1.10000000e-01 
 1.20000000e-01  4.56987377e-01  3.53243899e-09  4.56987377e-01  4.56987377e-01  3.31112110e-09  3.45893010e-09  4.56987377e-01  1.55585281e-07  1.13507684e-07  1.20000000e-01 
 1.30000000e-01  4.56987377e-01  3.53243899e-09  4.56987377e-01  4.56987377e-01  3.31112116e-09  3.45893016e-09  4.56987377e-01  1.55585275e-07  1.13507460e-07  1.30000000e-01 
 1.40000000e-01  4.56987367e-01  3.53243905e-09  4.56987367e-01  4.56987367e-01  3.31112115e-09  3.45893016e-09  4.56987367e-01  1.55585271e-07  1.13507188e-07  1.40000000e-01 
 1.50000000e-01  4.56987377e-01  3.53243905e-09  4.56987377e-01  4.56987377e-01  3.31112111e-09  3.45893016e-09  4.56987377e-01  1.55585271e-07  1.13506994e-07  1.50000000e-01 
 1.60000000e-01  4.56987386e-01  3.53243905e-09  4.56987387e-01  4.56987386e-01  3.31112110e-09  3.45893010e-09  4.56987386e-01  1.55585279e-07  1.13506839e-07  1.60000000e-01 
 1.70000000e-01  4.56987371e-01  3.53243899e-09  4.56987371e-01  4.56987371e-01  3.31112110e-09  3.45893010e-09  4.56987371e-01  1.55585274e-07  1.13506564e-07  1.70000000e-01 
 1.80000000e-01  4.56987357e-01  3.53243905e-09  4.56987357e-01  4.56987357e-01  3.31112110e-09  3.45893016e-09  4.56987357e-01  1.55585258e-07  1.13506283e-07  1.80000000e-01 
 1.90000000e-01  4.56987355e-01  3.53243905e-09  4.56987355e-01  4.56987355e-01  3.31112116e-09  3.45893016e-09  4.56987355e-01  1.55585259e-07  1.13506101e-07  1.90000000e-01 
 2.00000000e-01  4.56987369e-01  3.53243905e-09  4.56987369e-01  4.56987369e-01  3.31112109e-09  3.45893010e-09  4.56987369e-01  1.55585264e-07  1.13505983e-07  2.00000000e-01 
 2.10000000e-01  4.56987379e-01  3.53243899e-09  4.56987379e-01  4.56987379e-01  3.31112111e-09  3.45893016e-09  4.56987379e-01  1.55585273e-07  1.13505900e-07  2.10000000e-01 
 2.20000000e-01  4.56987373e-01  3.53243899e-09  4.56987373e-01  4.56987373e-01  3.31112110e-09  3.45893010e-09  4.56987373e-01  1.55585272e-07  1.13505617e-07  2.20000000e-01 
 2.30000000e-01  4.56987395e-01  3.53243905e-09  4.56987396e-01  4.56987395e-01  3.31112110e-09  3.45893010e-09  4.56987395e-01  1.55585298e-07  1.13505489e-07  2.30000000e-01 
 2.40000000e-01  4.56987368e-01  3.53243905e-09  4.56987368e-01  4.56987368e-01  3.31112110e-09  3.45893016e-09  4.56987368e-01  1.55585250e-07  1.13505381e-07  2.40000000e-01 
 2.50000000e-01  4.56987370e-01  3.53243899e-09  4.56987370e-01  4.56987370e-01  3.31112110e-09  3.45893010e-09  4.56987370e-01  1.55585271e-07  1.13505131e-07  2.50000000e-01 
 2.60000000e-01  4.56987371e-01  3.53243905e-09  4.56987372e-01  4.56987371e-01  3.31112110e-09  3.45893010e-09  4.56987371e-01  1.55585269e-07  1.13504916e-07  2.60000000e-01 
 2.70000000e-01  4.56987376e-01  3.53243899e-09  4.56987376e-01  4.56987376e-01  3.31112116e-09  3.45893016e-09  4.56987376e-01  1.55585265e-07  1.13504898e-07  2.70000000e-01 
 2.80000000e-01  4.56987381e-01  3.53243905e-09  4.56987381e-01  4.56987381e-01  3.31112115e-09  3.45893016e-09  4.56987381e-01  1.55585286e-07  1.13504839e-07  2.80000000e-01 
 2.90000000e-01  4.56987394e-01  3.53243905e-09  4.56987394e-01  4.56987394e-01  3.31112111e-09  3.45893010e-09  4.56987394e-01  1.55585291e-07  1.13504711e-07  2.90000000e-01 
 3.00000000e-01  4.56987398e-01  3.53243905e-09  4.56987398e-01  4.56987398e-01  3.31112116e-09  3.45893016e-09  4.56987398e-01  1.55585294e-07  1.13504555e-07  3.00000000e-01 
 3.10000000e-01  4.56987375e-01  3.53243899e-09  4.56987375e-01  4.56987375e-01  3.31112115e-09  3.45893010e-09  4.56987374e-01  1.55585271e-07  1.13504342e-07  3.10000000e-01 
 3.20000000e-01  4.56987392e-01  3.53243899e-09  4.56987392e-01  4.56987392e-01  3.31112111e-09  3.45893010e-09  4.56987391e-01  1.55585313e-07  1.13504388e-07  3.20000000e-01 
 3.30000000e-01  4.56987389e-01  3.53243905e-09  4.56987389e-01  4.56987389e-01  3.31112116e-09  3.45893016e-09  4.56987389e-01  1.55585292e-07  1.13504210e-07  3.30000000e-01 
 3.40000000e-01  4.56987378e-01  3.53243899e-09  4.56987378e-01  4.56987378e-01  3.31112109e-09  3.45893016e-09  4.56987378e-01  1.55585273e-07  1.13504132e-07  3.40000000e-01 
 3.50000000e-01  4.56987386e-01  3.53243899e-09  4.56987386e-01  4.56987386e-01  3.31112111e-09  3.45893016e-09  4.56987386e-01  1.55585288e-07  1.13503980e-07  3.50000000e-01 
 3.60000000e-01  4.56987364e-01  3.53243899e-09  4.56987364e-01  4.56987364e-01  3.31112110e-09  3.45893016e-09  4.56987364e-01  1.55585244e-07  1.13503738e-07  3.60000000e-01 
 3.70000000e-01  4.56987385e-01  3.53243905e-09  4.56987385e-01  4.56987385e-01  3.31112116e-09  3.45893016e-09  4.56987385e-01  1.55585291e-07  1.13503749e-07  3.70000000e-01 
 3.80000000e-01  4.56987369e-01  3.53243899e-09  4.56987369e-01  4.56987369e-01  3.31112115e-09  3.45893016e-09  4.56987369e-01  1.55585264e-07  1.13503575e-07  3.80000000e-01 
 3.90000000e-01  4.56987388e-01  3.53243899e-09  4.56987388e-01  4.56987388e-01  3.31112111e-09  3.45893010e-09  4.56987388e-01  1.55585305e-07  1.13503543e-07  3.90000000e-01 
 4.00000000e-01  4.56987395e-01  3.53243899e-09  4.56987395e-01  4.56987395e-01  3.31112116e-09  3.45893010e-09  4.56987395e-01  1.55585300e-07  1.13503525e-07  4.00000000e-01 
 4.10000000e-01  4.56987394e-01  3.53243899e-09  4.56987395e-01  4.56987395e-01  3.31112115e-09  3.45893010e-09  4.56987394e-01  1.55585300e-07  1.13503457e-07  4.10000000e-01 
 4.20000000e-01  4.56987377e-01  3.53243899e-09  4.56987377e-01  4.56987377e-01  3.31112111e-09  3.45893010e-09  4.56987377e-01  1.55585269e-07  1.13503273e-07  4.20000000e-01 
 4.30000000e-01  4.56987383e-01  3.53243899e-09  4.56987383e-01  4.56987383e-01  3.31112110e-09  3.45893016e-09  4.56987383e-01  1.55585282e-07  1.13503287e-07  4.30000000e-01 
 4.40000000e-01  4.56987414e-01  3.53243900e-09  4.56987414e-01  4.56987414e-01  3.31112111e-09  3.45893010e-09  4.56987413e-01  1.55585338e-07  1.13503191e-07  4.40000000e-01 
 4.50000000e-01  4.56987377e-01  3.53243905e-09  4.56987377e-01  4.56987377e-01  3.31112110e-09  3.45893010e-09  4.56987377e-01  1.55585286e-07  1.13503038e-07  4.50000000e-01 
 4.60000000e-01  4.56987360e-01  3.53243899e-09  4.56987360e-01  4.56987360e-01  3.31112110e-09  3.45893010e-09  4.56987360e-01  1.55585266e-07  1.13502910e-07  4.60000000e-01 
 4.70000000e-01  4.56987369e-01  3.53243899e-09  4.56987369e-01  4.56987369e-01  3.31112116e-09  3.45893016e-09  4.56987369e-01  1.55585273e-07  1.13502889e-07  4.70000000e-01 
 4.80000000e-01  4.56987375e-01  3.53243905e-09  4.56987375e-01  4.56987375e-01  3.31112115e-09  3.45893016e-09  4.56987375e-01  1.55585277e-07  1.13502839e-07  4.80000000e-01 
 4.90000000e-01  4.56987368e-01  3.53243905e-09  4.56987368e-01  4.56987368e-01  3.31112117e-09  3.45893010e-09  4.56987368e-01  1.55585261e-07  1.13502587e-07  4.90000000e-01 
 5.00000000e-01  4.56987369e-01  3.53243905e-09  4.56987369e-01  4.56987369e-01  3.31112109e-09  3.45893016e-09  4.56987368e-01  1.55585267e-07  1.13502466e-07  5.00000000e-01 
 5.10000000e-01  4.56987396e-01  3.53243905e-09  4.56987396e-01  4.56987396e-01  3.31112111e-09  3.45893016e-09  4.56987396e-01  1.55585317e-07  1.13502530e-07  5.10000000e-01 
 5.20000000e-01  4.56987362e-01  3.53243899e-09  4.56987362e-01  4.56987362e-01  3.31112110e-09  3.45893010e-09  4.56987362e-01  1.55585254e-07  1.13502274e-07  5.20000000e-01 
 5.30000000e-01  4.56987370e-01  3.53243899e-09  4.56987370e-01  4.56987370e-01  3.31112116e-09  3.45893010e-09  4.56987369e-01  1.55585280e-07  1.13502281e-07  5.30000000e-01 
 5.40000000e-01  4.56987373e-01  3.53243905e-09  4.56987374e-01  4.56987373e-01  3.31112109e-09  3.45893010e-09  4.56987373e-01  1.55585263e-07  1.13502207e-07  5.40000000e-01 
 5.50000000e-01  4.56987380e-01  3.53243899e-09  4.56987380e-01  4.56987380e-01  3.31112111e-09  3.45893010e-09  4.56987380e-01  1.55585282e-07  1.13502196e-07  5.50000000e-01 
 5.60000000e-01  4.56987373e-01  3.53243899e-09  4.56987373e-01  4.56987373e-01  3.31112116e-09  3.45893016e-09  4.56987373e-01  1.55585262e-07  1.13502061e-07  5.60000000e-01 
 5.70000000e-01  4.56987376e-01  3.53243905e-09  4.56987376e-01  4.56987376e-01  3.31112109e-09  3.45893016e-09  4.56987376e-01  1.55585280e-07  1.13502036e-07  5.70000000e-01 
 5.80000000e-01  4.56987377e-01  3.53243899e-09  4.56987377e-01  4.56987377e-01  3.31112111e-09  3.45893010e-09  4.56987377e-01  1.55585259e-07  1.13501955e-07  5.80000000e-01 
 5.90000000e-01  4.56987379e-01  3.53243905e-09  4.56987379e-01  4.56987379e-01  3.31112116e-09  3.45893010e-09  4.56987379e-01  1.55585277e-07  1.13501834e-07  5.90000000e-01 
 6.00000000e-01  4.56987386e-01  3.53243905e-09  4.56987386e-01  4.56987386e-01  3.31112115e-09  3.45893010e-09  4.56987386e-01  1.55585292e-07  1.13501763e-07  6.00000000e-01 
 6.10000000e-01  4.56987398e-01  3.53243905e-09  4.56987398e-01  4.56987398e-01  3.31112111e-09  3.45893010e-09  4.56987398e-01  1.55585308e-07  1.13501748e-07  6.10000000e-01 
 6.20000000e-01  4.56987404e-01  3.53243899e-09  4.56987404e-01  4.56987404e-01  3.31112110e-09  3.45893016e-09  4.56987404e-01  1.55585313e-07  1.13501748e-07  6.20000000e-01 
 6.30000000e-01  4.56987380e-01  3.53243905e-09  4.56987380e-01  4.56987380e-01  3.31112116e-09  3.45893010e-09  4.56987380e-01  1.55585288e-07  1.13501578e-07  6.30000000e-01 
 6.40000000e-01  4.56987381e-01  3.53243899e-09  4.56987381e-01  4.56987381e-01  3.31112109e-09  3.45893016e-09  4.56987381e-01  1.55585290e-07  1.13501500e-07  6.40000000e-01 
 6.50000000e-01  4.56987386e-01  3.53243905e-09  4.56987386e-01  4.56987386e-01  3.31112111e-09  3.45893010e-09  4.56987386e-01  1.55585294e-07  1.13501279e-07  6.50000000e-01 
 6.60000000e-01  4.56987367e-01  3.53243905e-09  4.56987367e-01  4.56987367e-01  3.31112110e-09  3.45893016e-09  4.56987367e-01  1.55585259e-07  1.13501173e-07  6.60000000e-01 
 6.70000000e-01  4.56987373e-01  3.53243905e-09  4.56987373e-01  4.56987373e-01  3.31112110e-09  3.45893010e-09  4.56987373e-01  1.55585268e-07  1.13501137e-07  6.70000000e-01 
 6.80000000e-01  4.56987367e-01  3.53243905e-09  4.56987367e-01  4.56987367e-01  3.31112110e-09  3.45893010e-09  4.56987367e-01  1.55585266e-07  1.13501031e-07  6.80000000e-01 
 6.90000000e-01  4.56987373e-01  3.53243899e-09  4.56987373e-01  4.56987373e-01  3.31112110e-09  3.45893016e-09  4.56987373e-01  1.55585264e-07  1.13500981e-07  6.90000000e-01 
 7.00000000e-01  4.56987395e-01  3.53243905e-09  4.56987395e-01  4.56987395e-01  3.31112110e-09  3.45893016e-09  4.56987395e-01  1.55585303e-07  1.13500995e-07  7.00000000e-01 
 7.10000000e-01  4.56987378e-01  3.53243905e-09  4.56987378e-01  4.56987378e-01  3.31112110e-09  3.45893016e-09  4.56987378e-01  1.55585277e-07  1.13500839e-07  7.10000000e-01 
 7.20000000e-01  4.56987395e-01  3.53243905e-09  4.56987395e-01  4.56987395e-01  3.31112110e-09  3.45893016e-09  4.56987395e-01  1.55585309e-07  1.13500789e-07  7.20000000e-01 
 7.30000000e-01  4.56987404e-01  3.53243899e-09  4.56987404e-01  4.56987404e-01  3.31112116e-09  3.45893016e-09  4.56987404e-01  1.55585317e-07  1.13500896e-07  7.30000000e-01 
 7.40000000e-01  4.56987392e-01  3.53243905e-09  4.56987393e-01  4.56987393e-01  3.31112109e-09  3.45893010e-09  4.56987392e-01  1.55585302e-07  1.13500569e-07  7.40000000e-01 
 7.50000000e-01  4.56987380e-01  3.53243899e-09  4.56987380e-01  4.56987380e-01  3.31112111e-09  3.45893016e-09  4.56987380e-01  1.55585280e-07  1.13500633e-07  7.50000000e-01 
 7.60000000e-01  4.56987378e-01  3.53243905e-09  4.56987378e-01  4.56987378e-01  3.31112110e-09  3.45893010e-09  4.56987378e-01  1.55585275e-07  1.13500590e-07  7.60000000e-01 
 7.70000000e-01  4.56987373e-01  3.53243905e-09  4.56987373e-01  4.56987373e-01  3.31112116e-09  3.45893016e-09  4.56987373e-01  1.55585275e-07  1.13500413e-07  7.70000000e-01 
 7.80000000e-01  4.56987379e-01  3.53243905e-09  4.56987379e-01  4.56987379e-01  3.31112109e-09  3.45893016e-09  4.56987379e-01  1.55585269e-07  1.13500263e-07  7.80000000e-01 
 7.90000000e-01  4.56987379e-01  3.53243905e-09  4.56987379e-01  4.56987379e-01  3.31112111e-09  3.45893016e-09  4.56987379e-01  1.55585273e-07  1.13500185e-07  7.90000000e-01 
 8.00000000e-01  4.56987381e-01  3.53243905e-09  4.56987381e-01  4.56987381e-01  3.31112116e-09  3.45893010e-09  4.56987381e-01  1.55585285e-07  1.13500050e-07  8.00000000e-01 
 8.10000000e-01  4.56987373e-01  3.53243899e-09  4.56987373e-01  4.56987373e-01  3.31112109e-09  3.45893010e-09  4.56987373e-01  1.55585262e-07  1.13500008e-07  8.10000000e-01 
 8.20000000e-01  4.56987391e-01  3.53243899e-09  4.56987391e-01  4.56987391e-01  3.31112111e-09  3.45893010e-09  4.56987391e-01  1.55585298e-07  1.13499915e-07  8.20000000e-01 
 8.30000000e-01  4.56987410e-01  3.53243905e-09  4.56987410e-01  4.56987410e-01  3.31112116e-09  3.45893010e-09  4.56987410e-01  1.55585337e-07  1.13499830e-07  8.30000000e-01 
 8.40000000e-01  4.56987380e-01  3.53243899e-09  4.56987380e-01  4.56987380e-01  3.31112109e-09  3.45893010e-09  4.56987379e-01  1.55585283e-07  1.13499716e-07  8.40000000e-01 
 8.50000000e-01  4.56987386e-01  3.53243905e-09  4.56987386e-01  4.56987386e-01  3.31112111e-09  3.45893016e-09  4.56987386e-01  1.55585304e-07  1.13499659e-07  8.50000000e-01 
 8.60000000e-01  4.56987389e-01  3.53243905e-09  4.56987390e-01  4.56987390e-01  3.31112116e-09  3.45893016e-09  4.56987389e-01  1.55585301e-07  1.13499738e-07  8.60000000e-01 
 8.70000000e-01  4.56987372e-01  3.53243899e-09  4.56987372e-01  4.56987372e-01  3.31112115e-09  3.45893016e-09  4.56987371e-01  1.55585265e-07  1.13499446e-07  8.70000000e-01 
 8.80000000e-01  4.56987388e-01  3.53243905e-09  4.56987388e-01  4.56987388e-01  3.31112111e-09  3.45893010e-09  4.56987388e-01  1.55585311e-07  1.13499496e-07  8.80000000e-01 
 8.90000000e-01  4.56987385e-01  3.53243899e-09  4.56987385e-01  4.56987385e-01  3.31112116e-09  3.45893010e-09  4.56987385e-01  1.55585282e-07  1.13499439e-07  8.90000000e-01 
 9.00000000e-01  4.56987379e-01  3.53243899e-09  4.56987380e-01  4.56987379e-01  3.31112109e-09  3.45893010e-09  4.56987379e-01  1.55585284e-07  1.13499219e-07  9.00000000e-01 
 9.10000000e-01  4.56987394e-01  3.53243905e-09  4.56987395e-01  4.56987394e-01  3.31112111e-09  3.45893010e-09  4.56987394e-01  1.55585309e-07  1.13499318e-07  9.10000000e-01 
 9.20000000e-01  4.56987373e-01  3.53243899e-09  4.56987373e-01  4.56987373e-01  3.31112110e-09  3.45893010e-09  4.56987373e-01  1.55585266e-07  1.13499055e-07  9.20000000e-01 
 9.30000000e-01  4.56987360e-01  3.53243899e-09  4.56987360e-01  4.56987360e-01  3.31112116e-09  3.45893016e-09  4.56987360e-01  1.55585257e-07  1.13498956e-07  9.30000000e-01 
 9.40000000e-01  4.56987365e-01  3.53243905e-09  4.56987365e-01  4.56987365e-01  3.31112109e-09  3.45893010e-09  4.56987365e-01  1.55585255e-07  1.13498807e-07  9.40000000e-01 
 9.50000000e-01  4.56987392e-01  3.53243905e-09  4.56987392e-01  4.56987392e-01  3.31112111e-09  3.45893010e-09  4.56987391e-01  1.55585295e-07  1.13498842e-07  9.50000000e-01 
 9.60000000e-01  4.56987385e-01  3.53243905e-09  4.56987386e-01  4.56987385e-01  3.31112110e-09  3.45893016e-09  4.56987385e-01  1.55585293e-07  1.13498800e-07  9.60000000e-01 
 9.70000000e-01  4.56987390e-01  3.53243905e-09  4.56987391e-01  4.56987390e-01  3.31112116e-09  3.45893010e-09  4.56987390e-01  1.55585291e-07  1.13498764e-07  9.70000000e-01 
 9.80000000e-01  4.56987362e-01  3.53243899e-09  4.56987362e-01  4.56987362e-01  3.31112115e-09  3.45893010e-09  4.56987362e-01  1.55585254e-07  1.13498494e-07  9.80000000e-01 
 9.90000000e-01  4.56987401e-01  3.53243899e-09  4.56987402e-01  4.56987401e-01  3.31112117e-09  3.45893016e-09  4.56987401e-01  1.55585312e-07  1.13498530e-07  9.90000000e-01 
 1.00000000e+00  4.56987388e-01  3.53243899e-09  4.56987388e-01  4.56987388e-01  3.31112115e-09  3.45893016e-09  4.56987387e-01  1.55585288e-07  1.13498402e-07  1.00000000e+00 
 1.01000000e+00  4.56987388e-01  3.53243899e-09  4.56987388e-01  4.56987388e-01  3.31112111e-09  3.45893016e-09  4.56987388e-01  1.55585287e-07  1.13498388e-07  1.01000000e+00 
 1.02000000e+00  4.56987391e-01  3.53243905e-09  4.56987391e-01  4.56987391e-01  3.31112116e-09  3.45893016e-09  4.56987391e-01  1.55585303e-07  1.13498295e-07  1.02000000e+00 
 1.03000000e+00  4.56987412e-01  3.53243900e-09  4.56987412e-01  4.56987412e-01  3.31112109e-09  3.45893010e-09  4.56987412e-01  1.55585328e-07  1.13498139e-07  1.03000000e+00 
 1.04000000e+00  4.56987391e-01  3.53243899e-09  4.56987391e-01  4.56987391e-01  3.31112111e-09  3.45893016e-09  4.56987390e-01  1.55585306e-07  1.13497947e-07  1.04000000e+00 
 1.05000000e+00  4.56987374e-01  3.53243905e-09  4.56987374e-01  4.56987374e-01  3.31112110e-09  3.45893010e-09  4.56987374e-01  1.55585270e-07  1.13497876e-07  1.05000000e+00 
 1.06000000e+00  4.56987366e-01  3.53243905e-09  4.56987366e-01  4.56987366e-01  3.31112116e-09  3.45893010e-09  4.56987366e-01  1.55585257e-07  1.13497812e-07  1.06000000e+00 
 1.07000000e+00  4.56987392e-01  3.53243899e-09  4.56987392e-01  4.56987392e-01  3.31112109e-09  3.45893010e-09  4.56987392e-01  1.55585312e-07  1.13497705e-07  1.07000000e+00 
 1.08000000e+00  4.56987375e-01  3.53243899e-09  4.56987375e-01  4.56987375e-01  3.31112111e-09  3.45893010e-09  4.56987375e-01  1.55585286e-07  1.13497507e-07  1.08000000e+00 
 1.09000000e+00  4.56987385e-01  3.53243905e-09  4.56987385e-01  4.56987385e-01  3.31112116e-09  3.45893010e-09  4.56987385e-01  1.55585288e-07  1.13497599e-07  1.09000000e+00 
 1.10000000e+00  4.56987372e-01  3.53243905e-09  4.56987372e-01  4.56987372e-01  3.31112115e-09  3.45893016e-09  4.56987372e-01  1.55585257e-07  1.13497443e-07  1.10000000e+00 
 1.11000000e+00  4.56987384e-01  3.53243905e-09  4.56987384e-01  4.56987384e-01  3.31112111e-09  3.45893010e-09  4.56987383e-01  1.55585289e-07  1.13497357e-07  1.11000000e+00 
 1.12000000e+00  4.56987392e-01  3.53243905e-09  4.56987392e-01  4.56987392e-01  3.31112116e-09  3.45893010e-09  4.56987392e-01  1.55585281e-07  1.13497201e-07  1.12000000e+00 
 1.13000000e+00  4.56987384e-01  3.53243905e-09  4.56987384e-01  4.56987384e-01  3.31112109e-09  3.45893016e-09  4.56987384e-01  1.55585276e-07  1.13497187e-07  1.13000000e+00 
 1.14000000e+00  4.56987384e-01  3.53243899e-09  4.56987384e-01  4.56987384e-01  3.31112117e-09  3.45893016e-09  4.56987384e-01  1.55585282e-07  1.13497137e-07  1.14000000e+00 
 1.15000000e+00  4.56987372e-01  3.53243899e-09  4.56987372e-01  4.56987372e-01  3.31112115e-09  3.45893010e-09  4.56987372e-01  1.55585257e-07  1.13496995e-07  1.15000000e+00 
 1.16000000e+00  4.56987388e-01  3.53243905e-09  4.56987388e-01  4.56987388e-01  3.31112111e-09  3.45893016e-09  4.56987388e-01  1.55585301e-07  1.13496938e-07  1.16000000e+00 
 1.17000000e+00  4.56987384e-01  3.53243899e-09  4.56987384e-01  4.56987384e-01  3.31112116e-09  3.45893010e-09  4.56987384e-01  1.55585284e-07  1.13496739e-07  1.17000000e+00 
 1.18000000e+00  4.56987384e-01  3.53243899e-09  4.56987385e-01  4.56987384e-01  3.31112115e-09  3.45893010e-09  4.56987384e-01  1.55585278e-07  1.13496640e-07  1.18000000e+00 
 1.19000000e+00  4.56987351e-01  3.53243899e-09  4.56987352e-01  4.56987351e-01  3.31112111e-09  3.45893010e-09  4.56987351e-01  1.55585228e-07  1.13496483e-07  1.19000000e+00 
 1.20000000e+00  4.56987391e-01  3.53243899e-09  4.56987391e-01  4.56987391e-01  3.31112110e-09  3.45893010e-09  4.56987391e-01  1.55585294e-07  1.13496483e-07  1.20000000e+00 
 1.21000000e+00  4.56987388e-01  3.53243905e-09  4.56987388e-01  4.56987388e-01  3.31112110e-09  3.45893016e-09  4.56987388e-01  1.55585299e-07  1.13496341e-07  1.21000000e+00 
 1.22000000e+00  4.56987382e-01  3.53243905e-09  4.56987382e-01  4.56987382e-01  3.31112110e-09  3.45893010e-09  4.56987382e-01  1.55585275e-07  1.13496142e-07  1.22000000e+00 
 1.23000000e+00  4.56987385e-01  3.53243905e-09  4.56987385e-01  4.56987385e-01  3.31112110e-09  3.45893016e-09  4.56987385e-01  1.55585298e-07  1.13496142e-07  1.23000000e+00 
 1.24000000e+00  4.56987394e-01  3.53243905e-09  4.56987395e-01  4.56987394e-01  3.31112110e-09  3.45893010e-09  4.56987394e-01  1.55585298e-07  1.13495915e-07  1.24000000e+00 
 1.25000000e+00  4.56987393e-01  3.53243899e-09  4.56987393e-01  4.56987393e-01  3.31112110e-09  3.45893016e-09  4.56987393e-01  1.55585299e-07  1.13495744e-07  1.25000000e+00 
 1.26000000e+00  4.56987366e-01  3.53243905e-09  4.56987366e-01  4.56987366e-01  3.31112116e-09  3.45893010e-09  4.56987366e-01  1.55585252e-07  1.13495631e-07  1.26000000e+00 
 1.27000000e+00  4.56987361e-01  3.53243905e-09  4.56987361e-01  4.56987361e-01  3.31112109e-09  3.45893016e-09  4.56987361e-01  1.55585265e-07  1.13495489e-07  1.27000000e+00 
 1.28000000e+00  4.56987382e-01  3.53243899e-09  4.56987382e-01  4.56987382e-01  3.31112111e-09  3.45893016e-09  4.56987382e-01  1.55585294e-07  1.13495375e-07  1.28000000e+00 
 1.29000000e+00  4.56987399e-01  3.53243905e-09  4.56987399e-01  4.56987399e-01  3.31112116e-09  3.45893010e-09  4.56987399e-01  1.55585310e-07  1.13495403e-07  1.29000000e+00 
 1.30000000e+00  4.56987396e-01  3.53243905e-09  4.56987396e-01  4.56987396e-01  3.31112115e-09  3.45893010e-09  4.56987396e-01  1.55585313e-07  1.13495233e-07  1.30000000e+00 
 1.31000000e+00  4.56987402e-01  3.53243899e-09  4.56987402e-01  4.56987402e-01  3.31112111e-09  3.45893016e-09  4.56987401e-01  1.55585309e-07  1.13495005e-07  1.31000000e+00 
 1.32000000e+00  4.56987376e-01  3.53243905e-09  4.56987376e-01  4.56987376e-01  3.31112116e-09  3.45893010e-09  4.56987376e-01  1.55585262e-07  1.13494721e-07  1.32000000e+00 
 1.33000000e+00  4.56987360e-01  3.53243899e-09  4.56987360e-01  4.56987360e-01  3.31112109e-09  3.45893016e-09  4.56987360e-01  1.55585251e-07  1.13494664e-07  1.33000000e+00 
 1.34000000e+00  4.56987353e-01  3.53243899e-09  4.56987353e-01  4.56987353e-01  3.31112111e-09  3.45893010e-09  4.56987352e-01  1.55585237e-07  1.13494423e-07  1.34000000e+00 
 1.35000000e+00  4.56987378e-01  3.53243899e-09  4.56987378e-01  4.56987378e-01  3.31112116e-09  3.45893016e-09  4.56987378e-01  1.55585292e-07  1.13494423e-07  1.35000000e+00 
 1.36000000e+00  4.56987368e-01  3.53243905e-09  4.56987368e-01  4.56987368e-01  3.31112115e-09  3.45893016e-09  4.56987368e-01  1.55585268e-07  1.13494252e-07  1.36000000e+00 
 1.37000000e+00  4.56987381e-01  3.53243899e-09  4.56987381e-01  4.56987381e-01  3.31112111e-09  3.45893016e-09  4.56987381e-01  1.55585284e-07  1.13494011e-07  1.37000000e+00 
 1.38000000e+00  4.56987381e-01  3.53243899e-09  4.56987381e-01  4.56987381e-01  3.31112116e-09  3.45893010e-09  4.56987381e-01  1.55585292e-07  1.13493869e-07  1.38000000e+00 
 1.39000000e+00  4.56987369e-01  3.53243899e-09  4.56987369e-01  4.56987369e-01  3.31112115e-09  3.45893010e-09  4.56987369e-01  1.55585273e-07  1.13493641e-07  1.39000000e+00 
 1.40000000e+00  4.56987389e-01  3.53243899e-09  4.56987389e-01  4.56987389e-01  3.31112111e-09  3.45893016e-09  4.56987389e-01  1.55585289e-07  1.13493570e-07  1.40000000e+00 
 1.41000000e+00  4.56987390e-01  3.53243899e-09  4.56987390e-01  4.56987390e-01  3.31112110e-09  3.45893010e-09  4.56987390e-01  1.55585296e-07  1.13493272e-07  1.41000000e+00 
 1.42000000e+00  4.56987377e-01  3.53243899e-09  4.56987377e-01  4.56987377e-01  3.31112110e-09  3.45893010e-09  4.56987377e-01  1.55585280e-07  1.13492987e-07  1.42000000e+00 
 1.43000000e+00  4.56987378e-01  3.53243899e-09  4.56987378e-01  4.56987378e-01  3.31112110e-09  3.45893016e-09  4.56987378e-01  1.55585279e-07  1.13492703e-07  1.43000000e+00 
 1.44000000e+00  4.56987362e-01  3.53243899e-09  4.56987362e-01  4.56987362e-01  3.31112116e-09  3.45893010e-09  4.56987362e-01  1.55585234e-07  1.13492220e-07  1.44000000e+00 
 1.45000000e+00  4.56987367e-01  3.53243899e-09  4.56987367e-01  4.56987367e-01  3.31112109e-09  3.45893016e-09  4.56987367e-01  1.55585288e-07  1.13491865e-07  1.45000000e+00 
 1.46000000e+00  4.56987388e-01  3.53243899e-09  4.56987388e-01  4.56987388e-01  3.31112117e-09  3.45893016e-09  4.56987387e-01  1.55585285e-07  1.13491581e-07  1.46000000e+00 
 1.47000000e+00  4.56987400e-01  3.53243899e-09  4.56987400e-01  4.56987400e-01  3.31112115e-09  3.45893010e-09  4.56987400e-01  1.55585310e-07  1.13490941e-07  1.47000000e+00 
 1.48000000e+00  4.56987382e-01  3.53243899e-09  4.56987382e-01  4.56987382e-01  3.31112111e-09  3.45893016e-09  4.56987382e-01  1.55585293e-07  1.13490401e-07  1.48000000e+00 
 1.49000000e+00  4.56987379e-01  3.53243899e-09  4.56987379e-01  4.56987379e-01  3.31112110e-09  3.45893016e-09  4.56987379e-01  1.55585290e-07  1.13489662e-07  1.49000000e+00 
 1.50000000e+00  4.56987394e-01  3.53243899e-09  4.56987394e-01  4.56987394e-01  3.31112110e-09  3.45893010e-09  4.56987394e-01  1.55585310e-07  1.13488539e-07  1.50000000e+00 
 1.51000000e+00  4.56987387e-01  3.53243905e-09  4.56987387e-01  4.56987387e-01  3.31112110e-09  3.45893016e-09  4.56987387e-01  1.55585291e-07  1.13487474e-07  1.51000000e+00 
 1.52000000e+00  4.56987370e-01  3.53243905e-09  4.56987370e-01  4.56987370e-01  3.31112110e-09  3.45893010e-09  4.56987370e-01  1.55585255e-07  1.13485711e-07  1.52000000e+00 
 1.53000000e+00  4.56987384e-01  3.53243899e-09  4.56987385e-01  4.56987384e-01  3.31112116e-09  3.45893010e-09  4.56987384e-01  1.55585276e-07  1.13483395e-07  1.53000000e+00 
 1.54000000e+00  4.56987397e-01  3.53243899e-09  4.56987397e-01  4.56987397e-01  3.31112109e-09  3.45893010e-09  4.56987397e-01  1.55585308e-07  1.13479970e-07  1.54000000e+00 
 1.55000000e+00  4.56987382e-01  3.53243899e-09  4.56987382e-01  4.56987382e-01  3.31112117e-09  3.45893010e-09  4.56987381e-01  1.55585285e-07  1.13474826e-07  1.55000000e+00 
 1.56000000e+00  4.56987387e-01  3.53243905e-09  4.56987387e-01  4.56987387e-01  3.31112115e-09  3.45893016e-09  4.56987387e-01  1.55585286e-07  1.13466328e-07  1.56000000e+00 
 1.57000000e+00  4.56987377e-01  3.53243899e-09  4.56987377e-01  4.56987377e-01  3.31112111e-09  3.45893010e-09  4.56987377e-01  1.55585280e-07  1.13451947e-07  1.57000000e+00 
 1.58000000e+00  4.56987365e-01  3.53243905e-09  4.56987365e-01  4.56987365e-01  3.31112110e-09  3.45893016e-09  4.56987365e-01  1.55585259e-07  1.13426395e-07  1.58000000e+00 
 1.59000000e+00  4.56987394e-01  3.53243899e-09  4.56987394e-01  4.56987394e-01  3.31112110e-09  3.45893016e-09  4.56987394e-01  1.55585303e-07  1.13378263e-07  1.59000000e+00 
 1.60000000e+00  4.56987368e-01  3.53243905e-09  4.56987368e-01  4.56987368e-01  3.31112116e-09  3.45893010e-09  4.56987368e-01  1.55585261e-07  1.13279768e-07  1.60000000e+00 
 1.61000000e+00  4.56987376e-01  3.53243905e-09  4.56987376e-01  4.56987376e-01  3.31112116e-09  3.45893010e-09  4.56987376e-01  1.55585267e-07  1.13037970e-07  1.61000000e+00 
 1.62000000e+00  4.56987387e-01  3.53243899e-09  4.56987387e-01  4.56987387e-01  3.31112110e-09  3.45893016e-09  4.56987387e-01  1.55585279e-07  1.12378416e-07  1.62000000e+00 
 1.63000000e+00  4.56987380e-01  3.53243899e-09  4.56987380e-01  4.56987380e-01  3.31112110e-09  3.45893016e-09  4.56987380e-01  1.55585273e-07  1.11020555e-07  1.63000000e+00 
 1.64000000e+00  4.56987383e-01  3.53243905e-09  4.56987383e-01  4.56987383e-01  3.31112110e-09  3.45893010e-09  4.56987383e-01  1.55585299e-07  9.81386137e-08  1.64000000e+00 
 1.65000000e+00  4.56987389e-01  3.53243899e-09  4.56987389e-01  4.56987389e-01  3.31112116e-09  3.45893016e-09  4.56987389e-01  1.55585281e-07  8.04690643e-08  1.65000000e+00 
 1.66000000e+00  4.56987369e-01  3.53243899e-09  4.56987369e-01  4.56987369e-01  3.31112116e-09  3.45893010e-09  4.56987369e-01  1.55585257e-07  6.53517418e-08  1.66000000e+00 
 1.67000000e+00  4.56987383e-01  3.53243905e-09  4.56987383e-01  4.56987383e-01  3.31112115e-09  3.45893016e-09  4.56987383e-01  1.55585291e-07  5.26135011e-08  1.67000000e+00 
 1.68000000e+00  4.56987376e-01  3.53243905e-09  4.56987376e-01  4.56987376e-01  3.31112115e-09  3.45893016e-09  4.56987376e-01  1.55585274e-07  4.19993995e-08  1.68000000e+00 
 1.69000000e+00  4.56987396e-01  3.53243899e-09  4.56987396e-01  4.56987396e-01  3.31112116e-09  3.45893010e-09  4.56987395e-01  1.55585286e-07  3.32239267e-08  1.69000000e+00 
 1.70000000e+00  4.56987377e-01  3.53243899e-09  4.56987377e-01  4.56987377e-01  3.31112110e-09  3.45893016e-09  4.56987376e-01  1.55585274e-07  2.60098147e-08  1.70000000e+00 
 1.71000000e+00  4.56987376e-01  3.53243899e-09  4.56987376e-01  4.56987376e-01  3.31112111e-09  3.45893010e-09  4.56987376e-01  1.55585272e-07  2.01039825e-08  1.71000000e+00 
 1.72000000e+00  4.56987366e-01  3.53243905e-09  4.56987366e-01  4.56987366e-01  3.31112110e-09  3.45893010e-09  4.56987366e-01  1.55585259e-07  1.52839448e-08  1.72000000e+00 
 1.73000000e+00  4.56987381e-01  3.53243905e-09  4.56987381e-01  4.56987381e-01  3.31112110e-09  3.45893016e-09  4.56987381e-01  1.55585287e-07  1.13564766e-08  1.73000000e+00 
 1.74000000e+00  4.56987410e-01  3.53243905e-09  4.56987410e-01  4.56987410e-01  3.31112116e-09  3.45893016e-09  4.56987410e-01  1.55585317e-07  8.15516898e-09  1.74000000e+00 
 1.75000000e+00  4.56987384e-01  3.53243905e-09  4.56987384e-01  4.56987384e-01  3.31112115e-09  3.45893010e-09  4.56987384e-01  1.55585274e-07  5.53527002e-09  1.75000000e+00 
 1.76000000e+00  4.56987394e-01  3.53243899e-09  4.56987394e-01  4.56987394e-01  3.31112117e-09  3.45893010e-09  4.56987394e-01  1.55585321e-07  3.37281847e-09  1.76000000e+00 
 1.77000000e+00  4.56987391e-01  3.53243905e-09  4.56987391e-01  4.56987391e-01  3.31112109e-09  3.45893016e-09  4.56987391e-01  1.55585296e-07  1.57156421e-09  1.77000000e+00 
 1.78000000e+00  4.56987375e-01  3.53243905e-09  4.56987375e-01  4.56987375e-01  3.31112111e-09  3.45893010e-09  4.56987375e-01  1.55585268e-07  7.09974302e-11  1.78000000e+00 
 1.79000000e+00  4.56987384e-01  3.53243899e-09  4.56987384e-01  4.56987384e-01  3.31112116e-09  3.45893016e-09  4.56987384e-01  1.55585294e-07 -1.14799548e-09  1.79000000e+00 
 1.80000000e+00  4.56987362e-01  3.53243899e-09  4.56987362e-01  4.56987362e-01  3.31112115e-09  3.45893010e-09  4.56987362e-01  1.55585249e-07 -2.08645190e-09  1.80000000e+00 
