 v-sweep         v(b0)           v(b1)           v(b2)           v(b3)           v(b4)           v(b5)           v(b6)           i(vbias)        i(viout)        v(vout)        
 0.00000000e+00  4.60017539e-01  4.60017539e-01  3.20852655e-09  3.34650951e-09  3.37350760e-09  4.60017539e-01  3.36352347e-09  1.63340914e-07  5.49617934e-08  0.00000000e+00 
 1.00000000e-02  4.60017556e-01  4.60017556e-01  3.20852655e-09  3.34650951e-09  3.37350761e-09  4.60017556e-01  3.36352347e-09  1.63340935e-07  5.49614122e-08  1.00000000e-02 
 2.00000000e-02  4.60017535e-01  4.60017535e-01  3.20852650e-09  3.34650951e-09  3.37350765e-09  4.60017535e-01  3.36352347e-09  1.63340909e-07  5.49610046e-08  2.00000000e-02 
 3.00000000e-02  4.60017520e-01  4.60017520e-01  3.20852651e-09  3.34650951e-09  3.37350760e-09  4.60017519e-01  3.36352341e-09  1.63340889e-07  5.49606742e-08  3.00000000e-02 
 4.00000000e-02  4.60017533e-01  4.60017533e-01  3.20852649e-09  3.34650951e-09  3.37350767e-09  4.60017533e-01  3.36352341e-09  1.63340903e-07  5.49601809e-08  4.00000000e-02 
 5.00000000e-02  4.60017526e-01  4.60017526e-01  3.20852651e-09  3.34650951e-09  3.37350765e-09  4.60017526e-01  3.36352347e-09  1.63340896e-07  5.49598358e-08  5.00000000e-02 
 6.00000000e-02  4.60017522e-01  4.60017522e-01  3.20852649e-09  3.34650945e-09  3.37350765e-09  4.60017522e-01  3.36352347e-09  1.63340879e-07  5.49595245e-08  6.00000000e-02 
 7.00000000e-02  4.60017559e-01  4.60017559e-01  3.20852651e-09  3.34650951e-09  3.37350766e-09  4.60017559e-01  3.36352347e-09  1.63340941e-07  5.49593180e-08  7.00000000e-02 
 8.00000000e-02  4.60017536e-01  4.60017536e-01  3.20852649e-09  3.34650945e-09  3.37350760e-09  4.60017536e-01  3.36352341e-09  1.63340901e-07  5.49591039e-08  8.00000000e-02 
 9.00000000e-02  4.60017545e-01  4.60017545e-01  3.20852651e-09  3.34650951e-09  3.37350767e-09  4.60017545e-01  3.36352341e-09  1.63340922e-07  5.49586741e-08  9.00000000e-02 
 1.00000000e-01  4.60017536e-01  4.60017536e-01  3.20852649e-09  3.34650945e-09  3.37350759e-09  4.60017536e-01  3.36352341e-09  1.63340906e-07  5.49584502e-08  1.00000000e-01 
 1.10000000e-01  4.60017523e-01  4.60017523e-01  3.20852651e-09  3.34650951e-09  3.37350761e-09  4.60017523e-01  3.36352341e-09  1.63340904e-07  5.49581518e-08  1.10000000e-01 
 1.20000000e-01  4.60017533e-01  4.60017533e-01  3.20852649e-09  3.34650951e-09  3.37350765e-09  4.60017533e-01  3.36352347e-09  1.63340905e-07  5.49579573e-08  1.20000000e-01 
 1.30000000e-01  4.60017518e-01  4.60017518e-01  3.20852651e-09  3.34650945e-09  3.37350760e-09  4.60017518e-01  3.36352341e-09  1.63340890e-07  5.49577610e-08  1.30000000e-01 
 1.40000000e-01  4.60017563e-01  4.60017563e-01  3.20852655e-09  3.34650951e-09  3.37350761e-09  4.60017563e-01  3.36352341e-09  1.63340939e-07  5.49575052e-08  1.40000000e-01 
 1.50000000e-01  4.60017522e-01  4.60017522e-01  3.20852655e-09  3.34650951e-09  3.37350765e-09  4.60017522e-01  3.36352347e-09  1.63340891e-07  5.49573507e-08  1.50000000e-01 
 1.60000000e-01  4.60017522e-01  4.60017522e-01  3.20852655e-09  3.34650951e-09  3.37350765e-09  4.60017522e-01  3.36352347e-09  1.63340885e-07  5.49571535e-08  1.60000000e-01 
 1.70000000e-01  4.60017543e-01  4.60017543e-01  3.20852655e-09  3.34650951e-09  3.37350766e-09  4.60017542e-01  3.36352347e-09  1.63340922e-07  5.49569030e-08  1.70000000e-01 
 1.80000000e-01  4.60017535e-01  4.60017535e-01  3.20852650e-09  3.34650951e-09  3.37350766e-09  4.60017535e-01  3.36352341e-09  1.63340905e-07  5.49566757e-08  1.80000000e-01 
 1.90000000e-01  4.60017558e-01  4.60017558e-01  3.20852651e-09  3.34650951e-09  3.37350760e-09  4.60017557e-01  3.36352347e-09  1.63340942e-07  5.49566828e-08  1.90000000e-01 
 2.00000000e-01  4.60017542e-01  4.60017542e-01  3.20852655e-09  3.34650945e-09  3.37350761e-09  4.60017541e-01  3.36352347e-09  1.63340905e-07  5.49564856e-08  2.00000000e-01 
 2.10000000e-01  4.60017540e-01  4.60017540e-01  3.20852650e-09  3.34650951e-09  3.37350759e-09  4.60017540e-01  3.36352341e-09  1.63340907e-07  5.49562920e-08  2.10000000e-01 
 2.20000000e-01  4.60017536e-01  4.60017536e-01  3.20852656e-09  3.34650951e-09  3.37350761e-09  4.60017536e-01  3.36352341e-09  1.63340901e-07  5.49561001e-08  2.20000000e-01 
 2.30000000e-01  4.60017523e-01  4.60017523e-01  3.20852655e-09  3.34650951e-09  3.37350765e-09  4.60017523e-01  3.36352347e-09  1.63340881e-07  5.49559473e-08  2.30000000e-01 
 2.40000000e-01  4.60017515e-01  4.60017515e-01  3.20852649e-09  3.34650951e-09  3.37350765e-09  4.60017515e-01  3.36352347e-09  1.63340873e-07  5.49557413e-08  2.40000000e-01 
 2.50000000e-01  4.60017537e-01  4.60017537e-01  3.20852651e-09  3.34650951e-09  3.37350760e-09  4.60017537e-01  3.36352341e-09  1.63340919e-07  5.49556933e-08  2.50000000e-01 
 2.60000000e-01  4.60017527e-01  4.60017527e-01  3.20852649e-09  3.34650951e-09  3.37350767e-09  4.60017526e-01  3.36352347e-09  1.63340896e-07  5.49556418e-08  2.60000000e-01 
 2.70000000e-01  4.60017540e-01  4.60017540e-01  3.20852651e-09  3.34650951e-09  3.37350765e-09  4.60017539e-01  3.36352347e-09  1.63340904e-07  5.49555494e-08  2.70000000e-01 
 2.80000000e-01  4.60017560e-01  4.60017559e-01  3.20852655e-09  3.34650951e-09  3.37350760e-09  4.60017559e-01  3.36352341e-09  1.63340937e-07  5.49554002e-08  2.80000000e-01 
 2.90000000e-01  4.60017511e-01  4.60017511e-01  3.20852655e-09  3.34650951e-09  3.37350767e-09  4.60017511e-01  3.36352347e-09  1.63340859e-07  5.49552333e-08  2.90000000e-01 
 3.00000000e-01  4.60017524e-01  4.60017524e-01  3.20852649e-09  3.34650951e-09  3.37350759e-09  4.60017524e-01  3.36352341e-09  1.63340905e-07  5.49551267e-08  3.00000000e-01 
 3.10000000e-01  4.60017543e-01  4.60017543e-01  3.20852651e-09  3.34650951e-09  3.37350767e-09  4.60017543e-01  3.36352341e-09  1.63340898e-07  5.49550556e-08  3.10000000e-01 
 3.20000000e-01  4.60017530e-01  4.60017530e-01  3.20852649e-09  3.34650951e-09  3.37350765e-09  4.60017530e-01  3.36352341e-09  1.63340898e-07  5.49549419e-08  3.20000000e-01 
 3.30000000e-01  4.60017525e-01  4.60017525e-01  3.20852656e-09  3.34650951e-09  3.37350760e-09  4.60017525e-01  3.36352347e-09  1.63340889e-07  5.49548957e-08  3.30000000e-01 
 3.40000000e-01  4.60017530e-01  4.60017530e-01  3.20852655e-09  3.34650945e-09  3.37350767e-09  4.60017530e-01  3.36352341e-09  1.63340897e-07  5.49547643e-08  3.40000000e-01 
 3.50000000e-01  4.60017517e-01  4.60017517e-01  3.20852655e-09  3.34650951e-09  3.37350765e-09  4.60017517e-01  3.36352341e-09  1.63340876e-07  5.49545796e-08  3.50000000e-01 
 3.60000000e-01  4.60017524e-01  4.60017524e-01  3.20852649e-09  3.34650951e-09  3.37350765e-09  4.60017524e-01  3.36352348e-09  1.63340884e-07  5.49545760e-08  3.60000000e-01 
 3.70000000e-01  4.60017541e-01  4.60017541e-01  3.20852651e-09  3.34650951e-09  3.37350766e-09  4.60017541e-01  3.36352341e-09  1.63340903e-07  5.49546044e-08  3.70000000e-01 
 3.80000000e-01  4.60017554e-01  4.60017554e-01  3.20852649e-09  3.34650945e-09  3.37350760e-09  4.60017554e-01  3.36352342e-09  1.63340934e-07  5.49543699e-08  3.80000000e-01 
 3.90000000e-01  4.60017554e-01  4.60017554e-01  3.20852657e-09  3.34650951e-09  3.37350761e-09  4.60017554e-01  3.36352346e-09  1.63340932e-07  5.49543238e-08  3.90000000e-01 
 4.00000000e-01  4.60017529e-01  4.60017529e-01  3.20852655e-09  3.34650945e-09  3.37350759e-09  4.60017528e-01  3.36352347e-09  1.63340877e-07  5.49540857e-08  4.00000000e-01 
 4.10000000e-01  4.60017544e-01  4.60017544e-01  3.20852655e-09  3.34650951e-09  3.37350761e-09  4.60017544e-01  3.36352341e-09  1.63340921e-07  5.49541994e-08  4.10000000e-01 
 4.20000000e-01  4.60017541e-01  4.60017541e-01  3.20852650e-09  3.34650945e-09  3.37350765e-09  4.60017540e-01  3.36352347e-09  1.63340915e-07  5.49540964e-08  4.20000000e-01 
 4.30000000e-01  4.60017529e-01  4.60017529e-01  3.20852651e-09  3.34650951e-09  3.37350765e-09  4.60017529e-01  3.36352341e-09  1.63340890e-07  5.49540928e-08  4.30000000e-01 
 4.40000000e-01  4.60017544e-01  4.60017544e-01  3.20852655e-09  3.34650951e-09  3.37350760e-09  4.60017544e-01  3.36352347e-09  1.63340913e-07  5.49539330e-08  4.40000000e-01 
 4.50000000e-01  4.60017541e-01  4.60017541e-01  3.20852655e-09  3.34650951e-09  3.37350767e-09  4.60017541e-01  3.36352347e-09  1.63340897e-07  5.49538761e-08  4.50000000e-01 
 4.60000000e-01  4.60017547e-01  4.60017547e-01  3.20852650e-09  3.34650951e-09  3.37350759e-09  4.60017547e-01  3.36352341e-09  1.63340923e-07  5.49538832e-08  4.60000000e-01 
 4.70000000e-01  4.60017550e-01  4.60017550e-01  3.20852651e-09  3.34650951e-09  3.37350767e-09  4.60017550e-01  3.36352347e-09  1.63340924e-07  5.49537340e-08  4.70000000e-01 
 4.80000000e-01  4.60017526e-01  4.60017526e-01  3.20852655e-09  3.34650951e-09  3.37350759e-09  4.60017526e-01  3.36352347e-09  1.63340895e-07  5.49537233e-08  4.80000000e-01 
 4.90000000e-01  4.60017549e-01  4.60017549e-01  3.20852650e-09  3.34650951e-09  3.37350767e-09  4.60017549e-01  3.36352347e-09  1.63340918e-07  5.49535280e-08  4.90000000e-01 
 5.00000000e-01  4.60017548e-01  4.60017548e-01  3.20852651e-09  3.34650951e-09  3.37350759e-09  4.60017548e-01  3.36352347e-09  1.63340933e-07  5.49535422e-08  5.00000000e-01 
 5.10000000e-01  4.60017536e-01  4.60017536e-01  3.20852655e-09  3.34650951e-09  3.37350761e-09  4.60017536e-01  3.36352341e-09  1.63340904e-07  5.49534001e-08  5.10000000e-01 
 5.20000000e-01  4.60017544e-01  4.60017544e-01  3.20852655e-09  3.34650945e-09  3.37350765e-09  4.60017544e-01  3.36352341e-09  1.63340915e-07  5.49534320e-08  5.20000000e-01 
 5.30000000e-01  4.60017521e-01  4.60017521e-01  3.20852649e-09  3.34650951e-09  3.37350760e-09  4.60017521e-01  3.36352347e-09  1.63340873e-07  5.49533290e-08  5.30000000e-01 
 5.40000000e-01  4.60017522e-01  4.60017522e-01  3.20852651e-09  3.34650945e-09  3.37350761e-09  4.60017522e-01  3.36352341e-09  1.63340891e-07  5.49532366e-08  5.40000000e-01 
 5.50000000e-01  4.60017540e-01  4.60017540e-01  3.20852649e-09  3.34650951e-09  3.37350759e-09  4.60017539e-01  3.36352341e-09  1.63340914e-07  5.49532366e-08  5.50000000e-01 
 5.60000000e-01  4.60017532e-01  4.60017532e-01  3.20852651e-09  3.34650951e-09  3.37350761e-09  4.60017532e-01  3.36352347e-09  1.63340901e-07  5.49531478e-08  5.60000000e-01 
 5.70000000e-01  4.60017532e-01  4.60017532e-01  3.20852655e-09  3.34650951e-09  3.37350765e-09  4.60017532e-01  3.36352341e-09  1.63340886e-07  5.49529666e-08  5.70000000e-01 
 5.80000000e-01  4.60017520e-01  4.60017520e-01  3.20852649e-09  3.34650951e-09  3.37350765e-09  4.60017520e-01  3.36352347e-09  1.63340873e-07  5.49529844e-08  5.80000000e-01 
 5.90000000e-01  4.60017546e-01  4.60017546e-01  3.20852657e-09  3.34650951e-09  3.37350760e-09  4.60017546e-01  3.36352347e-09  1.63340922e-07  5.49529418e-08  5.90000000e-01 
 6.00000000e-01  4.60017540e-01  4.60017540e-01  3.20852649e-09  3.34650951e-09  3.37350761e-09  4.60017540e-01  3.36352347e-09  1.63340909e-07  5.49528494e-08  6.00000000e-01 
 6.10000000e-01  4.60017536e-01  4.60017536e-01  3.20852651e-09  3.34650945e-09  3.37350759e-09  4.60017536e-01  3.36352347e-09  1.63340908e-07  5.49529275e-08  6.10000000e-01 
 6.20000000e-01  4.60017552e-01  4.60017552e-01  3.20852655e-09  3.34650951e-09  3.37350761e-09  4.60017551e-01  3.36352341e-09  1.63340937e-07  5.49526789e-08  6.20000000e-01 
 6.30000000e-01  4.60017558e-01  4.60017558e-01  3.20852650e-09  3.34650951e-09  3.37350765e-09  4.60017557e-01  3.36352341e-09  1.63340948e-07  5.49527499e-08  6.30000000e-01 
 6.40000000e-01  4.60017564e-01  4.60017564e-01  3.20852651e-09  3.34650951e-09  3.37350766e-09  4.60017563e-01  3.36352341e-09  1.63340941e-07  5.49527357e-08  6.40000000e-01 
 6.50000000e-01  4.60017560e-01  4.60017560e-01  3.20852649e-09  3.34650951e-09  3.37350760e-09  4.60017560e-01  3.36352347e-09  1.63340941e-07  5.49527144e-08  6.50000000e-01 
 6.60000000e-01  4.60017548e-01  4.60017548e-01  3.20852651e-09  3.34650951e-09  3.37350761e-09  4.60017548e-01  3.36352341e-09  1.63340922e-07  5.49525581e-08  6.60000000e-01 
 6.70000000e-01  4.60017523e-01  4.60017523e-01  3.20852655e-09  3.34650951e-09  3.37350759e-09  4.60017523e-01  3.36352341e-09  1.63340894e-07  5.49523804e-08  6.70000000e-01 
 6.80000000e-01  4.60017539e-01  4.60017539e-01  3.20852650e-09  3.34650951e-09  3.37350761e-09  4.60017539e-01  3.36352347e-09  1.63340903e-07  5.49524515e-08  6.80000000e-01 
 6.90000000e-01  4.60017535e-01  4.60017535e-01  3.20852651e-09  3.34650951e-09  3.37350765e-09  4.60017535e-01  3.36352347e-09  1.63340897e-07  5.49523449e-08  6.90000000e-01 
 7.00000000e-01  4.60017569e-01  4.60017569e-01  3.20852655e-09  3.34650951e-09  3.37350760e-09  4.60017569e-01  3.36352341e-09  1.63340957e-07  5.49522454e-08  7.00000000e-01 
 7.10000000e-01  4.60017546e-01  4.60017546e-01  3.20852650e-09  3.34650951e-09  3.37350761e-09  4.60017546e-01  3.36352341e-09  1.63340911e-07  5.49522667e-08  7.10000000e-01 
 7.20000000e-01  4.60017521e-01  4.60017521e-01  3.20852656e-09  3.34650951e-09  3.37350765e-09  4.60017521e-01  3.36352347e-09  1.63340887e-07  5.49521388e-08  7.20000000e-01 
 7.30000000e-01  4.60017572e-01  4.60017572e-01  3.20852649e-09  3.34650951e-09  3.37350766e-09  4.60017572e-01  3.36352347e-09  1.63340966e-07  5.49522028e-08  7.30000000e-01 
 7.40000000e-01  4.60017522e-01  4.60017522e-01  3.20852651e-09  3.34650951e-09  3.37350760e-09  4.60017522e-01  3.36352347e-09  1.63340886e-07  5.49518688e-08  7.40000000e-01 
 7.50000000e-01  4.60017549e-01  4.60017548e-01  3.20852649e-09  3.34650945e-09  3.37350761e-09  4.60017548e-01  3.36352341e-09  1.63340929e-07  5.49519825e-08  7.50000000e-01 
 7.60000000e-01  4.60017547e-01  4.60017546e-01  3.20852651e-09  3.34650945e-09  3.37350765e-09  4.60017546e-01  3.36352347e-09  1.63340927e-07  5.49520323e-08  7.60000000e-01 
 7.70000000e-01  4.60017535e-01  4.60017535e-01  3.20852649e-09  3.34650951e-09  3.37350766e-09  4.60017535e-01  3.36352347e-09  1.63340895e-07  5.49518901e-08  7.70000000e-01 
 7.80000000e-01  4.60017527e-01  4.60017527e-01  3.20852651e-09  3.34650951e-09  3.37350765e-09  4.60017527e-01  3.36352341e-09  1.63340897e-07  5.49517054e-08  7.80000000e-01 
 7.90000000e-01  4.60017537e-01  4.60017537e-01  3.20852649e-09  3.34650951e-09  3.37350760e-09  4.60017537e-01  3.36352341e-09  1.63340897e-07  5.49517409e-08  7.90000000e-01 
 8.00000000e-01  4.60017546e-01  4.60017546e-01  3.20852651e-09  3.34650951e-09  3.37350767e-09  4.60017546e-01  3.36352341e-09  1.63340928e-07  5.49516201e-08  8.00000000e-01 
 8.10000000e-01  4.60017546e-01  4.60017545e-01  3.20852655e-09  3.34650951e-09  3.37350765e-09  4.60017545e-01  3.36352341e-09  1.63340912e-07  5.49515917e-08  8.10000000e-01 
 8.20000000e-01  4.60017560e-01  4.60017560e-01  3.20852650e-09  3.34650951e-09  3.37350760e-09  4.60017560e-01  3.36352341e-09  1.63340941e-07  5.49516415e-08  8.20000000e-01 
 8.30000000e-01  4.60017524e-01  4.60017524e-01  3.20852655e-09  3.34650951e-09  3.37350761e-09  4.60017524e-01  3.36352347e-09  1.63340881e-07  5.49514851e-08  8.30000000e-01 
 8.40000000e-01  4.60017534e-01  4.60017534e-01  3.20852650e-09  3.34650951e-09  3.37350765e-09  4.60017534e-01  3.36352347e-09  1.63340890e-07  5.49513928e-08  8.40000000e-01 
 8.50000000e-01  4.60017542e-01  4.60017542e-01  3.20852651e-09  3.34650951e-09  3.37350760e-09  4.60017542e-01  3.36352347e-09  1.63340914e-07  5.49513004e-08  8.50000000e-01 
 8.60000000e-01  4.60017536e-01  4.60017536e-01  3.20852655e-09  3.34650945e-09  3.37350767e-09  4.60017536e-01  3.36352347e-09  1.63340898e-07  5.49512436e-08  8.60000000e-01 
 8.70000000e-01  4.60017523e-01  4.60017523e-01  3.20852655e-09  3.34650945e-09  3.37350765e-09  4.60017522e-01  3.36352347e-09  1.63340887e-07  5.49512507e-08  8.70000000e-01 
 8.80000000e-01  4.60017543e-01  4.60017543e-01  3.20852650e-09  3.34650951e-09  3.37350766e-09  4.60017543e-01  3.36352341e-09  1.63340920e-07  5.49511725e-08  8.80000000e-01 
 8.90000000e-01  4.60017536e-01  4.60017536e-01  3.20852651e-09  3.34650951e-09  3.37350760e-09  4.60017535e-01  3.36352341e-09  1.63340911e-07  5.49510730e-08  8.90000000e-01 
 9.00000000e-01  4.60017539e-01  4.60017539e-01  3.20852649e-09  3.34650951e-09  3.37350761e-09  4.60017539e-01  3.36352341e-09  1.63340909e-07  5.49510730e-08  9.00000000e-01 
 9.10000000e-01  4.60017513e-01  4.60017513e-01  3.20852651e-09  3.34650951e-09  3.37350765e-09  4.60017512e-01  3.36352341e-09  1.63340873e-07  5.49509522e-08  9.10000000e-01 
 9.20000000e-01  4.60017528e-01  4.60017528e-01  3.20852655e-09  3.34650951e-09  3.37350760e-09  4.60017528e-01  3.36352342e-09  1.63340897e-07  5.49509167e-08  9.20000000e-01 
 9.30000000e-01  4.60017523e-01  4.60017523e-01  3.20852649e-09  3.34650951e-09  3.37350761e-09  4.60017523e-01  3.36352340e-09  1.63340890e-07  5.49507391e-08  9.30000000e-01 
 9.40000000e-01  4.60017542e-01  4.60017542e-01  3.20852651e-09  3.34650951e-09  3.37350765e-09  4.60017542e-01  3.36352342e-09  1.63340924e-07  5.49507106e-08  9.40000000e-01 
 9.50000000e-01  4.60017521e-01  4.60017521e-01  3.20852655e-09  3.34650951e-09  3.37350760e-09  4.60017521e-01  3.36352340e-09  1.63340878e-07  5.49506964e-08  9.50000000e-01 
 9.60000000e-01  4.60017553e-01  4.60017553e-01  3.20852650e-09  3.34650951e-09  3.37350761e-09  4.60017553e-01  3.36352348e-09  1.63340931e-07  5.49506538e-08  9.60000000e-01 
 9.70000000e-01  4.60017523e-01  4.60017523e-01  3.20852651e-09  3.34650951e-09  3.37350765e-09  4.60017522e-01  3.36352340e-09  1.63340879e-07  5.49506467e-08  9.70000000e-01 
 9.80000000e-01  4.60017544e-01  4.60017544e-01  3.20852649e-09  3.34650951e-09  3.37350760e-09  4.60017544e-01  3.36352348e-09  1.63340911e-07  5.49505117e-08  9.80000000e-01 
 9.90000000e-01  4.60017532e-01  4.60017532e-01  3.20852651e-09  3.34650945e-09  3.37350761e-09  4.60017532e-01  3.36352340e-09  1.63340898e-07  5.49504477e-08  9.90000000e-01 
 1.00000000e+00  4.60017531e-01  4.60017531e-01  3.20852649e-09  3.34650951e-09  3.37350765e-09  4.60017531e-01  3.36352342e-09  1.63340892e-07  5.49503554e-08  1.00000000e+00 
 1.01000000e+00  4.60017527e-01  4.60017527e-01  3.20852651e-09  3.34650945e-09  3.37350765e-09  4.60017527e-01  3.36352346e-09  1.63340898e-07  5.49503056e-08  1.01000000e+00 
 1.02000000e+00  4.60017558e-01  4.60017558e-01  3.20852649e-09  3.34650951e-09  3.37350766e-09  4.60017558e-01  3.36352341e-09  1.63340937e-07  5.49503412e-08  1.02000000e+00 
 1.03000000e+00  4.60017520e-01  4.60017520e-01  3.20852651e-09  3.34650951e-09  3.37350765e-09  4.60017520e-01  3.36352341e-09  1.63340883e-07  5.49501138e-08  1.03000000e+00 
 1.04000000e+00  4.60017519e-01  4.60017519e-01  3.20852654e-09  3.34650951e-09  3.37350760e-09  4.60017519e-01  3.36352347e-09  1.63340881e-07  5.49500996e-08  1.04000000e+00 
 1.05000000e+00  4.60017546e-01  4.60017546e-01  3.20852655e-09  3.34650951e-09  3.37350761e-09  4.60017545e-01  3.36352347e-09  1.63340922e-07  5.49500712e-08  1.05000000e+00 
 1.06000000e+00  4.60017506e-01  4.60017506e-01  3.20852655e-09  3.34650951e-09  3.37350765e-09  4.60017506e-01  3.36352341e-09  1.63340864e-07  5.49499006e-08  1.06000000e+00 
 1.07000000e+00  4.60017531e-01  4.60017531e-01  3.20852655e-09  3.34650945e-09  3.37350760e-09  4.60017530e-01  3.36352348e-09  1.63340910e-07  5.49499148e-08  1.07000000e+00 
 1.08000000e+00  4.60017517e-01  4.60017517e-01  3.20852649e-09  3.34650951e-09  3.37350761e-09  4.60017517e-01  3.36352346e-09  1.63340873e-07  5.49497656e-08  1.08000000e+00 
 1.09000000e+00  4.60017547e-01  4.60017547e-01  3.20852651e-09  3.34650951e-09  3.37350765e-09  4.60017547e-01  3.36352347e-09  1.63340911e-07  5.49497514e-08  1.09000000e+00 
 1.10000000e+00  4.60017527e-01  4.60017527e-01  3.20852655e-09  3.34650951e-09  3.37350760e-09  4.60017527e-01  3.36352347e-09  1.63340883e-07  5.49497088e-08  1.10000000e+00 
 1.11000000e+00  4.60017565e-01  4.60017565e-01  3.20852655e-09  3.34650951e-09  3.37350767e-09  4.60017565e-01  3.36352341e-09  1.63340949e-07  5.49497159e-08  1.11000000e+00 
 1.12000000e+00  4.60017555e-01  4.60017555e-01  3.20852655e-09  3.34650951e-09  3.37350765e-09  4.60017555e-01  3.36352347e-09  1.63340929e-07  5.49496235e-08  1.12000000e+00 
 1.13000000e+00  4.60017498e-01  4.60017498e-01  3.20852649e-09  3.34650951e-09  3.37350765e-09  4.60017498e-01  3.36352341e-09  1.63340847e-07  5.49493535e-08  1.13000000e+00 
 1.14000000e+00  4.60017559e-01  4.60017559e-01  3.20852657e-09  3.34650951e-09  3.37350760e-09  4.60017559e-01  3.36352343e-09  1.63340942e-07  5.49494459e-08  1.14000000e+00 
 1.15000000e+00  4.60017526e-01  4.60017526e-01  3.20852655e-09  3.34650951e-09  3.37350767e-09  4.60017526e-01  3.36352340e-09  1.63340884e-07  5.49493109e-08  1.15000000e+00 
 1.16000000e+00  4.60017521e-01  4.60017521e-01  3.20852649e-09  3.34650951e-09  3.37350765e-09  4.60017521e-01  3.36352342e-09  1.63340889e-07  5.49492825e-08  1.16000000e+00 
 1.17000000e+00  4.60017569e-01  4.60017568e-01  3.20852651e-09  3.34650951e-09  3.37350760e-09  4.60017568e-01  3.36352341e-09  1.63340934e-07  5.49493109e-08  1.17000000e+00 
 1.18000000e+00  4.60017529e-01  4.60017529e-01  3.20852655e-09  3.34650951e-09  3.37350767e-09  4.60017529e-01  3.36352342e-09  1.63340890e-07  5.49491688e-08  1.18000000e+00 
 1.19000000e+00  4.60017523e-01  4.60017523e-01  3.20852655e-09  3.34650945e-09  3.37350759e-09  4.60017523e-01  3.36352346e-09  1.63340879e-07  5.49491546e-08  1.19000000e+00 
 1.20000000e+00  4.60017536e-01  4.60017536e-01  3.20852655e-09  3.34650951e-09  3.37350761e-09  4.60017535e-01  3.36352341e-09  1.63340899e-07  5.49490409e-08  1.20000000e+00 
 1.21000000e+00  4.60017527e-01  4.60017527e-01  3.20852649e-09  3.34650951e-09  3.37350765e-09  4.60017527e-01  3.36352341e-09  1.63340877e-07  5.49489556e-08  1.21000000e+00 
 1.22000000e+00  4.60017553e-01  4.60017552e-01  3.20852651e-09  3.34650951e-09  3.37350760e-09  4.60017552e-01  3.36352347e-09  1.63340928e-07  5.49489272e-08  1.22000000e+00 
 1.23000000e+00  4.60017549e-01  4.60017549e-01  3.20852649e-09  3.34650951e-09  3.37350767e-09  4.60017548e-01  3.36352341e-09  1.63340929e-07  5.49487709e-08  1.23000000e+00 
 1.24000000e+00  4.60017522e-01  4.60017522e-01  3.20852651e-09  3.34650951e-09  3.37350765e-09  4.60017521e-01  3.36352341e-09  1.63340891e-07  5.49485293e-08  1.24000000e+00 
 1.25000000e+00  4.60017521e-01  4.60017521e-01  3.20852655e-09  3.34650951e-09  3.37350760e-09  4.60017521e-01  3.36352341e-09  1.63340890e-07  5.49485577e-08  1.25000000e+00 
 1.26000000e+00  4.60017540e-01  4.60017540e-01  3.20852655e-09  3.34650945e-09  3.37350761e-09  4.60017540e-01  3.36352347e-09  1.63340915e-07  5.49485577e-08  1.26000000e+00 
 1.27000000e+00  4.60017536e-01  4.60017536e-01  3.20852650e-09  3.34650951e-09  3.37350759e-09  4.60017536e-01  3.36352341e-09  1.63340913e-07  5.49484582e-08  1.27000000e+00 
 1.28000000e+00  4.60017551e-01  4.60017551e-01  3.20852651e-09  3.34650951e-09  3.37350761e-09  4.60017551e-01  3.36352347e-09  1.63340926e-07  5.49483588e-08  1.28000000e+00 
 1.29000000e+00  4.60017539e-01  4.60017539e-01  3.20852655e-09  3.34650951e-09  3.37350759e-09  4.60017539e-01  3.36352347e-09  1.63340909e-07  5.49482024e-08  1.29000000e+00 
 1.30000000e+00  4.60017535e-01  4.60017535e-01  3.20852655e-09  3.34650951e-09  3.37350767e-09  4.60017535e-01  3.36352347e-09  1.63340906e-07  5.49481314e-08  1.30000000e+00 
 1.31000000e+00  4.60017532e-01  4.60017532e-01  3.20852649e-09  3.34650951e-09  3.37350765e-09  4.60017532e-01  3.36352347e-09  1.63340898e-07  5.49480745e-08  1.31000000e+00 
 1.32000000e+00  4.60017542e-01  4.60017542e-01  3.20852651e-09  3.34650945e-09  3.37350760e-09  4.60017542e-01  3.36352347e-09  1.63340911e-07  5.49481456e-08  1.32000000e+00 
 1.33000000e+00  4.60017534e-01  4.60017534e-01  3.20852655e-09  3.34650951e-09  3.37350767e-09  4.60017534e-01  3.36352347e-09  1.63340905e-07  5.49481030e-08  1.33000000e+00 
 1.34000000e+00  4.60017551e-01  4.60017551e-01  3.20852650e-09  3.34650951e-09  3.37350759e-09  4.60017551e-01  3.36352347e-09  1.63340908e-07  5.49478756e-08  1.34000000e+00 
 1.35000000e+00  4.60017546e-01  4.60017546e-01  3.20852651e-09  3.34650951e-09  3.37350761e-09  4.60017546e-01  3.36352347e-09  1.63340909e-07  5.49478898e-08  1.35000000e+00 
 1.36000000e+00  4.60017546e-01  4.60017546e-01  3.20852649e-09  3.34650951e-09  3.37350759e-09  4.60017546e-01  3.36352347e-09  1.63340919e-07  5.49477903e-08  1.36000000e+00 
 1.37000000e+00  4.60017524e-01  4.60017524e-01  3.20852656e-09  3.34650951e-09  3.37350767e-09  4.60017524e-01  3.36352341e-09  1.63340890e-07  5.49475487e-08  1.37000000e+00 
 1.38000000e+00  4.60017548e-01  4.60017548e-01  3.20852655e-09  3.34650945e-09  3.37350759e-09  4.60017548e-01  3.36352347e-09  1.63340913e-07  5.49475061e-08  1.38000000e+00 
 1.39000000e+00  4.60017526e-01  4.60017526e-01  3.20852655e-09  3.34650951e-09  3.37350761e-09  4.60017526e-01  3.36352341e-09  1.63340886e-07  5.49473071e-08  1.39000000e+00 
 1.40000000e+00  4.60017538e-01  4.60017537e-01  3.20852655e-09  3.34650951e-09  3.37350759e-09  4.60017537e-01  3.36352347e-09  1.63340920e-07  5.49472361e-08  1.40000000e+00 
 1.41000000e+00  4.60017524e-01  4.60017524e-01  3.20852649e-09  3.34650951e-09  3.37350761e-09  4.60017524e-01  3.36352347e-09  1.63340876e-07  5.49471082e-08  1.41000000e+00 
 1.42000000e+00  4.60017522e-01  4.60017522e-01  3.20852651e-09  3.34650951e-09  3.37350765e-09  4.60017522e-01  3.36352341e-09  1.63340882e-07  5.49469661e-08  1.42000000e+00 
 1.43000000e+00  4.60017548e-01  4.60017548e-01  3.20852649e-09  3.34650951e-09  3.37350766e-09  4.60017548e-01  3.36352341e-09  1.63340924e-07  5.49469803e-08  1.43000000e+00 
 1.44000000e+00  4.60017554e-01  4.60017554e-01  3.20852657e-09  3.34650951e-09  3.37350766e-09  4.60017554e-01  3.36352347e-09  1.63340938e-07  5.49468666e-08  1.44000000e+00 
 1.45000000e+00  4.60017552e-01  4.60017552e-01  3.20852655e-09  3.34650951e-09  3.37350760e-09  4.60017552e-01  3.36352347e-09  1.63340929e-07  5.49467813e-08  1.45000000e+00 
 1.46000000e+00  4.60017528e-01  4.60017528e-01  3.20852655e-09  3.34650951e-09  3.37350767e-09  4.60017528e-01  3.36352341e-09  1.63340884e-07  5.49465540e-08  1.46000000e+00 
 1.47000000e+00  4.60017532e-01  4.60017532e-01  3.20852655e-09  3.34650951e-09  3.37350765e-09  4.60017531e-01  3.36352347e-09  1.63340894e-07  5.49463266e-08  1.47000000e+00 
 1.48000000e+00  4.60017531e-01  4.60017531e-01  3.20852655e-09  3.34650951e-09  3.37350765e-09  4.60017531e-01  3.36352341e-09  1.63340895e-07  5.49461276e-08  1.48000000e+00 
 1.49000000e+00  4.60017524e-01  4.60017524e-01  3.20852655e-09  3.34650951e-09  3.37350760e-09  4.60017524e-01  3.36352347e-09  1.63340887e-07  5.49459429e-08  1.49000000e+00 
 1.50000000e+00  4.60017539e-01  4.60017539e-01  3.20852655e-09  3.34650951e-09  3.37350761e-09  4.60017539e-01  3.36352341e-09  1.63340907e-07  5.49457297e-08  1.50000000e+00 
 1.51000000e+00  4.60017506e-01  4.60017506e-01  3.20852649e-09  3.34650951e-09  3.37350765e-09  4.60017506e-01  3.36352347e-09  1.63340863e-07  5.49453176e-08  1.51000000e+00 
 1.52000000e+00  4.60017527e-01  4.60017527e-01  3.20852656e-09  3.34650945e-09  3.37350765e-09  4.60017527e-01  3.36352341e-09  1.63340881e-07  5.49450618e-08  1.52000000e+00 
 1.53000000e+00  4.60017544e-01  4.60017544e-01  3.20852649e-09  3.34650951e-09  3.37350766e-09  4.60017543e-01  3.36352341e-09  1.63340920e-07  5.49447492e-08  1.53000000e+00 
 1.54000000e+00  4.60017541e-01  4.60017541e-01  3.20852651e-09  3.34650945e-09  3.37350760e-09  4.60017540e-01  3.36352347e-09  1.63340912e-07  5.49442092e-08  1.54000000e+00 
 1.55000000e+00  4.60017532e-01  4.60017532e-01  3.20852649e-09  3.34650951e-09  3.37350767e-09  4.60017532e-01  3.36352347e-09  1.63340902e-07  5.49436407e-08  1.55000000e+00 
 1.56000000e+00  4.60017546e-01  4.60017546e-01  3.20852657e-09  3.34650945e-09  3.37350765e-09  4.60017546e-01  3.36352341e-09  1.63340912e-07  5.49428165e-08  1.56000000e+00 
 1.57000000e+00  4.60017535e-01  4.60017535e-01  3.20852649e-09  3.34650951e-09  3.37350766e-09  4.60017534e-01  3.36352341e-09  1.63340910e-07  5.49416939e-08  1.57000000e+00 
 1.58000000e+00  4.60017533e-01  4.60017533e-01  3.20852651e-09  3.34650951e-09  3.37350766e-09  4.60017533e-01  3.36352341e-09  1.63340892e-07  5.49400312e-08  1.58000000e+00 
 1.59000000e+00  4.60017532e-01  4.60017532e-01  3.20852655e-09  3.34650945e-09  3.37350760e-09  4.60017532e-01  3.36352347e-09  1.63340904e-07  5.49374448e-08  1.59000000e+00 
 1.60000000e+00  4.60017555e-01  4.60017555e-01  3.20852655e-09  3.34650951e-09  3.37350761e-09  4.60017554e-01  3.36352341e-09  1.63340927e-07  5.49333379e-08  1.60000000e+00 
 1.61000000e+00  4.60017538e-01  4.60017538e-01  3.20852655e-09  3.34650945e-09  3.37350759e-09  4.60017537e-01  3.36352347e-09  1.63340906e-07  5.49264314e-08  1.61000000e+00 
 1.62000000e+00  4.60017509e-01  4.60017509e-01  3.20852649e-09  3.34650945e-09  3.37350767e-09  4.60017509e-01  3.36352341e-09  1.63340869e-07  5.49141816e-08  1.62000000e+00 
 1.63000000e+00  4.60017514e-01  4.60017514e-01  3.20852651e-09  3.34650945e-09  3.37350759e-09  4.60017514e-01  3.36352342e-09  1.63340870e-07  5.48916717e-08  1.63000000e+00 
 1.64000000e+00  4.60017553e-01  4.60017553e-01  3.20852649e-09  3.34650951e-09  3.37350767e-09  4.60017553e-01  3.36352346e-09  1.63340930e-07  5.48491670e-08  1.64000000e+00 
 1.65000000e+00  4.60017540e-01  4.60017540e-01  3.20852650e-09  3.34650945e-09  3.37350766e-09  4.60017540e-01  3.36352347e-09  1.63340915e-07  5.47630066e-08  1.65000000e+00 
 1.66000000e+00  4.60017539e-01  4.60017539e-01  3.20852650e-09  3.34650945e-09  3.37350766e-09  4.60017539e-01  3.36352341e-09  1.63340905e-07  5.44256267e-08  1.66000000e+00 
 1.67000000e+00  4.60017528e-01  4.60017528e-01  3.20852655e-09  3.34650951e-09  3.37350760e-09  4.60017528e-01  3.36352341e-09  1.63340895e-07  5.29053210e-08  1.67000000e+00 
 1.68000000e+00  4.60017532e-01  4.60017531e-01  3.20852650e-09  3.34650951e-09  3.37350765e-09  4.60017531e-01  3.36352341e-09  1.63340904e-07  4.77348721e-08  1.68000000e+00 
 1.69000000e+00  4.60017523e-01  4.60017523e-01  3.20852650e-09  3.34650945e-09  3.37350760e-09  4.60017523e-01  3.36352341e-09  1.63340887e-07  3.78444867e-08  1.69000000e+00 
 1.70000000e+00  4.60017532e-01  4.60017532e-01  3.20852649e-09  3.34650951e-09  3.37350766e-09  4.60017532e-01  3.36352341e-09  1.63340898e-07  2.96996348e-08  1.70000000e+00 
 1.71000000e+00  4.60017530e-01  4.60017530e-01  3.20852651e-09  3.34650951e-09  3.37350759e-09  4.60017530e-01  3.36352341e-09  1.63340898e-07  2.30195525e-08  1.71000000e+00 
 1.72000000e+00  4.60017532e-01  4.60017532e-01  3.20852655e-09  3.34650951e-09  3.37350767e-09  4.60017531e-01  3.36352347e-09  1.63340902e-07  1.75562604e-08  1.72000000e+00 
 1.73000000e+00  4.60017556e-01  4.60017556e-01  3.20852650e-09  3.34650951e-09  3.37350765e-09  4.60017556e-01  3.36352341e-09  1.63340949e-07  1.30941515e-08  1.73000000e+00 
 1.74000000e+00  4.60017536e-01  4.60017536e-01  3.20852651e-09  3.34650945e-09  3.37350760e-09  4.60017535e-01  3.36352341e-09  1.63340900e-07  9.44497458e-09  1.74000000e+00 
 1.75000000e+00  4.60017515e-01  4.60017515e-01  3.20852649e-09  3.34650951e-09  3.37350761e-09  4.60017514e-01  3.36352347e-09  1.63340877e-07  6.44666898e-09  1.75000000e+00 
 1.76000000e+00  4.60017537e-01  4.60017537e-01  3.20852651e-09  3.34650951e-09  3.37350759e-09  4.60017537e-01  3.36352341e-09  1.63340900e-07  3.95957045e-09  1.76000000e+00 
 1.77000000e+00  4.60017556e-01  4.60017556e-01  3.20852649e-09  3.34650951e-09  3.37350767e-09  4.60017556e-01  3.36352347e-09  1.63340934e-07  1.87405647e-09  1.77000000e+00 
 1.78000000e+00  4.60017514e-01  4.60017514e-01  3.20852656e-09  3.34650951e-09  3.37350759e-09  4.60017514e-01  3.36352341e-09  1.63340878e-07  1.23918653e-10  1.78000000e+00 
 1.79000000e+00  4.60017549e-01  4.60017549e-01  3.20852655e-09  3.34650951e-09  3.37350761e-09  4.60017549e-01  3.36352342e-09  1.63340929e-07 -1.31032607e-09  1.79000000e+00 
 1.80000000e+00  4.60017538e-01  4.60017538e-01  3.20852655e-09  3.34650951e-09  3.37350765e-09  4.60017538e-01  3.36352346e-09  1.63340908e-07 -2.42515341e-09  1.80000000e+00 
