 v-sweep         v(b0)           v(b1)           v(b2)           v(b3)           v(b4)           v(b5)           v(b6)           i(vbias)        i(viout)        v(vout)        
 0.00000000e+00  4.58652746e-01  4.58652746e-01  3.22877348e-09  4.58652746e-01  4.58652746e-01  3.19350555e-09  3.02309752e-09  1.59690039e-07  4.07658875e-08  0.00000000e+00 
 1.00000000e-02  4.58652750e-01  4.58652750e-01  3.22877348e-09  4.58652750e-01  4.58652750e-01  3.19350555e-09  3.02309752e-09  1.59690059e-07  4.07655120e-08  1.00000000e-02 
 2.00000000e-02  4.58652778e-01  4.58652778e-01  3.22877348e-09  4.58652778e-01  4.58652778e-01  3.19350555e-09  3.02309758e-09  1.59690096e-07  4.07650891e-08  2.00000000e-02 
 3.00000000e-02  4.58652745e-01  4.58652745e-01  3.22877348e-09  4.58652745e-01  4.58652745e-01  3.19350555e-09  3.02309757e-09  1.59690033e-07  4.07647376e-08  3.00000000e-02 
 4.00000000e-02  4.58652755e-01  4.58652755e-01  3.22877354e-09  4.58652755e-01  4.58652755e-01  3.19350555e-09  3.02309752e-09  1.59690055e-07  4.07644398e-08  4.00000000e-02 
 5.00000000e-02  4.58652762e-01  4.58652762e-01  3.22877347e-09  4.58652762e-01  4.58652762e-01  3.19350555e-09  3.02309752e-09  1.59690060e-07  4.07640157e-08  5.00000000e-02 
 6.00000000e-02  4.58652727e-01  4.58652727e-01  3.22877348e-09  4.58652727e-01  4.58652727e-01  3.19350555e-09  3.02309757e-09  1.59690027e-07  4.07636982e-08  6.00000000e-02 
 7.00000000e-02  4.58652720e-01  4.58652720e-01  3.22877348e-09  4.58652720e-01  4.58652720e-01  3.19350555e-09  3.02309757e-09  1.59690011e-07  4.07634078e-08  7.00000000e-02 
 8.00000000e-02  4.58652747e-01  4.58652747e-01  3.22877348e-09  4.58652747e-01  4.58652747e-01  3.19350555e-09  3.02309757e-09  1.59690048e-07  4.07632674e-08  8.00000000e-02 
 9.00000000e-02  4.58652755e-01  4.58652755e-01  3.22877348e-09  4.58652755e-01  4.58652755e-01  3.19350555e-09  3.02309757e-09  1.59690055e-07  4.07628375e-08  9.00000000e-02 
 1.00000000e-01  4.58652750e-01  4.58652750e-01  3.22877348e-09  4.58652750e-01  4.58652750e-01  3.19350555e-09  3.02309752e-09  1.59690058e-07  4.07627256e-08  1.00000000e-01 
 1.10000000e-01  4.58652728e-01  4.58652728e-01  3.22877348e-09  4.58652728e-01  4.58652728e-01  3.19350555e-09  3.02309752e-09  1.59690022e-07  4.07623384e-08  1.10000000e-01 
 1.20000000e-01  4.58652759e-01  4.58652759e-01  3.22877348e-09  4.58652759e-01  4.58652759e-01  3.19350555e-09  3.02309757e-09  1.59690047e-07  4.07622158e-08  1.20000000e-01 
 1.30000000e-01  4.58652786e-01  4.58652786e-01  3.22877348e-09  4.58652786e-01  4.58652786e-01  3.19350555e-09  3.02309752e-09  1.59690103e-07  4.07619458e-08  1.30000000e-01 
 1.40000000e-01  4.58652780e-01  4.58652780e-01  3.22877348e-09  4.58652780e-01  4.58652779e-01  3.19350555e-09  3.02309758e-09  1.59690086e-07  4.07617220e-08  1.40000000e-01 
 1.50000000e-01  4.58652729e-01  4.58652729e-01  3.22877348e-09  4.58652729e-01  4.58652729e-01  3.19350555e-09  3.02309752e-09  1.59690031e-07  4.07616394e-08  1.50000000e-01 
 1.60000000e-01  4.58652745e-01  4.58652745e-01  3.22877354e-09  4.58652745e-01  4.58652745e-01  3.19350555e-09  3.02309757e-09  1.59690045e-07  4.07614849e-08  1.60000000e-01 
 1.70000000e-01  4.58652755e-01  4.58652755e-01  3.22877347e-09  4.58652755e-01  4.58652755e-01  3.19350555e-09  3.02309752e-09  1.59690050e-07  4.07612486e-08  1.70000000e-01 
 1.80000000e-01  4.58652765e-01  4.58652765e-01  3.22877349e-09  4.58652765e-01  4.58652765e-01  3.19350561e-09  3.02309757e-09  1.59690064e-07  4.07608809e-08  1.80000000e-01 
 1.90000000e-01  4.58652779e-01  4.58652780e-01  3.22877348e-09  4.58652780e-01  4.58652779e-01  3.19350555e-09  3.02309758e-09  1.59690089e-07  4.07608578e-08  1.90000000e-01 
 2.00000000e-01  4.58652762e-01  4.58652762e-01  3.22877348e-09  4.58652762e-01  4.58652762e-01  3.19350555e-09  3.02309757e-09  1.59690062e-07  4.07606020e-08  2.00000000e-01 
 2.10000000e-01  4.58652788e-01  4.58652788e-01  3.22877348e-09  4.58652788e-01  4.58652788e-01  3.19350555e-09  3.02309758e-09  1.59690111e-07  4.07605452e-08  2.10000000e-01 
 2.20000000e-01  4.58652752e-01  4.58652752e-01  3.22877348e-09  4.58652752e-01  4.58652752e-01  3.19350555e-09  3.02309752e-09  1.59690049e-07  4.07602592e-08  2.20000000e-01 
 2.30000000e-01  4.58652764e-01  4.58652764e-01  3.22877354e-09  4.58652764e-01  4.58652764e-01  3.19350555e-09  3.02309752e-09  1.59690084e-07  4.07601348e-08  2.30000000e-01 
 2.40000000e-01  4.58652761e-01  4.58652761e-01  3.22877347e-09  4.58652761e-01  4.58652761e-01  3.19350555e-09  3.02309757e-09  1.59690063e-07  4.07600460e-08  2.40000000e-01 
 2.50000000e-01  4.58652742e-01  4.58652742e-01  3.22877349e-09  4.58652742e-01  4.58652742e-01  3.19350555e-09  3.02309757e-09  1.59690034e-07  4.07598986e-08  2.50000000e-01 
 2.60000000e-01  4.58652754e-01  4.58652754e-01  3.22877348e-09  4.58652754e-01  4.58652754e-01  3.19350555e-09  3.02309757e-09  1.59690058e-07  4.07597511e-08  2.60000000e-01 
 2.70000000e-01  4.58652735e-01  4.58652735e-01  3.22877348e-09  4.58652735e-01  4.58652735e-01  3.19350555e-09  3.02309757e-09  1.59690029e-07  4.07595557e-08  2.70000000e-01 
 2.80000000e-01  4.58652740e-01  4.58652740e-01  3.22877348e-09  4.58652740e-01  4.58652740e-01  3.19350555e-09  3.02309757e-09  1.59690043e-07  4.07595575e-08  2.80000000e-01 
 2.90000000e-01  4.58652736e-01  4.58652736e-01  3.22877354e-09  4.58652736e-01  4.58652736e-01  3.19350555e-09  3.02309752e-09  1.59690034e-07  4.07595557e-08  2.90000000e-01 
 3.00000000e-01  4.58652738e-01  4.58652738e-01  3.22877352e-09  4.58652738e-01  4.58652738e-01  3.19350555e-09  3.02309752e-09  1.59690043e-07  4.07592964e-08  3.00000000e-01 
 3.10000000e-01  4.58652744e-01  4.58652745e-01  3.22877347e-09  4.58652745e-01  4.58652744e-01  3.19350555e-09  3.02309752e-09  1.59690050e-07  4.07592609e-08  3.10000000e-01 
 3.20000000e-01  4.58652726e-01  4.58652726e-01  3.22877348e-09  4.58652726e-01  4.58652726e-01  3.19350555e-09  3.02309757e-09  1.59690016e-07  4.07591010e-08  3.20000000e-01 
 3.30000000e-01  4.58652744e-01  4.58652744e-01  3.22877354e-09  4.58652744e-01  4.58652744e-01  3.19350555e-09  3.02309752e-09  1.59690037e-07  4.07589980e-08  3.30000000e-01 
 3.40000000e-01  4.58652760e-01  4.58652760e-01  3.22877347e-09  4.58652760e-01  4.58652760e-01  3.19350555e-09  3.02309752e-09  1.59690078e-07  4.07589731e-08  3.40000000e-01 
 3.50000000e-01  4.58652768e-01  4.58652768e-01  3.22877349e-09  4.58652768e-01  4.58652768e-01  3.19350555e-09  3.02309758e-09  1.59690080e-07  4.07589056e-08  3.50000000e-01 
 3.60000000e-01  4.58652770e-01  4.58652770e-01  3.22877348e-09  4.58652770e-01  4.58652770e-01  3.19350555e-09  3.02309758e-09  1.59690092e-07  4.07588736e-08  3.60000000e-01 
 3.70000000e-01  4.58652745e-01  4.58652745e-01  3.22877348e-09  4.58652745e-01  4.58652745e-01  3.19350555e-09  3.02309752e-09  1.59690051e-07  4.07586604e-08  3.70000000e-01 
 3.80000000e-01  4.58652754e-01  4.58652754e-01  3.22877348e-09  4.58652754e-01  4.58652754e-01  3.19350555e-09  3.02309757e-09  1.59690068e-07  4.07586604e-08  3.80000000e-01 
 3.90000000e-01  4.58652745e-01  4.58652745e-01  3.22877348e-09  4.58652745e-01  4.58652745e-01  3.19350555e-09  3.02309752e-09  1.59690048e-07  4.07585325e-08  3.90000000e-01 
 4.00000000e-01  4.58652743e-01  4.58652743e-01  3.22877348e-09  4.58652743e-01  4.58652743e-01  3.19350555e-09  3.02309757e-09  1.59690048e-07  4.07585574e-08  4.00000000e-01 
 4.10000000e-01  4.58652755e-01  4.58652755e-01  3.22877348e-09  4.58652755e-01  4.58652755e-01  3.19350555e-09  3.02309757e-09  1.59690074e-07  4.07584722e-08  4.10000000e-01 
 4.20000000e-01  4.58652720e-01  4.58652720e-01  3.22877348e-09  4.58652720e-01  4.58652720e-01  3.19350555e-09  3.02309757e-09  1.59690013e-07  4.07584189e-08  4.20000000e-01 
 4.30000000e-01  4.58652748e-01  4.58652748e-01  3.22877348e-09  4.58652748e-01  4.58652748e-01  3.19350555e-09  3.02309752e-09  1.59690046e-07  4.07581915e-08  4.30000000e-01 
 4.40000000e-01  4.58652765e-01  4.58652765e-01  3.22877354e-09  4.58652765e-01  4.58652765e-01  3.19350555e-09  3.02309752e-09  1.59690072e-07  4.07581666e-08  4.40000000e-01 
 4.50000000e-01  4.58652763e-01  4.58652763e-01  3.22877347e-09  4.58652763e-01  4.58652763e-01  3.19350561e-09  3.02309752e-09  1.59690077e-07  4.07582093e-08  4.50000000e-01 
 4.60000000e-01  4.58652766e-01  4.58652766e-01  3.22877349e-09  4.58652766e-01  4.58652766e-01  3.19350555e-09  3.02309758e-09  1.59690087e-07  4.07580742e-08  4.60000000e-01 
 4.70000000e-01  4.58652738e-01  4.58652738e-01  3.22877348e-09  4.58652738e-01  4.58652738e-01  3.19350555e-09  3.02309757e-09  1.59690019e-07  4.07579677e-08  4.70000000e-01 
 4.80000000e-01  4.58652760e-01  4.58652760e-01  3.22877348e-09  4.58652760e-01  4.58652760e-01  3.19350555e-09  3.02309752e-09  1.59690068e-07  4.07580778e-08  4.80000000e-01 
 4.90000000e-01  4.58652761e-01  4.58652761e-01  3.22877348e-09  4.58652761e-01  4.58652761e-01  3.19350555e-09  3.02309752e-09  1.59690061e-07  4.07578682e-08  4.90000000e-01 
 5.00000000e-01  4.58652759e-01  4.58652759e-01  3.22877348e-09  4.58652759e-01  4.58652759e-01  3.19350555e-09  3.02309752e-09  1.59690064e-07  4.07578362e-08  5.00000000e-01 
 5.10000000e-01  4.58652755e-01  4.58652755e-01  3.22877348e-09  4.58652755e-01  4.58652755e-01  3.19350555e-09  3.02309752e-09  1.59690061e-07  4.07576870e-08  5.10000000e-01 
 5.20000000e-01  4.58652755e-01  4.58652755e-01  3.22877348e-09  4.58652755e-01  4.58652755e-01  3.19350555e-09  3.02309757e-09  1.59690065e-07  4.07576799e-08  5.20000000e-01 
 5.30000000e-01  4.58652757e-01  4.58652757e-01  3.22877348e-09  4.58652757e-01  4.58652757e-01  3.19350555e-09  3.02309752e-09  1.59690069e-07  4.07575307e-08  5.30000000e-01 
 5.40000000e-01  4.58652749e-01  4.58652750e-01  3.22877348e-09  4.58652750e-01  4.58652749e-01  3.19350555e-09  3.02309752e-09  1.59690056e-07  4.07576159e-08  5.40000000e-01 
 5.50000000e-01  4.58652764e-01  4.58652764e-01  3.22877348e-09  4.58652764e-01  4.58652764e-01  3.19350555e-09  3.02309752e-09  1.59690075e-07  4.07574525e-08  5.50000000e-01 
 5.60000000e-01  4.58652772e-01  4.58652772e-01  3.22877348e-09  4.58652772e-01  4.58652772e-01  3.19350555e-09  3.02309758e-09  1.59690080e-07  4.07575591e-08  5.60000000e-01 
 5.70000000e-01  4.58652737e-01  4.58652737e-01  3.22877348e-09  4.58652737e-01  4.58652737e-01  3.19350555e-09  3.02309752e-09  1.59690031e-07  4.07573566e-08  5.70000000e-01 
 5.80000000e-01  4.58652762e-01  4.58652762e-01  3.22877348e-09  4.58652762e-01  4.58652762e-01  3.19350555e-09  3.02309757e-09  1.59690064e-07  4.07574561e-08  5.80000000e-01 
 5.90000000e-01  4.58652751e-01  4.58652751e-01  3.22877348e-09  4.58652751e-01  4.58652751e-01  3.19350555e-09  3.02309757e-09  1.59690043e-07  4.07572855e-08  5.90000000e-01 
 6.00000000e-01  4.58652735e-01  4.58652735e-01  3.22877348e-09  4.58652735e-01  4.58652735e-01  3.19350555e-09  3.02309752e-09  1.59690050e-07  4.07571932e-08  6.00000000e-01 
 6.10000000e-01  4.58652749e-01  4.58652749e-01  3.22877348e-09  4.58652749e-01  4.58652749e-01  3.19350555e-09  3.02309757e-09  1.59690039e-07  4.07570866e-08  6.10000000e-01 
 6.20000000e-01  4.58652760e-01  4.58652760e-01  3.22877348e-09  4.58652760e-01  4.58652760e-01  3.19350561e-09  3.02309752e-09  1.59690069e-07  4.07572642e-08  6.20000000e-01 
 6.30000000e-01  4.58652751e-01  4.58652751e-01  3.22877348e-09  4.58652751e-01  4.58652751e-01  3.19350555e-09  3.02309757e-09  1.59690048e-07  4.07571079e-08  6.30000000e-01 
 6.40000000e-01  4.58652754e-01  4.58652754e-01  3.22877348e-09  4.58652754e-01  4.58652754e-01  3.19350555e-09  3.02309757e-09  1.59690070e-07  4.07570013e-08  6.40000000e-01 
 6.50000000e-01  4.58652753e-01  4.58652753e-01  3.22877348e-09  4.58652753e-01  4.58652753e-01  3.19350555e-09  3.02309757e-09  1.59690065e-07  4.07569303e-08  6.50000000e-01 
 6.60000000e-01  4.58652752e-01  4.58652752e-01  3.22877348e-09  4.58652752e-01  4.58652752e-01  3.19350555e-09  3.02309757e-09  1.59690050e-07  4.07569445e-08  6.60000000e-01 
 6.70000000e-01  4.58652763e-01  4.58652763e-01  3.22877348e-09  4.58652763e-01  4.58652763e-01  3.19350555e-09  3.02309752e-09  1.59690074e-07  4.07568947e-08  6.70000000e-01 
 6.80000000e-01  4.58652750e-01  4.58652750e-01  3.22877348e-09  4.58652750e-01  4.58652750e-01  3.19350555e-09  3.02309752e-09  1.59690045e-07  4.07566816e-08  6.80000000e-01 
 6.90000000e-01  4.58652743e-01  4.58652743e-01  3.22877348e-09  4.58652743e-01  4.58652743e-01  3.19350555e-09  3.02309757e-09  1.59690039e-07  4.07567384e-08  6.90000000e-01 
 7.00000000e-01  4.58652757e-01  4.58652757e-01  3.22877348e-09  4.58652757e-01  4.58652757e-01  3.19350555e-09  3.02309757e-09  1.59690064e-07  4.07566247e-08  7.00000000e-01 
 7.10000000e-01  4.58652710e-01  4.58652710e-01  3.22877348e-09  4.58652710e-01  4.58652710e-01  3.19350555e-09  3.02309752e-09  1.59689990e-07  4.07565608e-08  7.10000000e-01 
 7.20000000e-01  4.58652734e-01  4.58652734e-01  3.22877348e-09  4.58652734e-01  4.58652734e-01  3.19350555e-09  3.02309752e-09  1.59690035e-07  4.07565821e-08  7.20000000e-01 
 7.30000000e-01  4.58652770e-01  4.58652770e-01  3.22877348e-09  4.58652770e-01  4.58652770e-01  3.19350555e-09  3.02309752e-09  1.59690088e-07  4.07565039e-08  7.30000000e-01 
 7.40000000e-01  4.58652768e-01  4.58652768e-01  3.22877348e-09  4.58652768e-01  4.58652768e-01  3.19350555e-09  3.02309752e-09  1.59690065e-07  4.07563832e-08  7.40000000e-01 
 7.50000000e-01  4.58652754e-01  4.58652754e-01  3.22877348e-09  4.58652754e-01  4.58652754e-01  3.19350555e-09  3.02309757e-09  1.59690052e-07  4.07563476e-08  7.50000000e-01 
 7.60000000e-01  4.58652747e-01  4.58652747e-01  3.22877348e-09  4.58652748e-01  4.58652747e-01  3.19350555e-09  3.02309752e-09  1.59690041e-07  4.07562766e-08  7.60000000e-01 
 7.70000000e-01  4.58652749e-01  4.58652749e-01  3.22877348e-09  4.58652749e-01  4.58652748e-01  3.19350555e-09  3.02309752e-09  1.59690064e-07  4.07561842e-08  7.70000000e-01 
 7.80000000e-01  4.58652748e-01  4.58652748e-01  3.22877348e-09  4.58652748e-01  4.58652748e-01  3.19350555e-09  3.02309752e-09  1.59690052e-07  4.07562908e-08  7.80000000e-01 
 7.90000000e-01  4.58652741e-01  4.58652741e-01  3.22877348e-09  4.58652741e-01  4.58652741e-01  3.19350555e-09  3.02309752e-09  1.59690050e-07  4.07560776e-08  7.90000000e-01 
 8.00000000e-01  4.58652722e-01  4.58652722e-01  3.22877348e-09  4.58652722e-01  4.58652722e-01  3.19350555e-09  3.02309752e-09  1.59690014e-07  4.07560208e-08  8.00000000e-01 
 8.10000000e-01  4.58652757e-01  4.58652757e-01  3.22877348e-09  4.58652757e-01  4.58652757e-01  3.19350555e-09  3.02309752e-09  1.59690052e-07  4.07560634e-08  8.10000000e-01 
 8.20000000e-01  4.58652749e-01  4.58652749e-01  3.22877348e-09  4.58652750e-01  4.58652749e-01  3.19350555e-09  3.02309752e-09  1.59690037e-07  4.07559071e-08  8.20000000e-01 
 8.30000000e-01  4.58652755e-01  4.58652755e-01  3.22877348e-09  4.58652755e-01  4.58652755e-01  3.19350555e-09  3.02309752e-09  1.59690072e-07  4.07558574e-08  8.30000000e-01 
 8.40000000e-01  4.58652743e-01  4.58652743e-01  3.22877348e-09  4.58652743e-01  4.58652743e-01  3.19350555e-09  3.02309752e-09  1.59690047e-07  4.07559355e-08  8.40000000e-01 
 8.50000000e-01  4.58652745e-01  4.58652745e-01  3.22877348e-09  4.58652745e-01  4.58652745e-01  3.19350555e-09  3.02309752e-09  1.59690061e-07  4.07558076e-08  8.50000000e-01 
 8.60000000e-01  4.58652769e-01  4.58652769e-01  3.22877348e-09  4.58652769e-01  4.58652769e-01  3.19350555e-09  3.02309752e-09  1.59690082e-07  4.07557863e-08  8.60000000e-01 
 8.70000000e-01  4.58652760e-01  4.58652760e-01  3.22877348e-09  4.58652760e-01  4.58652760e-01  3.19350555e-09  3.02309752e-09  1.59690067e-07  4.07556300e-08  8.70000000e-01 
 8.80000000e-01  4.58652749e-01  4.58652749e-01  3.22877348e-09  4.58652749e-01  4.58652749e-01  3.19350555e-09  3.02309752e-09  1.59690052e-07  4.07556442e-08  8.80000000e-01 
 8.90000000e-01  4.58652739e-01  4.58652739e-01  3.22877348e-09  4.58652739e-01  4.58652738e-01  3.19350555e-09  3.02309752e-09  1.59690043e-07  4.07555518e-08  8.90000000e-01 
 9.00000000e-01  4.58652728e-01  4.58652728e-01  3.22877348e-09  4.58652728e-01  4.58652728e-01  3.19350555e-09  3.02309757e-09  1.59690016e-07  4.07555305e-08  9.00000000e-01 
 9.10000000e-01  4.58652746e-01  4.58652746e-01  3.22877348e-09  4.58652746e-01  4.58652746e-01  3.19350555e-09  3.02309752e-09  1.59690048e-07  4.07555518e-08  9.10000000e-01 
 9.20000000e-01  4.58652753e-01  4.58652754e-01  3.22877348e-09  4.58652754e-01  4.58652753e-01  3.19350555e-09  3.02309757e-09  1.59690059e-07  4.07554737e-08  9.20000000e-01 
 9.30000000e-01  4.58652758e-01  4.58652758e-01  3.22877348e-09  4.58652758e-01  4.58652757e-01  3.19350555e-09  3.02309757e-09  1.59690061e-07  4.07553600e-08  9.30000000e-01 
 9.40000000e-01  4.58652757e-01  4.58652757e-01  3.22877348e-09  4.58652757e-01  4.58652757e-01  3.19350555e-09  3.02309752e-09  1.59690064e-07  4.07552534e-08  9.40000000e-01 
 9.50000000e-01  4.58652755e-01  4.58652755e-01  3.22877348e-09  4.58652756e-01  4.58652755e-01  3.19350561e-09  3.02309752e-09  1.59690056e-07  4.07551610e-08  9.50000000e-01 
 9.60000000e-01  4.58652755e-01  4.58652755e-01  3.22877348e-09  4.58652755e-01  4.58652755e-01  3.19350555e-09  3.02309752e-09  1.59690056e-07  4.07550758e-08  9.60000000e-01 
 9.70000000e-01  4.58652748e-01  4.58652748e-01  3.22877348e-09  4.58652748e-01  4.58652748e-01  3.19350555e-09  3.02309752e-09  1.59690063e-07  4.07550758e-08  9.70000000e-01 
 9.80000000e-01  4.58652745e-01  4.58652745e-01  3.22877348e-09  4.58652745e-01  4.58652745e-01  3.19350555e-09  3.02309757e-09  1.59690050e-07  4.07550687e-08  9.80000000e-01 
 9.90000000e-01  4.58652747e-01  4.58652747e-01  3.22877348e-09  4.58652747e-01  4.58652747e-01  3.19350555e-09  3.02309757e-09  1.59690042e-07  4.07550118e-08  9.90000000e-01 
 1.00000000e+00  4.58652748e-01  4.58652748e-01  3.22877348e-09  4.58652748e-01  4.58652748e-01  3.19350555e-09  3.02309752e-09  1.59690028e-07  4.07548484e-08  1.00000000e+00 
 1.01000000e+00  4.58652754e-01  4.58652754e-01  3.22877348e-09  4.58652754e-01  4.58652754e-01  3.19350555e-09  3.02309752e-09  1.59690054e-07  4.07549408e-08  1.01000000e+00 
 1.02000000e+00  4.58652731e-01  4.58652731e-01  3.22877348e-09  4.58652731e-01  4.58652731e-01  3.19350555e-09  3.02309752e-09  1.59690012e-07  4.07548484e-08  1.02000000e+00 
 1.03000000e+00  4.58652743e-01  4.58652743e-01  3.22877348e-09  4.58652743e-01  4.58652743e-01  3.19350555e-09  3.02309757e-09  1.59690041e-07  4.07547063e-08  1.03000000e+00 
 1.04000000e+00  4.58652758e-01  4.58652758e-01  3.22877354e-09  4.58652758e-01  4.58652758e-01  3.19350561e-09  3.02309752e-09  1.59690052e-07  4.07546850e-08  1.04000000e+00 
 1.05000000e+00  4.58652775e-01  4.58652775e-01  3.22877347e-09  4.58652775e-01  4.58652775e-01  3.19350555e-09  3.02309752e-09  1.59690082e-07  4.07546850e-08  1.05000000e+00 
 1.06000000e+00  4.58652769e-01  4.58652769e-01  3.22877349e-09  4.58652769e-01  4.58652769e-01  3.19350555e-09  3.02309758e-09  1.59690066e-07  4.07546423e-08  1.06000000e+00 
 1.07000000e+00  4.58652761e-01  4.58652761e-01  3.22877354e-09  4.58652761e-01  4.58652761e-01  3.19350555e-09  3.02309752e-09  1.59690066e-07  4.07544718e-08  1.07000000e+00 
 1.08000000e+00  4.58652762e-01  4.58652762e-01  3.22877347e-09  4.58652762e-01  4.58652762e-01  3.19350555e-09  3.02309752e-09  1.59690068e-07  4.07545002e-08  1.08000000e+00 
 1.09000000e+00  4.58652743e-01  4.58652743e-01  3.22877349e-09  4.58652743e-01  4.58652743e-01  3.19350561e-09  3.02309757e-09  1.59690052e-07  4.07544363e-08  1.09000000e+00 
 1.10000000e+00  4.58652747e-01  4.58652747e-01  3.22877348e-09  4.58652747e-01  4.58652747e-01  3.19350555e-09  3.02309757e-09  1.59690045e-07  4.07543084e-08  1.10000000e+00 
 1.11000000e+00  4.58652748e-01  4.58652748e-01  3.22877348e-09  4.58652748e-01  4.58652748e-01  3.19350555e-09  3.02309752e-09  1.59690048e-07  4.07541378e-08  1.11000000e+00 
 1.12000000e+00  4.58652746e-01  4.58652746e-01  3.22877348e-09  4.58652746e-01  4.58652746e-01  3.19350555e-09  3.02309752e-09  1.59690057e-07  4.07540668e-08  1.12000000e+00 
 1.13000000e+00  4.58652747e-01  4.58652747e-01  3.22877348e-09  4.58652747e-01  4.58652747e-01  3.19350555e-09  3.02309752e-09  1.59690052e-07  4.07541378e-08  1.13000000e+00 
 1.14000000e+00  4.58652751e-01  4.58652751e-01  3.22877348e-09  4.58652751e-01  4.58652751e-01  3.19350555e-09  3.02309752e-09  1.59690049e-07  4.07540455e-08  1.14000000e+00 
 1.15000000e+00  4.58652746e-01  4.58652746e-01  3.22877348e-09  4.58652746e-01  4.58652746e-01  3.19350555e-09  3.02309752e-09  1.59690038e-07  4.07540455e-08  1.15000000e+00 
 1.16000000e+00  4.58652752e-01  4.58652752e-01  3.22877348e-09  4.58652752e-01  4.58652751e-01  3.19350555e-09  3.02309757e-09  1.59690056e-07  4.07539602e-08  1.16000000e+00 
 1.17000000e+00  4.58652746e-01  4.58652746e-01  3.22877348e-09  4.58652746e-01  4.58652746e-01  3.19350555e-09  3.02309757e-09  1.59690052e-07  4.07538607e-08  1.17000000e+00 
 1.18000000e+00  4.58652757e-01  4.58652757e-01  3.22877348e-09  4.58652757e-01  4.58652757e-01  3.19350555e-09  3.02309757e-09  1.59690073e-07  4.07539318e-08  1.18000000e+00 
 1.19000000e+00  4.58652741e-01  4.58652741e-01  3.22877348e-09  4.58652741e-01  4.58652741e-01  3.19350561e-09  3.02309752e-09  1.59690043e-07  4.07537186e-08  1.19000000e+00 
 1.20000000e+00  4.58652753e-01  4.58652753e-01  3.22877348e-09  4.58652753e-01  4.58652753e-01  3.19350561e-09  3.02309757e-09  1.59690056e-07  4.07537044e-08  1.20000000e+00 
 1.21000000e+00  4.58652726e-01  4.58652726e-01  3.22877354e-09  4.58652726e-01  4.58652726e-01  3.19350561e-09  3.02309752e-09  1.59690024e-07  4.07535765e-08  1.21000000e+00 
 1.22000000e+00  4.58652750e-01  4.58652750e-01  3.22877347e-09  4.58652750e-01  4.58652750e-01  3.19350555e-09  3.02309752e-09  1.59690035e-07  4.07535197e-08  1.22000000e+00 
 1.23000000e+00  4.58652730e-01  4.58652730e-01  3.22877348e-09  4.58652730e-01  4.58652730e-01  3.19350555e-09  3.02309752e-09  1.59690031e-07  4.07534770e-08  1.23000000e+00 
 1.24000000e+00  4.58652754e-01  4.58652754e-01  3.22877348e-09  4.58652754e-01  4.58652754e-01  3.19350555e-09  3.02309757e-09  1.59690065e-07  4.07533634e-08  1.24000000e+00 
 1.25000000e+00  4.58652753e-01  4.58652753e-01  3.22877348e-09  4.58652753e-01  4.58652753e-01  3.19350555e-09  3.02309752e-09  1.59690047e-07  4.07533491e-08  1.25000000e+00 
 1.26000000e+00  4.58652743e-01  4.58652743e-01  3.22877348e-09  4.58652743e-01  4.58652743e-01  3.19350555e-09  3.02309757e-09  1.59690053e-07  4.07532212e-08  1.26000000e+00 
 1.27000000e+00  4.58652740e-01  4.58652740e-01  3.22877348e-09  4.58652740e-01  4.58652740e-01  3.19350555e-09  3.02309752e-09  1.59690054e-07  4.07531360e-08  1.27000000e+00 
 1.28000000e+00  4.58652738e-01  4.58652739e-01  3.22877348e-09  4.58652739e-01  4.58652738e-01  3.19350555e-09  3.02309752e-09  1.59690032e-07  4.07529797e-08  1.28000000e+00 
 1.29000000e+00  4.58652755e-01  4.58652755e-01  3.22877348e-09  4.58652755e-01  4.58652755e-01  3.19350555e-09  3.02309752e-09  1.59690051e-07  4.07530365e-08  1.29000000e+00 
 1.30000000e+00  4.58652755e-01  4.58652755e-01  3.22877348e-09  4.58652755e-01  4.58652755e-01  3.19350555e-09  3.02309752e-09  1.59690053e-07  4.07530365e-08  1.30000000e+00 
 1.31000000e+00  4.58652760e-01  4.58652760e-01  3.22877348e-09  4.58652760e-01  4.58652760e-01  3.19350555e-09  3.02309757e-09  1.59690071e-07  4.07528660e-08  1.31000000e+00 
 1.32000000e+00  4.58652720e-01  4.58652720e-01  3.22877348e-09  4.58652720e-01  4.58652720e-01  3.19350555e-09  3.02309752e-09  1.59690013e-07  4.07527239e-08  1.32000000e+00 
 1.33000000e+00  4.58652752e-01  4.58652752e-01  3.22877348e-09  4.58652752e-01  4.58652752e-01  3.19350555e-09  3.02309757e-09  1.59690048e-07  4.07527097e-08  1.33000000e+00 
 1.34000000e+00  4.58652756e-01  4.58652756e-01  3.22877348e-09  4.58652756e-01  4.58652756e-01  3.19350555e-09  3.02309757e-09  1.59690069e-07  4.07526670e-08  1.34000000e+00 
 1.35000000e+00  4.58652747e-01  4.58652747e-01  3.22877348e-09  4.58652747e-01  4.58652747e-01  3.19350555e-09  3.02309752e-09  1.59690050e-07  4.07524681e-08  1.35000000e+00 
 1.36000000e+00  4.58652758e-01  4.58652758e-01  3.22877348e-09  4.58652758e-01  4.58652758e-01  3.19350555e-09  3.02309752e-09  1.59690058e-07  4.07525960e-08  1.36000000e+00 
 1.37000000e+00  4.58652779e-01  4.58652779e-01  3.22877348e-09  4.58652779e-01  4.58652779e-01  3.19350555e-09  3.02309752e-09  1.59690106e-07  4.07523260e-08  1.37000000e+00 
 1.38000000e+00  4.58652766e-01  4.58652766e-01  3.22877348e-09  4.58652766e-01  4.58652766e-01  3.19350555e-09  3.02309758e-09  1.59690060e-07  4.07523544e-08  1.38000000e+00 
 1.39000000e+00  4.58652752e-01  4.58652752e-01  3.22877348e-09  4.58652752e-01  4.58652752e-01  3.19350555e-09  3.02309752e-09  1.59690070e-07  4.07522975e-08  1.39000000e+00 
 1.40000000e+00  4.58652730e-01  4.58652730e-01  3.22877348e-09  4.58652730e-01  4.58652729e-01  3.19350555e-09  3.02309752e-09  1.59690025e-07  4.07521696e-08  1.40000000e+00 
 1.41000000e+00  4.58652742e-01  4.58652742e-01  3.22877348e-09  4.58652743e-01  4.58652742e-01  3.19350555e-09  3.02309757e-09  1.59690022e-07  4.07520702e-08  1.41000000e+00 
 1.42000000e+00  4.58652753e-01  4.58652753e-01  3.22877348e-09  4.58652754e-01  4.58652753e-01  3.19350555e-09  3.02309757e-09  1.59690059e-07  4.07520986e-08  1.42000000e+00 
 1.43000000e+00  4.58652775e-01  4.58652775e-01  3.22877348e-09  4.58652775e-01  4.58652775e-01  3.19350555e-09  3.02309752e-09  1.59690089e-07  4.07518144e-08  1.43000000e+00 
 1.44000000e+00  4.58652762e-01  4.58652762e-01  3.22877348e-09  4.58652762e-01  4.58652762e-01  3.19350555e-09  3.02309752e-09  1.59690058e-07  4.07519423e-08  1.44000000e+00 
 1.45000000e+00  4.58652741e-01  4.58652741e-01  3.22877348e-09  4.58652742e-01  4.58652741e-01  3.19350561e-09  3.02309757e-09  1.59690049e-07  4.07516154e-08  1.45000000e+00 
 1.46000000e+00  4.58652763e-01  4.58652763e-01  3.22877348e-09  4.58652763e-01  4.58652763e-01  3.19350555e-09  3.02309752e-09  1.59690068e-07  4.07515870e-08  1.46000000e+00 
 1.47000000e+00  4.58652742e-01  4.58652742e-01  3.22877354e-09  4.58652742e-01  4.58652742e-01  3.19350555e-09  3.02309757e-09  1.59690037e-07  4.07514733e-08  1.47000000e+00 
 1.48000000e+00  4.58652772e-01  4.58652772e-01  3.22877347e-09  4.58652772e-01  4.58652772e-01  3.19350555e-09  3.02309752e-09  1.59690080e-07  4.07513454e-08  1.48000000e+00 
 1.49000000e+00  4.58652741e-01  4.58652741e-01  3.22877349e-09  4.58652741e-01  4.58652741e-01  3.19350555e-09  3.02309757e-09  1.59690046e-07  4.07511465e-08  1.49000000e+00 
 1.50000000e+00  4.58652745e-01  4.58652746e-01  3.22877348e-09  4.58652746e-01  4.58652745e-01  3.19350561e-09  3.02309752e-09  1.59690042e-07  4.07509901e-08  1.50000000e+00 
 1.51000000e+00  4.58652739e-01  4.58652739e-01  3.22877348e-09  4.58652739e-01  4.58652739e-01  3.19350555e-09  3.02309752e-09  1.59690036e-07  4.07507770e-08  1.51000000e+00 
 1.52000000e+00  4.58652728e-01  4.58652728e-01  3.22877348e-09  4.58652728e-01  4.58652728e-01  3.19350555e-09  3.02309757e-09  1.59690021e-07  4.07506775e-08  1.52000000e+00 
 1.53000000e+00  4.58652764e-01  4.58652764e-01  3.22877354e-09  4.58652764e-01  4.58652764e-01  3.19350555e-09  3.02309752e-09  1.59690058e-07  4.07503933e-08  1.53000000e+00 
 1.54000000e+00  4.58652736e-01  4.58652736e-01  3.22877347e-09  4.58652736e-01  4.58652736e-01  3.19350555e-09  3.02309757e-09  1.59690017e-07  4.07500238e-08  1.54000000e+00 
 1.55000000e+00  4.58652770e-01  4.58652770e-01  3.22877349e-09  4.58652770e-01  4.58652770e-01  3.19350555e-09  3.02309758e-09  1.59690085e-07  4.07496543e-08  1.55000000e+00 
 1.56000000e+00  4.58652733e-01  4.58652733e-01  3.22877348e-09  4.58652733e-01  4.58652733e-01  3.19350555e-09  3.02309752e-09  1.59690020e-07  4.07492422e-08  1.56000000e+00 
 1.57000000e+00  4.58652747e-01  4.58652747e-01  3.22877348e-09  4.58652747e-01  4.58652747e-01  3.19350555e-09  3.02309752e-09  1.59690023e-07  4.07485743e-08  1.57000000e+00 
 1.58000000e+00  4.58652730e-01  4.58652730e-01  3.22877348e-09  4.58652731e-01  4.58652730e-01  3.19350555e-09  3.02309757e-09  1.59690027e-07  4.07479064e-08  1.58000000e+00 
 1.59000000e+00  4.58652758e-01  4.58652758e-01  3.22877354e-09  4.58652758e-01  4.58652758e-01  3.19350555e-09  3.02309752e-09  1.59690059e-07  4.07466985e-08  1.59000000e+00 
 1.60000000e+00  4.58652750e-01  4.58652750e-01  3.22877347e-09  4.58652750e-01  4.58652750e-01  3.19350555e-09  3.02309752e-09  1.59690039e-07  4.07447942e-08  1.60000000e+00 
 1.61000000e+00  4.58652753e-01  4.58652753e-01  3.22877349e-09  4.58652753e-01  4.58652753e-01  3.19350555e-09  3.02309757e-09  1.59690064e-07  4.07421226e-08  1.61000000e+00 
 1.62000000e+00  4.58652744e-01  4.58652744e-01  3.22877348e-09  4.58652744e-01  4.58652744e-01  3.19350555e-09  3.02309752e-09  1.59690026e-07  4.07375325e-08  1.62000000e+00 
 1.63000000e+00  4.58652733e-01  4.58652733e-01  3.22877348e-09  4.58652733e-01  4.58652733e-01  3.19350555e-09  3.02309752e-09  1.59690031e-07  4.07295886e-08  1.63000000e+00 
 1.64000000e+00  4.58652755e-01  4.58652755e-01  3.22877348e-09  4.58652755e-01  4.58652755e-01  3.19350561e-09  3.02309752e-09  1.59690062e-07  4.07152640e-08  1.64000000e+00 
 1.65000000e+00  4.58652757e-01  4.58652757e-01  3.22877348e-09  4.58652757e-01  4.58652757e-01  3.19350561e-09  3.02309757e-09  1.59690069e-07  4.06882776e-08  1.65000000e+00 
 1.66000000e+00  4.58652733e-01  4.58652733e-01  3.22877348e-09  4.58652733e-01  4.58652733e-01  3.19350555e-09  3.02309757e-09  1.59690025e-07  4.06366070e-08  1.66000000e+00 
 1.67000000e+00  4.58652769e-01  4.58652770e-01  3.22877348e-09  4.58652770e-01  4.58652769e-01  3.19350555e-09  3.02309752e-09  1.59690077e-07  4.05024849e-08  1.67000000e+00 
 1.68000000e+00  4.58652773e-01  4.58652773e-01  3.22877348e-09  4.58652773e-01  4.58652773e-01  3.19350555e-09  3.02309752e-09  1.59690080e-07  3.94596640e-08  1.68000000e+00 
 1.69000000e+00  4.58652762e-01  4.58652762e-01  3.22877348e-09  4.58652762e-01  4.58652762e-01  3.19350555e-09  3.02309757e-09  1.59690076e-07  3.73683946e-08  1.69000000e+00 
 1.70000000e+00  4.58652754e-01  4.58652754e-01  3.22877348e-09  4.58652754e-01  4.58652754e-01  3.19350555e-09  3.02309757e-09  1.59690064e-07  2.93310904e-08  1.70000000e+00 
 1.71000000e+00  4.58652758e-01  4.58652758e-01  3.22877348e-09  4.58652758e-01  4.58652758e-01  3.19350555e-09  3.02309752e-09  1.59690062e-07  2.27313706e-08  1.71000000e+00 
 1.72000000e+00  4.58652740e-01  4.58652740e-01  3.22877348e-09  4.58652740e-01  4.58652740e-01  3.19350555e-09  3.02309752e-09  1.59690039e-07  1.73353669e-08  1.72000000e+00 
 1.73000000e+00  4.58652733e-01  4.58652733e-01  3.22877348e-09  4.58652733e-01  4.58652733e-01  3.19350555e-09  3.02309757e-09  1.59690026e-07  1.29291493e-08  1.73000000e+00 
 1.74000000e+00  4.58652742e-01  4.58652742e-01  3.22877348e-09  4.58652742e-01  4.58652742e-01  3.19350555e-09  3.02309752e-09  1.59690039e-07  9.32736555e-09  1.74000000e+00 
 1.75000000e+00  4.58652726e-01  4.58652726e-01  3.22877348e-09  4.58652726e-01  4.58652726e-01  3.19350555e-09  3.02309752e-09  1.59690000e-07  6.36904929e-09  1.75000000e+00 
 1.76000000e+00  4.58652752e-01  4.58652753e-01  3.22877348e-09  4.58652753e-01  4.58652752e-01  3.19350555e-09  3.02309752e-09  1.59690060e-07  3.91644051e-09  1.76000000e+00 
 1.77000000e+00  4.58652764e-01  4.58652764e-01  3.22877348e-09  4.58652764e-01  4.58652764e-01  3.19350555e-09  3.02309752e-09  1.59690070e-07  1.86123827e-09  1.77000000e+00 
 1.78000000e+00  4.58652733e-01  4.58652733e-01  3.22877348e-09  4.58652733e-01  4.58652733e-01  3.19350555e-09  3.02309757e-09  1.59690025e-07  1.37859502e-10  1.78000000e+00 
 1.79000000e+00  4.58652748e-01  4.58652748e-01  3.22877348e-09  4.58652748e-01  4.58652748e-01  3.19350555e-09  3.02309752e-09  1.59690058e-07 -1.27317890e-09  1.79000000e+00 
 1.80000000e+00  4.58652767e-01  4.58652767e-01  3.22877348e-09  4.58652767e-01  4.58652767e-01  3.19350555e-09  3.02309758e-09  1.59690073e-07 -2.36879316e-09  1.80000000e+00 
