 v-sweep         v(b0)           v(b1)           v(b2)           v(b3)           v(b4)           v(b5)           v(b6)           i(vbias)        i(viout)        v(vout)        
 0.00000000e+00  3.28034539e-09  3.53243892e-09  3.40145544e-09  3.24594504e-09  4.56985910e-01  3.45893008e-09  4.56985910e-01  1.55583314e-07  1.18451091e-07  0.00000000e+00 
 1.00000000e-02  3.28034537e-09  3.53243890e-09  3.40145542e-09  3.24594502e-09  4.56985913e-01  3.45893006e-09  4.56985913e-01  1.55583325e-07  1.18450554e-07  1.00000000e-02 
 2.00000000e-02  3.28034537e-09  3.53243891e-09  3.40145542e-09  3.24594502e-09  4.56985908e-01  3.45893006e-09  4.56985908e-01  1.55583314e-07  1.18450255e-07  2.00000000e-02 
 3.00000000e-02  3.28034537e-09  3.53243895e-09  3.40145547e-09  3.24594508e-09  4.56985898e-01  3.45893011e-09  4.56985898e-01  1.55583301e-07  1.18449901e-07  3.00000000e-02 
 4.00000000e-02  3.28034537e-09  3.53243890e-09  3.40145542e-09  3.24594508e-09  4.56985891e-01  3.45893006e-09  4.56985891e-01  1.55583278e-07  1.18449435e-07  4.00000000e-02 
 5.00000000e-02  3.28034542e-09  3.53243891e-09  3.40145547e-09  3.24594502e-09  4.56985884e-01  3.45893006e-09  4.56985884e-01  1.55583282e-07  1.18449121e-07  5.00000000e-02 
 6.00000000e-02  3.28034537e-09  3.53243889e-09  3.40145547e-09  3.24594502e-09  4.56985912e-01  3.45893006e-09  4.56985912e-01  1.55583322e-07  1.18448858e-07  6.00000000e-02 
 7.00000000e-02  3.28034537e-09  3.53243891e-09  3.40145542e-09  3.24594503e-09  4.56985933e-01  3.45893011e-09  4.56985933e-01  1.55583350e-07  1.18448646e-07  7.00000000e-02 
 8.00000000e-02  3.28034542e-09  3.53243895e-09  3.40145547e-09  3.24594508e-09  4.56985920e-01  3.45893006e-09  4.56985920e-01  1.55583337e-07  1.18448191e-07  8.00000000e-02 
 9.00000000e-02  3.28034542e-09  3.53243895e-09  3.40145547e-09  3.24594502e-09  4.56985905e-01  3.45893011e-09  4.56985905e-01  1.55583318e-07  1.18447959e-07  9.00000000e-02 
 1.00000000e-01  3.28034537e-09  3.53243890e-09  3.40145542e-09  3.24594508e-09  4.56985909e-01  3.45893006e-09  4.56985909e-01  1.55583329e-07  1.18447646e-07  1.00000000e-01 
 1.10000000e-01  3.28034542e-09  3.53243891e-09  3.40145547e-09  3.24594502e-09  4.56985904e-01  3.45893011e-09  4.56985904e-01  1.55583302e-07  1.18447294e-07  1.10000000e-01 
 1.20000000e-01  3.28034537e-09  3.53243889e-09  3.40145542e-09  3.24594502e-09  4.56985910e-01  3.45893006e-09  4.56985910e-01  1.55583334e-07  1.18447110e-07  1.20000000e-01 
 1.30000000e-01  3.28034542e-09  3.53243891e-09  3.40145547e-09  3.24594502e-09  4.56985881e-01  3.45893006e-09  4.56985880e-01  1.55583267e-07  1.18446830e-07  1.30000000e-01 
 1.40000000e-01  3.28034537e-09  3.53243895e-09  3.40145542e-09  3.24594508e-09  4.56985932e-01  3.45893006e-09  4.56985932e-01  1.55583349e-07  1.18446637e-07  1.40000000e-01 
 1.50000000e-01  3.28034537e-09  3.53243895e-09  3.40145542e-09  3.24594502e-09  4.56985898e-01  3.45893006e-09  4.56985898e-01  1.55583307e-07  1.18446312e-07  1.50000000e-01 
 1.60000000e-01  3.28034542e-09  3.53243895e-09  3.40145542e-09  3.24594502e-09  4.56985900e-01  3.45893006e-09  4.56985900e-01  1.55583317e-07  1.18446186e-07  1.60000000e-01 
 1.70000000e-01  3.28034537e-09  3.53243896e-09  3.40145547e-09  3.24594508e-09  4.56985914e-01  3.45893011e-09  4.56985914e-01  1.55583322e-07  1.18446032e-07  1.70000000e-01 
 1.80000000e-01  3.28034542e-09  3.53243890e-09  3.40145547e-09  3.24594508e-09  4.56985889e-01  3.45893006e-09  4.56985889e-01  1.55583279e-07  1.18445660e-07  1.80000000e-01 
 1.90000000e-01  3.28034542e-09  3.53243897e-09  3.40145542e-09  3.24594502e-09  4.56985903e-01  3.45893006e-09  4.56985903e-01  1.55583315e-07  1.18445534e-07  1.90000000e-01 
 2.00000000e-01  3.28034537e-09  3.53243895e-09  3.40145542e-09  3.24594502e-09  4.56985920e-01  3.45893006e-09  4.56985920e-01  1.55583327e-07  1.18445465e-07  2.00000000e-01 
 2.10000000e-01  3.28034537e-09  3.53243890e-09  3.40145547e-09  3.24594502e-09  4.56985911e-01  3.45893006e-09  4.56985910e-01  1.55583318e-07  1.18445298e-07  2.10000000e-01 
 2.20000000e-01  3.28034537e-09  3.53243891e-09  3.40145542e-09  3.24594502e-09  4.56985887e-01  3.45893011e-09  4.56985887e-01  1.55583293e-07  1.18444987e-07  2.20000000e-01 
 2.30000000e-01  3.28034537e-09  3.53243895e-09  3.40145547e-09  3.24594508e-09  4.56985904e-01  3.45893006e-09  4.56985903e-01  1.55583327e-07  1.18444909e-07  2.30000000e-01 
 2.40000000e-01  3.28034537e-09  3.53243890e-09  3.40145547e-09  3.24594502e-09  4.56985885e-01  3.45893011e-09  4.56985885e-01  1.55583285e-07  1.18444710e-07  2.40000000e-01 
 2.50000000e-01  3.28034537e-09  3.53243891e-09  3.40145547e-09  3.24594502e-09  4.56985871e-01  3.45893006e-09  4.56985871e-01  1.55583269e-07  1.18444468e-07  2.50000000e-01 
 2.60000000e-01  3.28034537e-09  3.53243889e-09  3.40145542e-09  3.24594508e-09  4.56985917e-01  3.45893006e-09  4.56985917e-01  1.55583329e-07  1.18444484e-07  2.60000000e-01 
 2.70000000e-01  3.28034542e-09  3.53243897e-09  3.40145547e-09  3.24594502e-09  4.56985911e-01  3.45893011e-09  4.56985911e-01  1.55583322e-07  1.18444300e-07  2.70000000e-01 
 2.80000000e-01  3.28034542e-09  3.53243895e-09  3.40145542e-09  3.24594508e-09  4.56985893e-01  3.45893011e-09  4.56985893e-01  1.55583303e-07  1.18444163e-07  2.80000000e-01 
 2.90000000e-01  3.28034542e-09  3.53243895e-09  3.40145547e-09  3.24594502e-09  4.56985886e-01  3.45893006e-09  4.56985886e-01  1.55583283e-07  1.18444074e-07  2.90000000e-01 
 3.00000000e-01  3.28034542e-09  3.53243895e-09  3.40145542e-09  3.24594502e-09  4.56985892e-01  3.45893006e-09  4.56985892e-01  1.55583286e-07  1.18443818e-07  3.00000000e-01 
 3.10000000e-01  3.28034542e-09  3.53243895e-09  3.40145547e-09  3.24594502e-09  4.56985906e-01  3.45893006e-09  4.56985906e-01  1.55583320e-07  1.18443836e-07  3.10000000e-01 
 3.20000000e-01  3.28034537e-09  3.53243895e-09  3.40145547e-09  3.24594502e-09  4.56985913e-01  3.45893006e-09  4.56985913e-01  1.55583316e-07  1.18443680e-07  3.20000000e-01 
 3.30000000e-01  3.28034542e-09  3.53243890e-09  3.40145542e-09  3.24594508e-09  4.56985881e-01  3.45893011e-09  4.56985881e-01  1.55583267e-07  1.18443431e-07  3.30000000e-01 
 3.40000000e-01  3.28034537e-09  3.53243897e-09  3.40145542e-09  3.24594508e-09  4.56985910e-01  3.45893006e-09  4.56985910e-01  1.55583325e-07  1.18443410e-07  3.40000000e-01 
 3.50000000e-01  3.28034537e-09  3.53243889e-09  3.40145542e-09  3.24594502e-09  4.56985909e-01  3.45893006e-09  4.56985909e-01  1.55583316e-07  1.18443246e-07  3.50000000e-01 
 3.60000000e-01  3.28034542e-09  3.53243891e-09  3.40145542e-09  3.24594502e-09  4.56985906e-01  3.45893011e-09  4.56985906e-01  1.55583323e-07  1.18443211e-07  3.60000000e-01 
 3.70000000e-01  3.28034537e-09  3.53243895e-09  3.40145542e-09  3.24594508e-09  4.56985901e-01  3.45893006e-09  4.56985901e-01  1.55583304e-07  1.18442994e-07  3.70000000e-01 
 3.80000000e-01  3.28034537e-09  3.53243890e-09  3.40145542e-09  3.24594508e-09  4.56985908e-01  3.45893006e-09  4.56985908e-01  1.55583329e-07  1.18443001e-07  3.80000000e-01 
 3.90000000e-01  3.28034537e-09  3.53243891e-09  3.40145542e-09  3.24594502e-09  4.56985906e-01  3.45893006e-09  4.56985906e-01  1.55583297e-07  1.18442848e-07  3.90000000e-01 
 4.00000000e-01  3.28034537e-09  3.53243895e-09  3.40145542e-09  3.24594502e-09  4.56985892e-01  3.45893006e-09  4.56985892e-01  1.55583300e-07  1.18442767e-07  4.00000000e-01 
 4.10000000e-01  3.28034537e-09  3.53243895e-09  3.40145542e-09  3.24594508e-09  4.56985894e-01  3.45893011e-09  4.56985894e-01  1.55583297e-07  1.18442703e-07  4.10000000e-01 
 4.20000000e-01  3.28034542e-09  3.53243895e-09  3.40145542e-09  3.24594502e-09  4.56985903e-01  3.45893006e-09  4.56985903e-01  1.55583326e-07  1.18442667e-07  4.20000000e-01 
 4.30000000e-01  3.28034537e-09  3.53243895e-09  3.40145547e-09  3.24594508e-09  4.56985892e-01  3.45893006e-09  4.56985892e-01  1.55583285e-07  1.18442454e-07  4.30000000e-01 
 4.40000000e-01  3.28034542e-09  3.53243895e-09  3.40145542e-09  3.24594502e-09  4.56985869e-01  3.45893011e-09  4.56985869e-01  1.55583256e-07  1.18442383e-07  4.40000000e-01 
 4.50000000e-01  3.28034537e-09  3.53243895e-09  3.40145547e-09  3.24594508e-09  4.56985897e-01  3.45893011e-09  4.56985897e-01  1.55583311e-07  1.18442330e-07  4.50000000e-01 
 4.60000000e-01  3.28034542e-09  3.53243895e-09  3.40145547e-09  3.24594502e-09  4.56985902e-01  3.45893011e-09  4.56985902e-01  1.55583294e-07  1.18442212e-07  4.60000000e-01 
 4.70000000e-01  3.28034537e-09  3.53243895e-09  3.40145547e-09  3.24594502e-09  4.56985899e-01  3.45893006e-09  4.56985899e-01  1.55583308e-07  1.18442212e-07  4.70000000e-01 
 4.80000000e-01  3.28034537e-09  3.53243890e-09  3.40145542e-09  3.24594502e-09  4.56985923e-01  3.45893006e-09  4.56985923e-01  1.55583340e-07  1.18442088e-07  4.80000000e-01 
 4.90000000e-01  3.28034542e-09  3.53243891e-09  3.40145547e-09  3.24594502e-09  4.56985909e-01  3.45893011e-09  4.56985909e-01  1.55583313e-07  1.18441903e-07  4.90000000e-01 
 5.00000000e-01  3.28034537e-09  3.53243895e-09  3.40145542e-09  3.24594508e-09  4.56985882e-01  3.45893006e-09  4.56985882e-01  1.55583275e-07  1.18441832e-07  5.00000000e-01 
 5.10000000e-01  3.28034537e-09  3.53243890e-09  3.40145542e-09  3.24594502e-09  4.56985885e-01  3.45893011e-09  4.56985885e-01  1.55583287e-07  1.18441722e-07  5.10000000e-01 
 5.20000000e-01  3.28034542e-09  3.53243891e-09  3.40145542e-09  3.24594502e-09  4.56985900e-01  3.45893006e-09  4.56985900e-01  1.55583312e-07  1.18441580e-07  5.20000000e-01 
 5.30000000e-01  3.28034537e-09  3.53243889e-09  3.40145547e-09  3.24594502e-09  4.56985910e-01  3.45893006e-09  4.56985910e-01  1.55583318e-07  1.18441591e-07  5.30000000e-01 
 5.40000000e-01  3.28034542e-09  3.53243891e-09  3.40145542e-09  3.24594508e-09  4.56985901e-01  3.45893011e-09  4.56985901e-01  1.55583291e-07  1.18441431e-07  5.40000000e-01 
 5.50000000e-01  3.28034537e-09  3.53243889e-09  3.40145547e-09  3.24594508e-09  4.56985896e-01  3.45893006e-09  4.56985896e-01  1.55583300e-07  1.18441402e-07  5.50000000e-01 
 5.60000000e-01  3.28034537e-09  3.53243897e-09  3.40145547e-09  3.24594502e-09  4.56985909e-01  3.45893006e-09  4.56985909e-01  1.55583313e-07  1.18441367e-07  5.60000000e-01 
 5.70000000e-01  3.28034537e-09  3.53243895e-09  3.40145542e-09  3.24594502e-09  4.56985903e-01  3.45893011e-09  4.56985903e-01  1.55583312e-07  1.18441296e-07  5.70000000e-01 
 5.80000000e-01  3.28034542e-09  3.53243895e-09  3.40145542e-09  3.24594502e-09  4.56985887e-01  3.45893011e-09  4.56985887e-01  1.55583290e-07  1.18441207e-07  5.80000000e-01 
 5.90000000e-01  3.28034537e-09  3.53243890e-09  3.40145547e-09  3.24594502e-09  4.56985879e-01  3.45893011e-09  4.56985879e-01  1.55583288e-07  1.18441093e-07  5.90000000e-01 
 6.00000000e-01  3.28034537e-09  3.53243891e-09  3.40145542e-09  3.24594502e-09  4.56985894e-01  3.45893011e-09  4.56985894e-01  1.55583300e-07  1.18440958e-07  6.00000000e-01 
 6.10000000e-01  3.28034543e-09  3.53243889e-09  3.40145547e-09  3.24594508e-09  4.56985925e-01  3.45893011e-09  4.56985925e-01  1.55583340e-07  1.18440965e-07  6.10000000e-01 
 6.20000000e-01  3.28034537e-09  3.53243891e-09  3.40145542e-09  3.24594502e-09  4.56985903e-01  3.45893011e-09  4.56985903e-01  1.55583308e-07  1.18440767e-07  6.20000000e-01 
 6.30000000e-01  3.28034537e-09  3.53243895e-09  3.40145547e-09  3.24594502e-09  4.56985896e-01  3.45893006e-09  4.56985896e-01  1.55583300e-07  1.18440752e-07  6.30000000e-01 
 6.40000000e-01  3.28034537e-09  3.53243895e-09  3.40145547e-09  3.24594502e-09  4.56985898e-01  3.45893011e-09  4.56985897e-01  1.55583302e-07  1.18440788e-07  6.40000000e-01 
 6.50000000e-01  3.28034542e-09  3.53243895e-09  3.40145542e-09  3.24594502e-09  4.56985913e-01  3.45893006e-09  4.56985913e-01  1.55583325e-07  1.18440653e-07  6.50000000e-01 
 6.60000000e-01  3.28034542e-09  3.53243895e-09  3.40145547e-09  3.24594502e-09  4.56985896e-01  3.45893006e-09  4.56985896e-01  1.55583297e-07  1.18440454e-07  6.60000000e-01 
 6.70000000e-01  3.28034537e-09  3.53243890e-09  3.40145542e-09  3.24594502e-09  4.56985892e-01  3.45893011e-09  4.56985891e-01  1.55583292e-07  1.18440425e-07  6.70000000e-01 
 6.80000000e-01  3.28034542e-09  3.53243891e-09  3.40145547e-09  3.24594508e-09  4.56985887e-01  3.45893011e-09  4.56985887e-01  1.55583296e-07  1.18440191e-07  6.80000000e-01 
 6.90000000e-01  3.28034542e-09  3.53243895e-09  3.40145542e-09  3.24594502e-09  4.56985894e-01  3.45893011e-09  4.56985894e-01  1.55583274e-07  1.18440255e-07  6.90000000e-01 
 7.00000000e-01  3.28034542e-09  3.53243890e-09  3.40145542e-09  3.24594502e-09  4.56985882e-01  3.45893011e-09  4.56985882e-01  1.55583270e-07  1.18440092e-07  7.00000000e-01 
 7.10000000e-01  3.28034537e-09  3.53243891e-09  3.40145542e-09  3.24594502e-09  4.56985904e-01  3.45893011e-09  4.56985904e-01  1.55583326e-07  1.18440127e-07  7.10000000e-01 
 7.20000000e-01  3.28034537e-09  3.53243895e-09  3.40145547e-09  3.24594502e-09  4.56985898e-01  3.45893006e-09  4.56985898e-01  1.55583286e-07  1.18440092e-07  7.20000000e-01 
 7.30000000e-01  3.28034542e-09  3.53243890e-09  3.40145542e-09  3.24594508e-09  4.56985915e-01  3.45893011e-09  4.56985915e-01  1.55583325e-07  1.18439893e-07  7.30000000e-01 
 7.40000000e-01  3.28034543e-09  3.53243897e-09  3.40145542e-09  3.24594503e-09  4.56985932e-01  3.45893006e-09  4.56985932e-01  1.55583351e-07  1.18439999e-07  7.40000000e-01 
 7.50000000e-01  3.28034537e-09  3.53243895e-09  3.40145542e-09  3.24594502e-09  4.56985919e-01  3.45893006e-09  4.56985918e-01  1.55583342e-07  1.18439878e-07  7.50000000e-01 
 7.60000000e-01  3.28034537e-09  3.53243896e-09  3.40145547e-09  3.24594502e-09  4.56985917e-01  3.45893011e-09  4.56985917e-01  1.55583330e-07  1.18439750e-07  7.60000000e-01 
 7.70000000e-01  3.28034542e-09  3.53243895e-09  3.40145547e-09  3.24594502e-09  4.56985900e-01  3.45893006e-09  4.56985900e-01  1.55583316e-07  1.18439701e-07  7.70000000e-01 
 7.80000000e-01  3.28034542e-09  3.53243895e-09  3.40145547e-09  3.24594508e-09  4.56985900e-01  3.45893006e-09  4.56985900e-01  1.55583308e-07  1.18439516e-07  7.80000000e-01 
 7.90000000e-01  3.28034537e-09  3.53243896e-09  3.40145547e-09  3.24594508e-09  4.56985915e-01  3.45893011e-09  4.56985915e-01  1.55583328e-07  1.18439537e-07  7.90000000e-01 
 8.00000000e-01  3.28034537e-09  3.53243896e-09  3.40145542e-09  3.24594503e-09  4.56985925e-01  3.45893011e-09  4.56985925e-01  1.55583324e-07  1.18439416e-07  8.00000000e-01 
 8.10000000e-01  3.28034537e-09  3.53243895e-09  3.40145542e-09  3.24594502e-09  4.56985913e-01  3.45893011e-09  4.56985913e-01  1.55583320e-07  1.18439253e-07  8.10000000e-01 
 8.20000000e-01  3.28034542e-09  3.53243890e-09  3.40145542e-09  3.24594502e-09  4.56985912e-01  3.45893006e-09  4.56985912e-01  1.55583329e-07  1.18439111e-07  8.20000000e-01 
 8.30000000e-01  3.28034537e-09  3.53243891e-09  3.40145547e-09  3.24594502e-09  4.56985904e-01  3.45893006e-09  4.56985904e-01  1.55583301e-07  1.18439118e-07  8.30000000e-01 
 8.40000000e-01  3.28034542e-09  3.53243889e-09  3.40145542e-09  3.24594508e-09  4.56985890e-01  3.45893006e-09  4.56985890e-01  1.55583291e-07  1.18439019e-07  8.40000000e-01 
 8.50000000e-01  3.28034542e-09  3.53243897e-09  3.40145542e-09  3.24594502e-09  4.56985894e-01  3.45893011e-09  4.56985894e-01  1.55583307e-07  1.18438948e-07  8.50000000e-01 
 8.60000000e-01  3.28034542e-09  3.53243895e-09  3.40145542e-09  3.24594508e-09  4.56985895e-01  3.45893006e-09  4.56985895e-01  1.55583299e-07  1.18438749e-07  8.60000000e-01 
 8.70000000e-01  3.28034537e-09  3.53243890e-09  3.40145547e-09  3.24594508e-09  4.56985897e-01  3.45893006e-09  4.56985897e-01  1.55583303e-07  1.18438706e-07  8.70000000e-01 
 8.80000000e-01  3.28034537e-09  3.53243891e-09  3.40145547e-09  3.24594502e-09  4.56985903e-01  3.45893006e-09  4.56985903e-01  1.55583321e-07  1.18438642e-07  8.80000000e-01 
 8.90000000e-01  3.28034537e-09  3.53243889e-09  3.40145547e-09  3.24594502e-09  4.56985904e-01  3.45893011e-09  4.56985904e-01  1.55583317e-07  1.18438621e-07  8.90000000e-01 
 9.00000000e-01  3.28034542e-09  3.53243897e-09  3.40145542e-09  3.24594508e-09  4.56985908e-01  3.45893006e-09  4.56985908e-01  1.55583329e-07  1.18438422e-07  9.00000000e-01 
 9.10000000e-01  3.28034537e-09  3.53243895e-09  3.40145547e-09  3.24594502e-09  4.56985890e-01  3.45893006e-09  4.56985890e-01  1.55583293e-07  1.18438315e-07  9.10000000e-01 
 9.20000000e-01  3.28034542e-09  3.53243895e-09  3.40145547e-09  3.24594508e-09  4.56985909e-01  3.45893006e-09  4.56985909e-01  1.55583326e-07  1.18438415e-07  9.20000000e-01 
 9.30000000e-01  3.28034537e-09  3.53243890e-09  3.40145547e-09  3.24594508e-09  4.56985907e-01  3.45893011e-09  4.56985907e-01  1.55583306e-07  1.18438152e-07  9.30000000e-01 
 9.40000000e-01  3.28034537e-09  3.53243891e-09  3.40145547e-09  3.24594502e-09  4.56985917e-01  3.45893011e-09  4.56985917e-01  1.55583324e-07  1.18438244e-07  9.40000000e-01 
 9.50000000e-01  3.28034537e-09  3.53243889e-09  3.40145542e-09  3.24594502e-09  4.56985915e-01  3.45893006e-09  4.56985915e-01  1.55583326e-07  1.18438045e-07  9.50000000e-01 
 9.60000000e-01  3.28034542e-09  3.53243891e-09  3.40145547e-09  3.24594508e-09  4.56985873e-01  3.45893011e-09  4.56985873e-01  1.55583272e-07  1.18437839e-07  9.60000000e-01 
 9.70000000e-01  3.28034542e-09  3.53243889e-09  3.40145542e-09  3.24594502e-09  4.56985882e-01  3.45893011e-09  4.56985882e-01  1.55583293e-07  1.18437846e-07  9.70000000e-01 
 9.80000000e-01  3.28034537e-09  3.53243891e-09  3.40145547e-09  3.24594502e-09  4.56985890e-01  3.45893006e-09  4.56985890e-01  1.55583289e-07  1.18437697e-07  9.80000000e-01 
 9.90000000e-01  3.28034542e-09  3.53243889e-09  3.40145542e-09  3.24594502e-09  4.56985907e-01  3.45893006e-09  4.56985907e-01  1.55583316e-07  1.18437669e-07  9.90000000e-01 
 1.00000000e+00  3.28034537e-09  3.53243891e-09  3.40145547e-09  3.24594508e-09  4.56985912e-01  3.45893011e-09  4.56985912e-01  1.55583318e-07  1.18437626e-07  1.00000000e+00 
 1.01000000e+00  3.28034542e-09  3.53243889e-09  3.40145542e-09  3.24594502e-09  4.56985903e-01  3.45893006e-09  4.56985903e-01  1.55583323e-07  1.18437534e-07  1.01000000e+00 
 1.02000000e+00  3.28034537e-09  3.53243891e-09  3.40145547e-09  3.24594502e-09  4.56985897e-01  3.45893006e-09  4.56985897e-01  1.55583288e-07  1.18437427e-07  1.02000000e+00 
 1.03000000e+00  3.28034542e-09  3.53243895e-09  3.40145542e-09  3.24594502e-09  4.56985919e-01  3.45893006e-09  4.56985919e-01  1.55583333e-07  1.18437370e-07  1.03000000e+00 
 1.04000000e+00  3.28034542e-09  3.53243890e-09  3.40145542e-09  3.24594503e-09  4.56985925e-01  3.45893006e-09  4.56985925e-01  1.55583355e-07  1.18437377e-07  1.04000000e+00 
 1.05000000e+00  3.28034537e-09  3.53243891e-09  3.40145542e-09  3.24594503e-09  4.56985927e-01  3.45893006e-09  4.56985927e-01  1.55583338e-07  1.18437121e-07  1.05000000e+00 
 1.06000000e+00  3.28034537e-09  3.53243895e-09  3.40145542e-09  3.24594502e-09  4.56985903e-01  3.45893006e-09  4.56985902e-01  1.55583296e-07  1.18437065e-07  1.06000000e+00 
 1.07000000e+00  3.28034542e-09  3.53243895e-09  3.40145542e-09  3.24594502e-09  4.56985896e-01  3.45893011e-09  4.56985896e-01  1.55583300e-07  1.18436887e-07  1.07000000e+00 
 1.08000000e+00  3.28034537e-09  3.53243890e-09  3.40145547e-09  3.24594508e-09  4.56985903e-01  3.45893006e-09  4.56985903e-01  1.55583309e-07  1.18436802e-07  1.08000000e+00 
 1.09000000e+00  3.28034537e-09  3.53243897e-09  3.40145547e-09  3.24594508e-09  4.56985915e-01  3.45893011e-09  4.56985915e-01  1.55583332e-07  1.18436695e-07  1.09000000e+00 
 1.10000000e+00  3.28034537e-09  3.53243895e-09  3.40145542e-09  3.24594502e-09  4.56985910e-01  3.45893006e-09  4.56985910e-01  1.55583316e-07  1.18436546e-07  1.10000000e+00 
 1.11000000e+00  3.28034537e-09  3.53243890e-09  3.40145542e-09  3.24594508e-09  4.56985901e-01  3.45893011e-09  4.56985901e-01  1.55583306e-07  1.18436546e-07  1.11000000e+00 
 1.12000000e+00  3.28034537e-09  3.53243891e-09  3.40145547e-09  3.24594508e-09  4.56985884e-01  3.45893006e-09  4.56985884e-01  1.55583286e-07  1.18436219e-07  1.12000000e+00 
 1.13000000e+00  3.28034542e-09  3.53243895e-09  3.40145547e-09  3.24594502e-09  4.56985894e-01  3.45893006e-09  4.56985894e-01  1.55583310e-07  1.18436212e-07  1.13000000e+00 
 1.14000000e+00  3.28034537e-09  3.53243895e-09  3.40145547e-09  3.24594502e-09  4.56985894e-01  3.45893006e-09  4.56985894e-01  1.55583305e-07  1.18436233e-07  1.14000000e+00 
 1.15000000e+00  3.28034542e-09  3.53243895e-09  3.40145542e-09  3.24594508e-09  4.56985897e-01  3.45893006e-09  4.56985897e-01  1.55583291e-07  1.18435999e-07  1.15000000e+00 
 1.16000000e+00  3.28034537e-09  3.53243895e-09  3.40145542e-09  3.24594508e-09  4.56985912e-01  3.45893011e-09  4.56985912e-01  1.55583335e-07  1.18436006e-07  1.16000000e+00 
 1.17000000e+00  3.28034542e-09  3.53243895e-09  3.40145542e-09  3.24594508e-09  4.56985904e-01  3.45893006e-09  4.56985904e-01  1.55583301e-07  1.18435821e-07  1.17000000e+00 
 1.18000000e+00  3.28034542e-09  3.53243896e-09  3.40145542e-09  3.24594502e-09  4.56985917e-01  3.45893011e-09  4.56985917e-01  1.55583342e-07  1.18435665e-07  1.18000000e+00 
 1.19000000e+00  3.28034537e-09  3.53243890e-09  3.40145542e-09  3.24594503e-09  4.56985927e-01  3.45893006e-09  4.56985927e-01  1.55583323e-07  1.18435679e-07  1.19000000e+00 
 1.20000000e+00  3.28034537e-09  3.53243891e-09  3.40145542e-09  3.24594502e-09  4.56985890e-01  3.45893006e-09  4.56985890e-01  1.55583289e-07  1.18435466e-07  1.20000000e+00 
 1.21000000e+00  3.28034537e-09  3.53243889e-09  3.40145547e-09  3.24594502e-09  4.56985884e-01  3.45893006e-09  4.56985884e-01  1.55583283e-07  1.18435423e-07  1.21000000e+00 
 1.22000000e+00  3.28034537e-09  3.53243891e-09  3.40145547e-09  3.24594502e-09  4.56985888e-01  3.45893006e-09  4.56985888e-01  1.55583300e-07  1.18435267e-07  1.22000000e+00 
 1.23000000e+00  3.28034537e-09  3.53243889e-09  3.40145547e-09  3.24594508e-09  4.56985890e-01  3.45893011e-09  4.56985890e-01  1.55583289e-07  1.18435068e-07  1.23000000e+00 
 1.24000000e+00  3.28034537e-09  3.53243897e-09  3.40145547e-09  3.24594502e-09  4.56985890e-01  3.45893006e-09  4.56985890e-01  1.55583288e-07  1.18434997e-07  1.24000000e+00 
 1.25000000e+00  3.28034537e-09  3.53243895e-09  3.40145547e-09  3.24594502e-09  4.56985905e-01  3.45893006e-09  4.56985905e-01  1.55583310e-07  1.18434954e-07  1.25000000e+00 
 1.26000000e+00  3.28034537e-09  3.53243895e-09  3.40145542e-09  3.24594508e-09  4.56985904e-01  3.45893011e-09  4.56985904e-01  1.55583291e-07  1.18434841e-07  1.26000000e+00 
 1.27000000e+00  3.28034542e-09  3.53243890e-09  3.40145547e-09  3.24594508e-09  4.56985907e-01  3.45893006e-09  4.56985907e-01  1.55583321e-07  1.18434627e-07  1.27000000e+00 
 1.28000000e+00  3.28034542e-09  3.53243891e-09  3.40145542e-09  3.24594502e-09  4.56985895e-01  3.45893006e-09  4.56985895e-01  1.55583295e-07  1.18434400e-07  1.28000000e+00 
 1.29000000e+00  3.28034537e-09  3.53243895e-09  3.40145542e-09  3.24594502e-09  4.56985909e-01  3.45893006e-09  4.56985909e-01  1.55583317e-07  1.18434258e-07  1.29000000e+00 
 1.30000000e+00  3.28034537e-09  3.53243895e-09  3.40145542e-09  3.24594508e-09  4.56985904e-01  3.45893006e-09  4.56985904e-01  1.55583305e-07  1.18434244e-07  1.30000000e+00 
 1.31000000e+00  3.28034537e-09  3.53243890e-09  3.40145547e-09  3.24594502e-09  4.56985880e-01  3.45893006e-09  4.56985880e-01  1.55583268e-07  1.18434016e-07  1.31000000e+00 
 1.32000000e+00  3.28034537e-09  3.53243891e-09  3.40145542e-09  3.24594502e-09  4.56985893e-01  3.45893011e-09  4.56985893e-01  1.55583289e-07  1.18433888e-07  1.32000000e+00 
 1.33000000e+00  3.28034537e-09  3.53243889e-09  3.40145547e-09  3.24594502e-09  4.56985908e-01  3.45893006e-09  4.56985908e-01  1.55583314e-07  1.18433846e-07  1.33000000e+00 
 1.34000000e+00  3.28034537e-09  3.53243891e-09  3.40145547e-09  3.24594502e-09  4.56985901e-01  3.45893006e-09  4.56985901e-01  1.55583288e-07  1.18433448e-07  1.34000000e+00 
 1.35000000e+00  3.28034542e-09  3.53243895e-09  3.40145542e-09  3.24594508e-09  4.56985899e-01  3.45893011e-09  4.56985899e-01  1.55583291e-07  1.18433405e-07  1.35000000e+00 
 1.36000000e+00  3.28034537e-09  3.53243895e-09  3.40145542e-09  3.24594502e-09  4.56985900e-01  3.45893006e-09  4.56985900e-01  1.55583313e-07  1.18433164e-07  1.36000000e+00 
 1.37000000e+00  3.28034537e-09  3.53243890e-09  3.40145542e-09  3.24594502e-09  4.56985906e-01  3.45893006e-09  4.56985906e-01  1.55583312e-07  1.18432865e-07  1.37000000e+00 
 1.38000000e+00  3.28034537e-09  3.53243891e-09  3.40145542e-09  3.24594502e-09  4.56985905e-01  3.45893011e-09  4.56985905e-01  1.55583306e-07  1.18432837e-07  1.38000000e+00 
 1.39000000e+00  3.28034542e-09  3.53243895e-09  3.40145542e-09  3.24594502e-09  4.56985911e-01  3.45893006e-09  4.56985911e-01  1.55583325e-07  1.18432624e-07  1.39000000e+00 
 1.40000000e+00  3.28034542e-09  3.53243890e-09  3.40145547e-09  3.24594502e-09  4.56985913e-01  3.45893006e-09  4.56985913e-01  1.55583332e-07  1.18432339e-07  1.40000000e+00 
 1.41000000e+00  3.28034537e-09  3.53243891e-09  3.40145547e-09  3.24594502e-09  4.56985918e-01  3.45893011e-09  4.56985918e-01  1.55583340e-07  1.18432041e-07  1.41000000e+00 
 1.42000000e+00  3.28034537e-09  3.53243889e-09  3.40145547e-09  3.24594508e-09  4.56985899e-01  3.45893011e-09  4.56985899e-01  1.55583306e-07  1.18431714e-07  1.42000000e+00 
 1.43000000e+00  3.28034537e-09  3.53243897e-09  3.40145542e-09  3.24594508e-09  4.56985902e-01  3.45893011e-09  4.56985902e-01  1.55583312e-07  1.18431444e-07  1.43000000e+00 
 1.44000000e+00  3.28034537e-09  3.53243895e-09  3.40145542e-09  3.24594508e-09  4.56985915e-01  3.45893006e-09  4.56985915e-01  1.55583330e-07  1.18431203e-07  1.44000000e+00 
 1.45000000e+00  3.28034537e-09  3.53243890e-09  3.40145542e-09  3.24594502e-09  4.56985918e-01  3.45893006e-09  4.56985918e-01  1.55583331e-07  1.18430719e-07  1.45000000e+00 
 1.46000000e+00  3.28034537e-09  3.53243891e-09  3.40145547e-09  3.24594502e-09  4.56985899e-01  3.45893006e-09  4.56985899e-01  1.55583315e-07  1.18430108e-07  1.46000000e+00 
 1.47000000e+00  3.28034537e-09  3.53243889e-09  3.40145542e-09  3.24594502e-09  4.56985909e-01  3.45893011e-09  4.56985909e-01  1.55583307e-07  1.18429611e-07  1.47000000e+00 
 1.48000000e+00  3.28034537e-09  3.53243897e-09  3.40145547e-09  3.24594508e-09  4.56985917e-01  3.45893006e-09  4.56985917e-01  1.55583336e-07  1.18428915e-07  1.48000000e+00 
 1.49000000e+00  3.28034537e-09  3.53243895e-09  3.40145542e-09  3.24594502e-09  4.56985907e-01  3.45893006e-09  4.56985907e-01  1.55583310e-07  1.18428105e-07  1.49000000e+00 
 1.50000000e+00  3.28034542e-09  3.53243895e-09  3.40145542e-09  3.24594502e-09  4.56985907e-01  3.45893011e-09  4.56985907e-01  1.55583325e-07  1.18427010e-07  1.50000000e+00 
 1.51000000e+00  3.28034542e-09  3.53243895e-09  3.40145542e-09  3.24594502e-09  4.56985912e-01  3.45893006e-09  4.56985912e-01  1.55583306e-07  1.18425518e-07  1.51000000e+00 
 1.52000000e+00  3.28034542e-09  3.53243890e-09  3.40145542e-09  3.24594502e-09  4.56985894e-01  3.45893006e-09  4.56985894e-01  1.55583292e-07  1.18423657e-07  1.52000000e+00 
 1.53000000e+00  3.28034542e-09  3.53243891e-09  3.40145547e-09  3.24594502e-09  4.56985908e-01  3.45893006e-09  4.56985908e-01  1.55583318e-07  1.18420942e-07  1.53000000e+00 
 1.54000000e+00  3.28034537e-09  3.53243889e-09  3.40145547e-09  3.24594502e-09  4.56985900e-01  3.45893006e-09  4.56985900e-01  1.55583308e-07  1.18417034e-07  1.54000000e+00 
 1.55000000e+00  3.28034542e-09  3.53243891e-09  3.40145547e-09  3.24594502e-09  4.56985889e-01  3.45893006e-09  4.56985889e-01  1.55583294e-07  1.18410895e-07  1.55000000e+00 
 1.56000000e+00  3.28034537e-09  3.53243889e-09  3.40145542e-09  3.24594508e-09  4.56985898e-01  3.45893011e-09  4.56985898e-01  1.55583305e-07  1.18400735e-07  1.56000000e+00 
 1.57000000e+00  3.28034537e-09  3.53243891e-09  3.40145547e-09  3.24594502e-09  4.56985902e-01  3.45893006e-09  4.56985902e-01  1.55583308e-07  1.18383639e-07  1.57000000e+00 
 1.58000000e+00  3.28034537e-09  3.53243889e-09  3.40145547e-09  3.24594502e-09  4.56985922e-01  3.45893011e-09  4.56985922e-01  1.55583335e-07  1.18352261e-07  1.58000000e+00 
 1.59000000e+00  3.28034537e-09  3.53243897e-09  3.40145547e-09  3.24594502e-09  4.56985905e-01  3.45893011e-09  4.56985905e-01  1.55583313e-07  1.18291979e-07  1.59000000e+00 
 1.60000000e+00  3.28034537e-09  3.53243895e-09  3.40145542e-09  3.24594502e-09  4.56985907e-01  3.45893011e-09  4.56985907e-01  1.55583315e-07  1.18164522e-07  1.60000000e+00 
 1.61000000e+00  3.28034537e-09  3.53243890e-09  3.40145542e-09  3.24594502e-09  4.56985914e-01  3.45893006e-09  4.56985914e-01  1.55583318e-07  1.17842433e-07  1.61000000e+00 
 1.62000000e+00  3.28034537e-09  3.53243890e-09  3.40145542e-09  3.24594502e-09  4.56985899e-01  3.45893006e-09  4.56985899e-01  1.55583313e-07  1.17040273e-07  1.62000000e+00 
 1.63000000e+00  3.28034537e-09  3.53243895e-09  3.40145542e-09  3.24594508e-09  4.56985900e-01  3.45893011e-09  4.56985900e-01  1.55583318e-07  1.15442219e-07  1.63000000e+00 
 1.64000000e+00  3.28034542e-09  3.53243890e-09  3.40145542e-09  3.24594502e-09  4.56985895e-01  3.45893006e-09  4.56985895e-01  1.55583299e-07  9.81360841e-08  1.64000000e+00 
 1.65000000e+00  3.28034537e-09  3.53243895e-09  3.40145542e-09  3.24594508e-09  4.56985909e-01  3.45893011e-09  4.56985909e-01  1.55583331e-07  8.04670179e-08  1.65000000e+00 
 1.66000000e+00  3.28034542e-09  3.53243895e-09  3.40145542e-09  3.24594502e-09  4.56985887e-01  3.45893006e-09  4.56985887e-01  1.55583273e-07  6.53499796e-08  1.66000000e+00 
 1.67000000e+00  3.28034542e-09  3.53243895e-09  3.40145547e-09  3.24594502e-09  4.56985888e-01  3.45893006e-09  4.56985887e-01  1.55583291e-07  5.26118953e-08  1.67000000e+00 
 1.68000000e+00  3.28034542e-09  3.53243895e-09  3.40145542e-09  3.24594502e-09  4.56985897e-01  3.45893006e-09  4.56985897e-01  1.55583304e-07  4.19983763e-08  1.68000000e+00 
 1.69000000e+00  3.28034537e-09  3.53243895e-09  3.40145542e-09  3.24594502e-09  4.56985912e-01  3.45893011e-09  4.56985912e-01  1.55583323e-07  3.32227756e-08  1.69000000e+00 
 1.70000000e+00  3.28034542e-09  3.53243890e-09  3.40145547e-09  3.24594502e-09  4.56985921e-01  3.45893006e-09  4.56985921e-01  1.55583336e-07  2.60090189e-08  1.70000000e+00 
 1.71000000e+00  3.28034542e-09  3.53243891e-09  3.40145542e-09  3.24594508e-09  4.56985906e-01  3.45893011e-09  4.56985906e-01  1.55583292e-07  2.01033430e-08  1.71000000e+00 
 1.72000000e+00  3.28034542e-09  3.53243889e-09  3.40145547e-09  3.24594502e-09  4.56985884e-01  3.45893011e-09  4.56985884e-01  1.55583281e-07  1.52835185e-08  1.72000000e+00 
 1.73000000e+00  3.28034537e-09  3.53243897e-09  3.40145547e-09  3.24594502e-09  4.56985919e-01  3.45893011e-09  4.56985919e-01  1.55583342e-07  1.13561924e-08  1.73000000e+00 
 1.74000000e+00  3.28034542e-09  3.53243895e-09  3.40145542e-09  3.24594508e-09  4.56985919e-01  3.45893011e-09  4.56985919e-01  1.55583331e-07  8.15487056e-09  1.74000000e+00 
 1.75000000e+00  3.28034537e-09  3.53243895e-09  3.40145542e-09  3.24594502e-09  4.56985902e-01  3.45893006e-09  4.56985902e-01  1.55583300e-07  5.53501422e-09  1.75000000e+00 
 1.76000000e+00  3.28034537e-09  3.53243890e-09  3.40145547e-09  3.24594502e-09  4.56985891e-01  3.45893011e-09  4.56985891e-01  1.55583290e-07  3.37287531e-09  1.76000000e+00 
 1.77000000e+00  3.28034542e-09  3.53243891e-09  3.40145547e-09  3.24594502e-09  4.56985889e-01  3.45893011e-09  4.56985889e-01  1.55583311e-07  1.57140789e-09  1.77000000e+00 
 1.78000000e+00  3.28034542e-09  3.53243889e-09  3.40145547e-09  3.24594502e-09  4.56985895e-01  3.45893006e-09  4.56985895e-01  1.55583292e-07  7.10969061e-11  1.78000000e+00 
 1.79000000e+00  3.28034537e-09  3.53243891e-09  3.40145542e-09  3.24594502e-09  4.56985919e-01  3.45893006e-09  4.56985919e-01  1.55583336e-07 -1.14803811e-09  1.79000000e+00 
 1.80000000e+00  3.28034542e-09  3.53243889e-09  3.40145542e-09  3.24594502e-09  4.56985899e-01  3.45893011e-09  4.56985899e-01  1.55583294e-07 -2.08635242e-09  1.80000000e+00 
