 v-sweep         v(b0)           v(b1)           v(b2)           v(b3)           v(b4)           v(b5)           v(b6)           i(vbias)        i(viout)        v(vout)        
 0.00000000e+00  4.56745056e-01  4.56745056e-01  4.56745056e-01  4.56745056e-01  4.56745056e-01  3.20309841e-09  3.23751274e-09  1.54614813e-07  4.66598477e-08  0.00000000e+00 
 1.00000000e-02  4.56745078e-01  4.56745078e-01  4.56745078e-01  4.56745078e-01  4.56745078e-01  3.20309839e-09  3.23751272e-09  1.54614855e-07  4.66592980e-08  1.00000000e-02 
 2.00000000e-02  4.56745070e-01  4.56745070e-01  4.56745070e-01  4.56745070e-01  4.56745070e-01  3.20309845e-09  3.23751278e-09  1.54614847e-07  4.66589931e-08  2.00000000e-02 
 3.00000000e-02  4.56745055e-01  4.56745055e-01  4.56745055e-01  4.56745055e-01  4.56745055e-01  3.20309839e-09  3.23751278e-09  1.54614824e-07  4.66587295e-08  3.00000000e-02 
 4.00000000e-02  4.56745025e-01  4.56745025e-01  4.56745025e-01  4.56745025e-01  4.56745025e-01  3.20309839e-09  3.23751278e-09  1.54614783e-07  4.66582897e-08  4.00000000e-02 
 5.00000000e-02  4.56745047e-01  4.56745047e-01  4.56745047e-01  4.56745047e-01  4.56745047e-01  3.20309839e-09  3.23751278e-09  1.54614821e-07  4.66580108e-08  5.00000000e-02 
 6.00000000e-02  4.56745034e-01  4.56745034e-01  4.56745034e-01  4.56745034e-01  4.56745034e-01  3.20309839e-09  3.23751272e-09  1.54614794e-07  4.66577865e-08  6.00000000e-02 
 7.00000000e-02  4.56745065e-01  4.56745065e-01  4.56745065e-01  4.56745065e-01  4.56745065e-01  3.20309845e-09  3.23751278e-09  1.54614840e-07  4.66574508e-08  7.00000000e-02 
 8.00000000e-02  4.56745065e-01  4.56745065e-01  4.56745065e-01  4.56745065e-01  4.56745065e-01  3.20309845e-09  3.23751272e-09  1.54614844e-07  4.66571164e-08  8.00000000e-02 
 9.00000000e-02  4.56745047e-01  4.56745046e-01  4.56745046e-01  4.56745047e-01  4.56745046e-01  3.20309845e-09  3.23751272e-09  1.54614798e-07  4.66568464e-08  9.00000000e-02 
 1.00000000e-01  4.56745056e-01  4.56745056e-01  4.56745056e-01  4.56745056e-01  4.56745056e-01  3.20309845e-09  3.23751278e-09  1.54614838e-07  4.66566377e-08  1.00000000e-01 
 1.10000000e-01  4.56745052e-01  4.56745052e-01  4.56745052e-01  4.56745052e-01  4.56745052e-01  3.20309839e-09  3.23751272e-09  1.54614829e-07  4.66562797e-08  1.10000000e-01 
 1.20000000e-01  4.56745024e-01  4.56745024e-01  4.56745024e-01  4.56745024e-01  4.56745024e-01  3.20309839e-09  3.23751278e-09  1.54614773e-07  4.66560470e-08  1.20000000e-01 
 1.30000000e-01  4.56745066e-01  4.56745066e-01  4.56745066e-01  4.56745066e-01  4.56745066e-01  3.20309839e-09  3.23751272e-09  1.54614831e-07  4.66559209e-08  1.30000000e-01 
 1.40000000e-01  4.56745035e-01  4.56745035e-01  4.56745035e-01  4.56745035e-01  4.56745035e-01  3.20309839e-09  3.23751272e-09  1.54614787e-07  4.66555372e-08  1.40000000e-01 
 1.50000000e-01  4.56745046e-01  4.56745046e-01  4.56745046e-01  4.56745046e-01  4.56745046e-01  3.20309839e-09  3.23751278e-09  1.54614814e-07  4.66553232e-08  1.50000000e-01 
 1.60000000e-01  4.56745070e-01  4.56745070e-01  4.56745070e-01  4.56745070e-01  4.56745070e-01  3.20309845e-09  3.23751278e-09  1.54614855e-07  4.66552486e-08  1.60000000e-01 
 1.70000000e-01  4.56745038e-01  4.56745038e-01  4.56745038e-01  4.56745038e-01  4.56745038e-01  3.20309839e-09  3.23751278e-09  1.54614798e-07  4.66549555e-08  1.70000000e-01 
 1.80000000e-01  4.56745049e-01  4.56745049e-01  4.56745049e-01  4.56745049e-01  4.56745049e-01  3.20309845e-09  3.23751272e-09  1.54614819e-07  4.66548862e-08  1.80000000e-01 
 1.90000000e-01  4.56745042e-01  4.56745042e-01  4.56745042e-01  4.56745042e-01  4.56745042e-01  3.20309839e-09  3.23751272e-09  1.54614803e-07  4.66547689e-08  1.90000000e-01 
 2.00000000e-01  4.56745028e-01  4.56745028e-01  4.56745028e-01  4.56745028e-01  4.56745028e-01  3.20309845e-09  3.23751272e-09  1.54614785e-07  4.66544670e-08  2.00000000e-01 
 2.10000000e-01  4.56745047e-01  4.56745047e-01  4.56745047e-01  4.56745047e-01  4.56745047e-01  3.20309845e-09  3.23751278e-09  1.54614822e-07  4.66544172e-08  2.10000000e-01 
 2.20000000e-01  4.56745050e-01  4.56745050e-01  4.56745050e-01  4.56745050e-01  4.56745050e-01  3.20309839e-09  3.23751278e-09  1.54614802e-07  4.66542218e-08  2.20000000e-01 
 2.30000000e-01  4.56745059e-01  4.56745059e-01  4.56745059e-01  4.56745059e-01  4.56745059e-01  3.20309839e-09  3.23751272e-09  1.54614823e-07  4.66541366e-08  2.30000000e-01 
 2.40000000e-01  4.56745059e-01  4.56745059e-01  4.56745059e-01  4.56745059e-01  4.56745059e-01  3.20309845e-09  3.23751272e-09  1.54614831e-07  4.66538932e-08  2.40000000e-01 
 2.50000000e-01  4.56745058e-01  4.56745058e-01  4.56745058e-01  4.56745058e-01  4.56745058e-01  3.20309845e-09  3.23751272e-09  1.54614838e-07  4.66538239e-08  2.50000000e-01 
 2.60000000e-01  4.56745049e-01  4.56745049e-01  4.56745049e-01  4.56745049e-01  4.56745049e-01  3.20309839e-09  3.23751272e-09  1.54614823e-07  4.66537315e-08  2.60000000e-01 
 2.70000000e-01  4.56745060e-01  4.56745060e-01  4.56745060e-01  4.56745060e-01  4.56745060e-01  3.20309839e-09  3.23751272e-09  1.54614828e-07  4.66536356e-08  2.70000000e-01 
 2.80000000e-01  4.56745066e-01  4.56745066e-01  4.56745066e-01  4.56745066e-01  4.56745066e-01  3.20309845e-09  3.23751272e-09  1.54614832e-07  4.66534882e-08  2.80000000e-01 
 2.90000000e-01  4.56745036e-01  4.56745036e-01  4.56745036e-01  4.56745036e-01  4.56745036e-01  3.20309839e-09  3.23751278e-09  1.54614786e-07  4.66533194e-08  2.90000000e-01 
 3.00000000e-01  4.56745039e-01  4.56745039e-01  4.56745039e-01  4.56745039e-01  4.56745039e-01  3.20309845e-09  3.23751278e-09  1.54614796e-07  4.66532271e-08  3.00000000e-01 
 3.10000000e-01  4.56745046e-01  4.56745046e-01  4.56745046e-01  4.56745046e-01  4.56745046e-01  3.20309839e-09  3.23751272e-09  1.54614814e-07  4.66531880e-08  3.10000000e-01 
 3.20000000e-01  4.56745062e-01  4.56745062e-01  4.56745061e-01  4.56745062e-01  4.56745062e-01  3.20309839e-09  3.23751272e-09  1.54614831e-07  4.66530246e-08  3.20000000e-01 
 3.30000000e-01  4.56745051e-01  4.56745051e-01  4.56745051e-01  4.56745051e-01  4.56745051e-01  3.20309839e-09  3.23751278e-09  1.54614810e-07  4.66529961e-08  3.30000000e-01 
 3.40000000e-01  4.56745061e-01  4.56745061e-01  4.56745061e-01  4.56745061e-01  4.56745061e-01  3.20309839e-09  3.23751278e-09  1.54614830e-07  4.66529038e-08  3.40000000e-01 
 3.50000000e-01  4.56745034e-01  4.56745034e-01  4.56745033e-01  4.56745034e-01  4.56745034e-01  3.20309839e-09  3.23751272e-09  1.54614804e-07  4.66527084e-08  3.50000000e-01 
 3.60000000e-01  4.56745057e-01  4.56745057e-01  4.56745057e-01  4.56745057e-01  4.56745057e-01  3.20309845e-09  3.23751272e-09  1.54614815e-07  4.66525947e-08  3.60000000e-01 
 3.70000000e-01  4.56745052e-01  4.56745052e-01  4.56745052e-01  4.56745052e-01  4.56745052e-01  3.20309839e-09  3.23751278e-09  1.54614810e-07  4.66526338e-08  3.70000000e-01 
 3.80000000e-01  4.56745073e-01  4.56745073e-01  4.56745073e-01  4.56745073e-01  4.56745073e-01  3.20309845e-09  3.23751278e-09  1.54614858e-07  4.66524845e-08  3.80000000e-01 
 3.90000000e-01  4.56745021e-01  4.56745021e-01  4.56745020e-01  4.56745021e-01  4.56745021e-01  3.20309839e-09  3.23751272e-09  1.54614763e-07  4.66524028e-08  3.90000000e-01 
 4.00000000e-01  4.56745031e-01  4.56745031e-01  4.56745031e-01  4.56745031e-01  4.56745031e-01  3.20309839e-09  3.23751272e-09  1.54614765e-07  4.66523460e-08  4.00000000e-01 
 4.10000000e-01  4.56745038e-01  4.56745038e-01  4.56745038e-01  4.56745038e-01  4.56745038e-01  3.20309845e-09  3.23751278e-09  1.54614796e-07  4.66522962e-08  4.10000000e-01 
 4.20000000e-01  4.56745043e-01  4.56745043e-01  4.56745043e-01  4.56745043e-01  4.56745043e-01  3.20309845e-09  3.23751278e-09  1.54614808e-07  4.66521755e-08  4.20000000e-01 
 4.30000000e-01  4.56745030e-01  4.56745030e-01  4.56745030e-01  4.56745030e-01  4.56745030e-01  3.20309839e-09  3.23751272e-09  1.54614792e-07  4.66521186e-08  4.30000000e-01 
 4.40000000e-01  4.56745034e-01  4.56745034e-01  4.56745034e-01  4.56745034e-01  4.56745034e-01  3.20309845e-09  3.23751278e-09  1.54614785e-07  4.66520618e-08  4.40000000e-01 
 4.50000000e-01  4.56745016e-01  4.56745016e-01  4.56745016e-01  4.56745016e-01  4.56745016e-01  3.20309839e-09  3.23751272e-09  1.54614767e-07  4.66519197e-08  4.50000000e-01 
 4.60000000e-01  4.56745045e-01  4.56745045e-01  4.56745045e-01  4.56745045e-01  4.56745045e-01  3.20309839e-09  3.23751278e-09  1.54614808e-07  4.66519090e-08  4.60000000e-01 
 4.70000000e-01  4.56745024e-01  4.56745024e-01  4.56745024e-01  4.56745024e-01  4.56745024e-01  3.20309839e-09  3.23751278e-09  1.54614764e-07  4.66517491e-08  4.70000000e-01 
 4.80000000e-01  4.56745026e-01  4.56745026e-01  4.56745026e-01  4.56745026e-01  4.56745026e-01  3.20309839e-09  3.23751278e-09  1.54614793e-07  4.66517172e-08  4.80000000e-01 
 4.90000000e-01  4.56745048e-01  4.56745048e-01  4.56745048e-01  4.56745048e-01  4.56745048e-01  3.20309839e-09  3.23751272e-09  1.54614810e-07  4.66516425e-08  4.90000000e-01 
 5.00000000e-01  4.56745054e-01  4.56745054e-01  4.56745054e-01  4.56745054e-01  4.56745054e-01  3.20309845e-09  3.23751278e-09  1.54614823e-07  4.66516994e-08  5.00000000e-01 
 5.10000000e-01  4.56745043e-01  4.56745043e-01  4.56745043e-01  4.56745043e-01  4.56745043e-01  3.20309845e-09  3.23751278e-09  1.54614813e-07  4.66514791e-08  5.10000000e-01 
 5.20000000e-01  4.56745057e-01  4.56745057e-01  4.56745057e-01  4.56745057e-01  4.56745057e-01  3.20309845e-09  3.23751272e-09  1.54614827e-07  4.66515502e-08  5.20000000e-01 
 5.30000000e-01  4.56745067e-01  4.56745067e-01  4.56745067e-01  4.56745067e-01  4.56745067e-01  3.20309845e-09  3.23751278e-09  1.54614844e-07  4.66515218e-08  5.30000000e-01 
 5.40000000e-01  4.56745038e-01  4.56745038e-01  4.56745038e-01  4.56745038e-01  4.56745038e-01  3.20309845e-09  3.23751278e-09  1.54614792e-07  4.66513583e-08  5.40000000e-01 
 5.50000000e-01  4.56745053e-01  4.56745053e-01  4.56745053e-01  4.56745053e-01  4.56745053e-01  3.20309839e-09  3.23751272e-09  1.54614821e-07  4.66513370e-08  5.50000000e-01 
 5.60000000e-01  4.56745036e-01  4.56745036e-01  4.56745036e-01  4.56745036e-01  4.56745036e-01  3.20309845e-09  3.23751272e-09  1.54614783e-07  4.66512446e-08  5.60000000e-01 
 5.70000000e-01  4.56745037e-01  4.56745037e-01  4.56745037e-01  4.56745037e-01  4.56745037e-01  3.20309839e-09  3.23751272e-09  1.54614780e-07  4.66511665e-08  5.70000000e-01 
 5.80000000e-01  4.56745050e-01  4.56745050e-01  4.56745049e-01  4.56745050e-01  4.56745050e-01  3.20309845e-09  3.23751278e-09  1.54614816e-07  4.66512873e-08  5.80000000e-01 
 5.90000000e-01  4.56745066e-01  4.56745066e-01  4.56745066e-01  4.56745066e-01  4.56745066e-01  3.20309845e-09  3.23751278e-09  1.54614841e-07  4.66511736e-08  5.90000000e-01 
 6.00000000e-01  4.56745041e-01  4.56745041e-01  4.56745041e-01  4.56745041e-01  4.56745041e-01  3.20309845e-09  3.23751278e-09  1.54614805e-07  4.66509817e-08  6.00000000e-01 
 6.10000000e-01  4.56745057e-01  4.56745057e-01  4.56745057e-01  4.56745057e-01  4.56745057e-01  3.20309839e-09  3.23751278e-09  1.54614824e-07  4.66510883e-08  6.10000000e-01 
 6.20000000e-01  4.56745045e-01  4.56745045e-01  4.56745045e-01  4.56745045e-01  4.56745045e-01  3.20309845e-09  3.23751272e-09  1.54614811e-07  4.66507970e-08  6.20000000e-01 
 6.30000000e-01  4.56745034e-01  4.56745034e-01  4.56745034e-01  4.56745034e-01  4.56745034e-01  3.20309839e-09  3.23751278e-09  1.54614785e-07  4.66509320e-08  6.30000000e-01 
 6.40000000e-01  4.56745063e-01  4.56745063e-01  4.56745063e-01  4.56745063e-01  4.56745063e-01  3.20309845e-09  3.23751272e-09  1.54614820e-07  4.66508894e-08  6.40000000e-01 
 6.50000000e-01  4.56745053e-01  4.56745053e-01  4.56745053e-01  4.56745053e-01  4.56745053e-01  3.20309845e-09  3.23751278e-09  1.54614827e-07  4.66506762e-08  6.50000000e-01 
 6.60000000e-01  4.56745038e-01  4.56745038e-01  4.56745038e-01  4.56745038e-01  4.56745038e-01  3.20309845e-09  3.23751278e-09  1.54614804e-07  4.66507188e-08  6.60000000e-01 
 6.70000000e-01  4.56745029e-01  4.56745029e-01  4.56745029e-01  4.56745029e-01  4.56745029e-01  3.20309839e-09  3.23751278e-09  1.54614789e-07  4.66506478e-08  6.70000000e-01 
 6.80000000e-01  4.56745039e-01  4.56745039e-01  4.56745039e-01  4.56745039e-01  4.56745039e-01  3.20309839e-09  3.23751278e-09  1.54614793e-07  4.66507259e-08  6.80000000e-01 
 6.90000000e-01  4.56745066e-01  4.56745066e-01  4.56745066e-01  4.56745066e-01  4.56745066e-01  3.20309845e-09  3.23751272e-09  1.54614845e-07  4.66505554e-08  6.90000000e-01 
 7.00000000e-01  4.56745053e-01  4.56745053e-01  4.56745053e-01  4.56745054e-01  4.56745053e-01  3.20309845e-09  3.23751272e-09  1.54614819e-07  4.66504773e-08  7.00000000e-01 
 7.10000000e-01  4.56745076e-01  4.56745076e-01  4.56745076e-01  4.56745076e-01  4.56745076e-01  3.20309845e-09  3.23751272e-09  1.54614845e-07  4.66503636e-08  7.10000000e-01 
 7.20000000e-01  4.56745050e-01  4.56745050e-01  4.56745050e-01  4.56745050e-01  4.56745050e-01  3.20309839e-09  3.23751278e-09  1.54614811e-07  4.66504062e-08  7.20000000e-01 
 7.30000000e-01  4.56745064e-01  4.56745064e-01  4.56745064e-01  4.56745064e-01  4.56745064e-01  3.20309839e-09  3.23751278e-09  1.54614837e-07  4.66502854e-08  7.30000000e-01 
 7.40000000e-01  4.56745055e-01  4.56745055e-01  4.56745055e-01  4.56745055e-01  4.56745055e-01  3.20309839e-09  3.23751278e-09  1.54614844e-07  4.66502215e-08  7.40000000e-01 
 7.50000000e-01  4.56745057e-01  4.56745057e-01  4.56745057e-01  4.56745057e-01  4.56745057e-01  3.20309845e-09  3.23751272e-09  1.54614813e-07  4.66501646e-08  7.50000000e-01 
 7.60000000e-01  4.56745048e-01  4.56745048e-01  4.56745048e-01  4.56745048e-01  4.56745048e-01  3.20309839e-09  3.23751272e-09  1.54614818e-07  4.66501788e-08  7.60000000e-01 
 7.70000000e-01  4.56745056e-01  4.56745056e-01  4.56745056e-01  4.56745056e-01  4.56745056e-01  3.20309839e-09  3.23751272e-09  1.54614813e-07  4.66501646e-08  7.70000000e-01 
 7.80000000e-01  4.56745050e-01  4.56745050e-01  4.56745050e-01  4.56745050e-01  4.56745050e-01  3.20309845e-09  3.23751278e-09  1.54614823e-07  4.66500083e-08  7.80000000e-01 
 7.90000000e-01  4.56745065e-01  4.56745065e-01  4.56745065e-01  4.56745065e-01  4.56745065e-01  3.20309839e-09  3.23751272e-09  1.54614837e-07  4.66499941e-08  7.90000000e-01 
 8.00000000e-01  4.56745044e-01  4.56745044e-01  4.56745044e-01  4.56745044e-01  4.56745044e-01  3.20309845e-09  3.23751278e-09  1.54614816e-07  4.66498875e-08  8.00000000e-01 
 8.10000000e-01  4.56745062e-01  4.56745062e-01  4.56745062e-01  4.56745062e-01  4.56745062e-01  3.20309845e-09  3.23751278e-09  1.54614841e-07  4.66498449e-08  8.10000000e-01 
 8.20000000e-01  4.56745049e-01  4.56745049e-01  4.56745049e-01  4.56745049e-01  4.56745049e-01  3.20309839e-09  3.23751278e-09  1.54614816e-07  4.66497667e-08  8.20000000e-01 
 8.30000000e-01  4.56745032e-01  4.56745032e-01  4.56745032e-01  4.56745032e-01  4.56745032e-01  3.20309845e-09  3.23751278e-09  1.54614784e-07  4.66496601e-08  8.30000000e-01 
 8.40000000e-01  4.56745040e-01  4.56745040e-01  4.56745040e-01  4.56745040e-01  4.56745040e-01  3.20309845e-09  3.23751278e-09  1.54614805e-07  4.66497028e-08  8.40000000e-01 
 8.50000000e-01  4.56745037e-01  4.56745037e-01  4.56745037e-01  4.56745037e-01  4.56745037e-01  3.20309845e-09  3.23751272e-09  1.54614798e-07  4.66496175e-08  8.50000000e-01 
 8.60000000e-01  4.56745031e-01  4.56745031e-01  4.56745031e-01  4.56745031e-01  4.56745031e-01  3.20309845e-09  3.23751272e-09  1.54614788e-07  4.66495607e-08  8.60000000e-01 
 8.70000000e-01  4.56745027e-01  4.56745027e-01  4.56745027e-01  4.56745027e-01  4.56745027e-01  3.20309839e-09  3.23751272e-09  1.54614785e-07  4.66494612e-08  8.70000000e-01 
 8.80000000e-01  4.56745048e-01  4.56745048e-01  4.56745048e-01  4.56745048e-01  4.56745048e-01  3.20309845e-09  3.23751272e-09  1.54614821e-07  4.66494683e-08  8.80000000e-01 
 8.90000000e-01  4.56745021e-01  4.56745021e-01  4.56745021e-01  4.56745021e-01  4.56745021e-01  3.20309845e-09  3.23751272e-09  1.54614780e-07  4.66494825e-08  8.90000000e-01 
 9.00000000e-01  4.56745025e-01  4.56745025e-01  4.56745025e-01  4.56745025e-01  4.56745025e-01  3.20309839e-09  3.23751278e-09  1.54614767e-07  4.66493049e-08  9.00000000e-01 
 9.10000000e-01  4.56745051e-01  4.56745051e-01  4.56745051e-01  4.56745051e-01  4.56745051e-01  3.20309839e-09  3.23751272e-09  1.54614817e-07  4.66492480e-08  9.10000000e-01 
 9.20000000e-01  4.56745040e-01  4.56745040e-01  4.56745040e-01  4.56745040e-01  4.56745040e-01  3.20309839e-09  3.23751278e-09  1.54614792e-07  4.66492409e-08  9.20000000e-01 
 9.30000000e-01  4.56745029e-01  4.56745029e-01  4.56745029e-01  4.56745029e-01  4.56745029e-01  3.20309839e-09  3.23751272e-09  1.54614784e-07  4.66490775e-08  9.30000000e-01 
 9.40000000e-01  4.56745027e-01  4.56745027e-01  4.56745027e-01  4.56745027e-01  4.56745027e-01  3.20309839e-09  3.23751272e-09  1.54614777e-07  4.66491272e-08  9.40000000e-01 
 9.50000000e-01  4.56745053e-01  4.56745053e-01  4.56745053e-01  4.56745053e-01  4.56745053e-01  3.20309845e-09  3.23751278e-09  1.54614815e-07  4.66489567e-08  9.50000000e-01 
 9.60000000e-01  4.56745038e-01  4.56745038e-01  4.56745037e-01  4.56745038e-01  4.56745038e-01  3.20309839e-09  3.23751272e-09  1.54614800e-07  4.66489141e-08  9.60000000e-01 
 9.70000000e-01  4.56745063e-01  4.56745063e-01  4.56745063e-01  4.56745063e-01  4.56745063e-01  3.20309839e-09  3.23751278e-09  1.54614850e-07  4.66489496e-08  9.70000000e-01 
 9.80000000e-01  4.56745039e-01  4.56745039e-01  4.56745039e-01  4.56745039e-01  4.56745039e-01  3.20309845e-09  3.23751272e-09  1.54614795e-07  4.66488217e-08  9.80000000e-01 
 9.90000000e-01  4.56745027e-01  4.56745027e-01  4.56745027e-01  4.56745027e-01  4.56745027e-01  3.20309839e-09  3.23751278e-09  1.54614791e-07  4.66485943e-08  9.90000000e-01 
 1.00000000e+00  4.56745040e-01  4.56745040e-01  4.56745040e-01  4.56745040e-01  4.56745040e-01  3.20309845e-09  3.23751278e-09  1.54614804e-07  4.66487293e-08  1.00000000e+00 
 1.01000000e+00  4.56745075e-01  4.56745075e-01  4.56745075e-01  4.56745075e-01  4.56745075e-01  3.20309839e-09  3.23751278e-09  1.54614854e-07  4.66487080e-08  1.01000000e+00 
 1.02000000e+00  4.56745036e-01  4.56745036e-01  4.56745036e-01  4.56745036e-01  4.56745036e-01  3.20309845e-09  3.23751278e-09  1.54614795e-07  4.66486725e-08  1.02000000e+00 
 1.03000000e+00  4.56745054e-01  4.56745054e-01  4.56745054e-01  4.56745054e-01  4.56745054e-01  3.20309845e-09  3.23751272e-09  1.54614824e-07  4.66485588e-08  1.03000000e+00 
 1.04000000e+00  4.56745043e-01  4.56745043e-01  4.56745043e-01  4.56745043e-01  4.56745043e-01  3.20309845e-09  3.23751272e-09  1.54614815e-07  4.66484025e-08  1.04000000e+00 
 1.05000000e+00  4.56745037e-01  4.56745037e-01  4.56745037e-01  4.56745037e-01  4.56745037e-01  3.20309839e-09  3.23751272e-09  1.54614810e-07  4.66482888e-08  1.05000000e+00 
 1.06000000e+00  4.56745070e-01  4.56745070e-01  4.56745070e-01  4.56745070e-01  4.56745070e-01  3.20309839e-09  3.23751272e-09  1.54614847e-07  4.66484309e-08  1.06000000e+00 
 1.07000000e+00  4.56745026e-01  4.56745026e-01  4.56745026e-01  4.56745026e-01  4.56745026e-01  3.20309845e-09  3.23751272e-09  1.54614774e-07  4.66482319e-08  1.07000000e+00 
 1.08000000e+00  4.56745041e-01  4.56745041e-01  4.56745041e-01  4.56745041e-01  4.56745041e-01  3.20309839e-09  3.23751272e-09  1.54614788e-07  4.66481893e-08  1.08000000e+00 
 1.09000000e+00  4.56745042e-01  4.56745042e-01  4.56745042e-01  4.56745042e-01  4.56745042e-01  3.20309845e-09  3.23751272e-09  1.54614815e-07  4.66481893e-08  1.09000000e+00 
 1.10000000e+00  4.56745036e-01  4.56745036e-01  4.56745036e-01  4.56745036e-01  4.56745036e-01  3.20309839e-09  3.23751272e-09  1.54614783e-07  4.66480330e-08  1.10000000e+00 
 1.11000000e+00  4.56745036e-01  4.56745036e-01  4.56745036e-01  4.56745036e-01  4.56745036e-01  3.20309845e-09  3.23751278e-09  1.54614790e-07  4.66479477e-08  1.11000000e+00 
 1.12000000e+00  4.56745021e-01  4.56745021e-01  4.56745021e-01  4.56745021e-01  4.56745021e-01  3.20309845e-09  3.23751278e-09  1.54614776e-07  4.66478554e-08  1.12000000e+00 
 1.13000000e+00  4.56745050e-01  4.56745050e-01  4.56745050e-01  4.56745050e-01  4.56745050e-01  3.20309839e-09  3.23751278e-09  1.54614821e-07  4.66478483e-08  1.13000000e+00 
 1.14000000e+00  4.56745059e-01  4.56745059e-01  4.56745059e-01  4.56745059e-01  4.56745059e-01  3.20309839e-09  3.23751278e-09  1.54614828e-07  4.66479548e-08  1.14000000e+00 
 1.15000000e+00  4.56745023e-01  4.56745023e-01  4.56745023e-01  4.56745023e-01  4.56745023e-01  3.20309839e-09  3.23751278e-09  1.54614778e-07  4.66477346e-08  1.15000000e+00 
 1.16000000e+00  4.56745049e-01  4.56745049e-01  4.56745048e-01  4.56745049e-01  4.56745049e-01  3.20309845e-09  3.23751278e-09  1.54614800e-07  4.66476990e-08  1.16000000e+00 
 1.17000000e+00  4.56745028e-01  4.56745028e-01  4.56745028e-01  4.56745028e-01  4.56745028e-01  3.20309839e-09  3.23751272e-09  1.54614792e-07  4.66475996e-08  1.17000000e+00 
 1.18000000e+00  4.56745058e-01  4.56745058e-01  4.56745058e-01  4.56745058e-01  4.56745058e-01  3.20309839e-09  3.23751278e-09  1.54614826e-07  4.66475569e-08  1.18000000e+00 
 1.19000000e+00  4.56745040e-01  4.56745040e-01  4.56745040e-01  4.56745040e-01  4.56745040e-01  3.20309839e-09  3.23751272e-09  1.54614794e-07  4.66475143e-08  1.19000000e+00 
 1.20000000e+00  4.56745045e-01  4.56745045e-01  4.56745045e-01  4.56745045e-01  4.56745045e-01  3.20309839e-09  3.23751278e-09  1.54614801e-07  4.66473722e-08  1.20000000e+00 
 1.21000000e+00  4.56745044e-01  4.56745044e-01  4.56745044e-01  4.56745044e-01  4.56745044e-01  3.20309839e-09  3.23751278e-09  1.54614812e-07  4.66473011e-08  1.21000000e+00 
 1.22000000e+00  4.56745072e-01  4.56745072e-01  4.56745072e-01  4.56745072e-01  4.56745072e-01  3.20309845e-09  3.23751272e-09  1.54614847e-07  4.66471874e-08  1.22000000e+00 
 1.23000000e+00  4.56745030e-01  4.56745030e-01  4.56745030e-01  4.56745030e-01  4.56745030e-01  3.20309845e-09  3.23751272e-09  1.54614775e-07  4.66471590e-08  1.23000000e+00 
 1.24000000e+00  4.56745064e-01  4.56745064e-01  4.56745064e-01  4.56745064e-01  4.56745064e-01  3.20309839e-09  3.23751278e-09  1.54614817e-07  4.66471306e-08  1.24000000e+00 
 1.25000000e+00  4.56745069e-01  4.56745069e-01  4.56745069e-01  4.56745069e-01  4.56745069e-01  3.20309845e-09  3.23751272e-09  1.54614851e-07  4.66470880e-08  1.25000000e+00 
 1.26000000e+00  4.56745035e-01  4.56745035e-01  4.56745035e-01  4.56745035e-01  4.56745035e-01  3.20309839e-09  3.23751278e-09  1.54614792e-07  4.66470027e-08  1.26000000e+00 
 1.27000000e+00  4.56745027e-01  4.56745027e-01  4.56745027e-01  4.56745027e-01  4.56745027e-01  3.20309839e-09  3.23751278e-09  1.54614777e-07  4.66468748e-08  1.27000000e+00 
 1.28000000e+00  4.56745042e-01  4.56745042e-01  4.56745042e-01  4.56745042e-01  4.56745042e-01  3.20309845e-09  3.23751278e-09  1.54614797e-07  4.66467895e-08  1.28000000e+00 
 1.29000000e+00  4.56745050e-01  4.56745050e-01  4.56745050e-01  4.56745050e-01  4.56745050e-01  3.20309839e-09  3.23751278e-09  1.54614819e-07  4.66467469e-08  1.29000000e+00 
 1.30000000e+00  4.56745042e-01  4.56745042e-01  4.56745042e-01  4.56745042e-01  4.56745042e-01  3.20309839e-09  3.23751272e-09  1.54614802e-07  4.66466190e-08  1.30000000e+00 
 1.31000000e+00  4.56745044e-01  4.56745044e-01  4.56745044e-01  4.56745044e-01  4.56745044e-01  3.20309845e-09  3.23751272e-09  1.54614805e-07  4.66466048e-08  1.31000000e+00 
 1.32000000e+00  4.56745063e-01  4.56745063e-01  4.56745063e-01  4.56745063e-01  4.56745063e-01  3.20309839e-09  3.23751272e-09  1.54614833e-07  4.66465337e-08  1.32000000e+00 
 1.33000000e+00  4.56745048e-01  4.56745048e-01  4.56745048e-01  4.56745048e-01  4.56745048e-01  3.20309839e-09  3.23751272e-09  1.54614817e-07  4.66465053e-08  1.33000000e+00 
 1.34000000e+00  4.56745064e-01  4.56745064e-01  4.56745064e-01  4.56745064e-01  4.56745064e-01  3.20309839e-09  3.23751272e-09  1.54614823e-07  4.66463774e-08  1.34000000e+00 
 1.35000000e+00  4.56745055e-01  4.56745055e-01  4.56745055e-01  4.56745055e-01  4.56745055e-01  3.20309839e-09  3.23751278e-09  1.54614817e-07  4.66463490e-08  1.35000000e+00 
 1.36000000e+00  4.56745042e-01  4.56745042e-01  4.56745042e-01  4.56745042e-01  4.56745042e-01  3.20309845e-09  3.23751272e-09  1.54614815e-07  4.66462353e-08  1.36000000e+00 
 1.37000000e+00  4.56745046e-01  4.56745046e-01  4.56745046e-01  4.56745046e-01  4.56745046e-01  3.20309845e-09  3.23751278e-09  1.54614810e-07  4.66461358e-08  1.37000000e+00 
 1.38000000e+00  4.56745044e-01  4.56745044e-01  4.56745044e-01  4.56745044e-01  4.56745044e-01  3.20309845e-09  3.23751272e-09  1.54614809e-07  4.66459937e-08  1.38000000e+00 
 1.39000000e+00  4.56745064e-01  4.56745064e-01  4.56745064e-01  4.56745064e-01  4.56745064e-01  3.20309845e-09  3.23751272e-09  1.54614840e-07  4.66460506e-08  1.39000000e+00 
 1.40000000e+00  4.56745078e-01  4.56745078e-01  4.56745078e-01  4.56745078e-01  4.56745078e-01  3.20309839e-09  3.23751278e-09  1.54614851e-07  4.66458090e-08  1.40000000e+00 
 1.41000000e+00  4.56745056e-01  4.56745056e-01  4.56745056e-01  4.56745056e-01  4.56745056e-01  3.20309839e-09  3.23751278e-09  1.54614809e-07  4.66457521e-08  1.41000000e+00 
 1.42000000e+00  4.56745039e-01  4.56745039e-01  4.56745039e-01  4.56745039e-01  4.56745039e-01  3.20309845e-09  3.23751278e-09  1.54614787e-07  4.66455958e-08  1.42000000e+00 
 1.43000000e+00  4.56745062e-01  4.56745062e-01  4.56745062e-01  4.56745062e-01  4.56745062e-01  3.20309839e-09  3.23751272e-09  1.54614821e-07  4.66456669e-08  1.43000000e+00 
 1.44000000e+00  4.56745053e-01  4.56745053e-01  4.56745053e-01  4.56745053e-01  4.56745053e-01  3.20309845e-09  3.23751272e-09  1.54614823e-07  4.66453969e-08  1.44000000e+00 
 1.45000000e+00  4.56745044e-01  4.56745044e-01  4.56745044e-01  4.56745044e-01  4.56745044e-01  3.20309845e-09  3.23751278e-09  1.54614799e-07  4.66452548e-08  1.45000000e+00 
 1.46000000e+00  4.56745040e-01  4.56745040e-01  4.56745040e-01  4.56745040e-01  4.56745040e-01  3.20309839e-09  3.23751278e-09  1.54614805e-07  4.66450985e-08  1.46000000e+00 
 1.47000000e+00  4.56745034e-01  4.56745034e-01  4.56745034e-01  4.56745034e-01  4.56745034e-01  3.20309845e-09  3.23751272e-09  1.54614794e-07  4.66450558e-08  1.47000000e+00 
 1.48000000e+00  4.56745044e-01  4.56745044e-01  4.56745044e-01  4.56745044e-01  4.56745044e-01  3.20309845e-09  3.23751272e-09  1.54614810e-07  4.66447432e-08  1.48000000e+00 
 1.49000000e+00  4.56745046e-01  4.56745046e-01  4.56745045e-01  4.56745046e-01  4.56745046e-01  3.20309845e-09  3.23751272e-09  1.54614811e-07  4.66447005e-08  1.49000000e+00 
 1.50000000e+00  4.56745049e-01  4.56745049e-01  4.56745049e-01  4.56745049e-01  4.56745049e-01  3.20309839e-09  3.23751278e-09  1.54614816e-07  4.66446011e-08  1.50000000e+00 
 1.51000000e+00  4.56745019e-01  4.56745019e-01  4.56745019e-01  4.56745019e-01  4.56745019e-01  3.20309845e-09  3.23751278e-09  1.54614770e-07  4.66441747e-08  1.51000000e+00 
 1.52000000e+00  4.56745065e-01  4.56745065e-01  4.56745064e-01  4.56745065e-01  4.56745065e-01  3.20309845e-09  3.23751272e-09  1.54614830e-07  4.66439616e-08  1.52000000e+00 
 1.53000000e+00  4.56745046e-01  4.56745046e-01  4.56745046e-01  4.56745046e-01  4.56745046e-01  3.20309845e-09  3.23751272e-09  1.54614813e-07  4.66437058e-08  1.53000000e+00 
 1.54000000e+00  4.56745028e-01  4.56745028e-01  4.56745027e-01  4.56745028e-01  4.56745028e-01  3.20309845e-09  3.23751278e-09  1.54614784e-07  4.66432510e-08  1.54000000e+00 
 1.55000000e+00  4.56745052e-01  4.56745052e-01  4.56745052e-01  4.56745052e-01  4.56745052e-01  3.20309839e-09  3.23751278e-09  1.54614803e-07  4.66428105e-08  1.55000000e+00 
 1.56000000e+00  4.56745041e-01  4.56745041e-01  4.56745040e-01  4.56745041e-01  4.56745041e-01  3.20309845e-09  3.23751272e-09  1.54614802e-07  4.66421000e-08  1.56000000e+00 
 1.57000000e+00  4.56745055e-01  4.56745055e-01  4.56745055e-01  4.56745055e-01  4.56745055e-01  3.20309845e-09  3.23751278e-09  1.54614848e-07  4.66413894e-08  1.57000000e+00 
 1.58000000e+00  4.56745049e-01  4.56745049e-01  4.56745049e-01  4.56745049e-01  4.56745049e-01  3.20309839e-09  3.23751278e-09  1.54614807e-07  4.66402241e-08  1.58000000e+00 
 1.59000000e+00  4.56745042e-01  4.56745042e-01  4.56745042e-01  4.56745042e-01  4.56745042e-01  3.20309839e-09  3.23751272e-09  1.54614804e-07  4.66384478e-08  1.59000000e+00 
 1.60000000e+00  4.56745038e-01  4.56745038e-01  4.56745038e-01  4.56745038e-01  4.56745038e-01  3.20309839e-09  3.23751278e-09  1.54614812e-07  4.66356056e-08  1.60000000e+00 
 1.61000000e+00  4.56745045e-01  4.56745045e-01  4.56745045e-01  4.56745045e-01  4.56745045e-01  3.20309845e-09  3.23751272e-09  1.54614808e-07  4.66311576e-08  1.61000000e+00 
 1.62000000e+00  4.56745043e-01  4.56745043e-01  4.56745043e-01  4.56745043e-01  4.56745043e-01  3.20309839e-09  3.23751278e-09  1.54614798e-07  4.66231427e-08  1.62000000e+00 
 1.63000000e+00  4.56745047e-01  4.56745047e-01  4.56745047e-01  4.56745047e-01  4.56745047e-01  3.20309845e-09  3.23751272e-09  1.54614820e-07  4.66088039e-08  1.63000000e+00 
 1.64000000e+00  4.56745038e-01  4.56745038e-01  4.56745038e-01  4.56745038e-01  4.56745038e-01  3.20309839e-09  3.23751278e-09  1.54614803e-07  4.65822723e-08  1.64000000e+00 
 1.65000000e+00  4.56745047e-01  4.56745047e-01  4.56745047e-01  4.56745047e-01  4.56745047e-01  3.20309845e-09  3.23751278e-09  1.54614800e-07  4.65298484e-08  1.65000000e+00 
 1.66000000e+00  4.56745054e-01  4.56745054e-01  4.56745054e-01  4.56745054e-01  4.56745054e-01  3.20309845e-09  3.23751272e-09  1.54614815e-07  4.64087435e-08  1.66000000e+00 
 1.67000000e+00  4.56745044e-01  4.56745044e-01  4.56745044e-01  4.56745044e-01  4.56745044e-01  3.20309839e-09  3.23751272e-09  1.54614809e-07  4.55866314e-08  1.67000000e+00 
 1.68000000e+00  4.56745046e-01  4.56745046e-01  4.56745046e-01  4.56745046e-01  4.56745046e-01  3.20309845e-09  3.23751278e-09  1.54614812e-07  4.38067360e-08  1.68000000e+00 
 1.69000000e+00  4.56745065e-01  4.56745065e-01  4.56745065e-01  4.56745065e-01  4.56745065e-01  3.20309839e-09  3.23751272e-09  1.54614833e-07  3.53616372e-08  1.69000000e+00 
 1.70000000e+00  4.56745046e-01  4.56745046e-01  4.56745046e-01  4.56745046e-01  4.56745046e-01  3.20309839e-09  3.23751278e-09  1.54614803e-07  2.77246102e-08  1.70000000e+00 
 1.71000000e+00  4.56745044e-01  4.56745044e-01  4.56745044e-01  4.56745044e-01  4.56745044e-01  3.20309845e-09  3.23751272e-09  1.54614813e-07  2.14693330e-08  1.71000000e+00 
 1.72000000e+00  4.56745052e-01  4.56745052e-01  4.56745052e-01  4.56745052e-01  4.56745052e-01  3.20309845e-09  3.23751272e-09  1.54614820e-07  1.63604597e-08  1.72000000e+00 
 1.73000000e+00  4.56745063e-01  4.56745063e-01  4.56745063e-01  4.56745063e-01  4.56745063e-01  3.20309839e-09  3.23751272e-09  1.54614850e-07  1.21935955e-08  1.73000000e+00 
 1.74000000e+00  4.56745055e-01  4.56745055e-01  4.56745055e-01  4.56745055e-01  4.56745055e-01  3.20309839e-09  3.23751272e-09  1.54614813e-07  8.79275319e-09  1.74000000e+00 
 1.75000000e+00  4.56745053e-01  4.56745053e-01  4.56745053e-01  4.56745053e-01  4.56745053e-01  3.20309845e-09  3.23751278e-09  1.54614819e-07  6.00437033e-09  1.75000000e+00 
 1.76000000e+00  4.56745057e-01  4.56745057e-01  4.56745057e-01  4.56745057e-01  4.56745057e-01  3.20309845e-09  3.23751278e-09  1.54614824e-07  3.69826125e-09  1.76000000e+00 
 1.77000000e+00  4.56745069e-01  4.56745069e-01  4.56745069e-01  4.56745069e-01  4.56745069e-01  3.20309845e-09  3.23751278e-09  1.54614836e-07  1.77134041e-09  1.77000000e+00 
 1.78000000e+00  4.56745053e-01  4.56745053e-01  4.56745053e-01  4.56745053e-01  4.56745053e-01  3.20309845e-09  3.23751278e-09  1.54614801e-07  1.61364255e-10  1.78000000e+00 
 1.79000000e+00  4.56745044e-01  4.56745044e-01  4.56745044e-01  4.56745044e-01  4.56745044e-01  3.20309839e-09  3.23751278e-09  1.54614805e-07 -1.15186083e-09  1.79000000e+00 
 1.80000000e+00  4.56745031e-01  4.56745031e-01  4.56745031e-01  4.56745031e-01  4.56745031e-01  3.20309839e-09  3.23751278e-09  1.54614777e-07 -2.16675744e-09  1.80000000e+00 
