 v-sweep         v(b0)           v(b1)           v(b2)           v(b3)           v(b4)           v(b5)           v(b6)           i(vbias)        i(viout)        v(vout)        
 0.00000000e+00  3.24748143e-09  4.55475186e-01  3.52277177e-09  3.33159373e-09  3.27506383e-09  3.20654048e-09  4.55475186e-01  1.53204522e-07  9.68886738e-08  0.00000000e+00 
 1.00000000e-02  3.24748142e-09  4.55475187e-01  3.52277175e-09  3.33159371e-09  3.27506380e-09  3.20654046e-09  4.55475187e-01  1.53204512e-07  9.68884343e-08  1.00000000e-02 
 2.00000000e-02  3.24748142e-09  4.55475186e-01  3.52277175e-09  3.33159371e-09  3.27506381e-09  3.20654046e-09  4.55475186e-01  1.53204520e-07  9.68878833e-08  2.00000000e-02 
 3.00000000e-02  3.24748141e-09  4.55475171e-01  3.52277181e-09  3.33159371e-09  3.27506375e-09  3.20654046e-09  4.55475171e-01  1.53204508e-07  9.68875311e-08  3.00000000e-02 
 4.00000000e-02  3.24748142e-09  4.55475209e-01  3.52277175e-09  3.33159371e-09  3.27506381e-09  3.20654046e-09  4.55475209e-01  1.53204560e-07  9.68872800e-08  4.00000000e-02 
 5.00000000e-02  3.24748142e-09  4.55475184e-01  3.52277175e-09  3.33159371e-09  3.27506381e-09  3.20654046e-09  4.55475184e-01  1.53204527e-07  9.68868958e-08  5.00000000e-02 
 6.00000000e-02  3.24748142e-09  4.55475226e-01  3.52277176e-09  3.33159377e-09  3.27506375e-09  3.20654052e-09  4.55475226e-01  1.53204570e-07  9.68866170e-08  6.00000000e-02 
 7.00000000e-02  3.24748142e-09  4.55475191e-01  3.52277175e-09  3.33159371e-09  3.27506381e-09  3.20654046e-09  4.55475191e-01  1.53204518e-07  9.68862861e-08  7.00000000e-02 
 8.00000000e-02  3.24748141e-09  4.55475174e-01  3.52277181e-09  3.33159371e-09  3.27506381e-09  3.20654051e-09  4.55475174e-01  1.53204509e-07  9.68858132e-08  8.00000000e-02 
 9.00000000e-02  3.24748142e-09  4.55475213e-01  3.52277181e-09  3.33159371e-09  3.27506381e-09  3.20654046e-09  4.55475213e-01  1.53204564e-07  9.68856355e-08  9.00000000e-02 
 1.00000000e-01  3.24748142e-09  4.55475184e-01  3.52277181e-09  3.33159371e-09  3.27506381e-09  3.20654046e-09  4.55475184e-01  1.53204506e-07  9.68853939e-08  1.00000000e-01 
 1.10000000e-01  3.24748142e-09  4.55475187e-01  3.52277175e-09  3.33159371e-09  3.27506381e-09  3.20654046e-09  4.55475187e-01  1.53204517e-07  9.68852403e-08  1.10000000e-01 
 1.20000000e-01  3.24748136e-09  4.55475209e-01  3.52277181e-09  3.33159371e-09  3.27506381e-09  3.20654046e-09  4.55475209e-01  1.53204544e-07  9.68848539e-08  1.20000000e-01 
 1.30000000e-01  3.24748142e-09  4.55475182e-01  3.52277175e-09  3.33159376e-09  3.27506375e-09  3.20654046e-09  4.55475182e-01  1.53204503e-07  9.68847278e-08  1.30000000e-01 
 1.40000000e-01  3.24748142e-09  4.55475191e-01  3.52277181e-09  3.33159371e-09  3.27506375e-09  3.20654046e-09  4.55475191e-01  1.53204530e-07  9.68844258e-08  1.40000000e-01 
 1.50000000e-01  3.24748142e-09  4.55475199e-01  3.52277175e-09  3.33159371e-09  3.27506381e-09  3.20654046e-09  4.55475199e-01  1.53204540e-07  9.68842411e-08  1.50000000e-01 
 1.60000000e-01  3.24748141e-09  4.55475176e-01  3.52277181e-09  3.33159371e-09  3.27506375e-09  3.20654046e-09  4.55475176e-01  1.53204506e-07  9.68840421e-08  1.60000000e-01 
 1.70000000e-01  3.24748142e-09  4.55475192e-01  3.52277181e-09  3.33159371e-09  3.27506381e-09  3.20654046e-09  4.55475192e-01  1.53204535e-07  9.68838396e-08  1.70000000e-01 
 1.80000000e-01  3.24748142e-09  4.55475191e-01  3.52277175e-09  3.33159371e-09  3.27506381e-09  3.20654046e-09  4.55475191e-01  1.53204547e-07  9.68835909e-08  1.80000000e-01 
 1.90000000e-01  3.24748142e-09  4.55475180e-01  3.52277181e-09  3.33159371e-09  3.27506381e-09  3.20654046e-09  4.55475180e-01  1.53204496e-07  9.68835074e-08  1.90000000e-01 
 2.00000000e-01  3.24748142e-09  4.55475195e-01  3.52277181e-09  3.33159371e-09  3.27506381e-09  3.20654046e-09  4.55475195e-01  1.53204532e-07  9.68833209e-08  2.00000000e-01 
 2.10000000e-01  3.24748142e-09  4.55475203e-01  3.52277175e-09  3.33159371e-09  3.27506381e-09  3.20654046e-09  4.55475203e-01  1.53204534e-07  9.68831220e-08  2.10000000e-01 
 2.20000000e-01  3.24748136e-09  4.55475167e-01  3.52277181e-09  3.33159371e-09  3.27506381e-09  3.20654046e-09  4.55475167e-01  1.53204482e-07  9.68829266e-08  2.20000000e-01 
 2.30000000e-01  3.24748141e-09  4.55475164e-01  3.52277181e-09  3.33159370e-09  3.27506375e-09  3.20654051e-09  4.55475164e-01  1.53204496e-07  9.68827472e-08  2.30000000e-01 
 2.40000000e-01  3.24748142e-09  4.55475192e-01  3.52277181e-09  3.33159371e-09  3.27506381e-09  3.20654052e-09  4.55475193e-01  1.53204523e-07  9.68826637e-08  2.40000000e-01 
 2.50000000e-01  3.24748141e-09  4.55475158e-01  3.52277181e-09  3.33159376e-09  3.27506380e-09  3.20654046e-09  4.55475158e-01  1.53204480e-07  9.68824025e-08  2.50000000e-01 
 2.60000000e-01  3.24748141e-09  4.55475163e-01  3.52277181e-09  3.33159370e-09  3.27506380e-09  3.20654046e-09  4.55475163e-01  1.53204491e-07  9.68823919e-08  2.60000000e-01 
 2.70000000e-01  3.24748142e-09  4.55475191e-01  3.52277181e-09  3.33159371e-09  3.27506375e-09  3.20654046e-09  4.55475191e-01  1.53204541e-07  9.68821450e-08  2.70000000e-01 
 2.80000000e-01  3.24748142e-09  4.55475200e-01  3.52277181e-09  3.33159377e-09  3.27506375e-09  3.20654046e-09  4.55475200e-01  1.53204537e-07  9.68820082e-08  2.80000000e-01 
 2.90000000e-01  3.24748141e-09  4.55475171e-01  3.52277181e-09  3.33159371e-09  3.27506375e-09  3.20654046e-09  4.55475171e-01  1.53204501e-07  9.68819975e-08  2.90000000e-01 
 3.00000000e-01  3.24748141e-09  4.55475168e-01  3.52277175e-09  3.33159376e-09  3.27506381e-09  3.20654046e-09  4.55475168e-01  1.53204509e-07  9.68818696e-08  3.00000000e-01 
 3.10000000e-01  3.24748142e-09  4.55475190e-01  3.52277175e-09  3.33159371e-09  3.27506375e-09  3.20654046e-09  4.55475190e-01  1.53204531e-07  9.68816458e-08  3.10000000e-01 
 3.20000000e-01  3.24748142e-09  4.55475195e-01  3.52277181e-09  3.33159371e-09  3.27506381e-09  3.20654046e-09  4.55475195e-01  1.53204543e-07  9.68816636e-08  3.20000000e-01 
 3.30000000e-01  3.24748142e-09  4.55475192e-01  3.52277175e-09  3.33159371e-09  3.27506375e-09  3.20654046e-09  4.55475192e-01  1.53204539e-07  9.68815073e-08  3.30000000e-01 
 3.40000000e-01  3.24748142e-09  4.55475207e-01  3.52277181e-09  3.33159371e-09  3.27506375e-09  3.20654046e-09  4.55475207e-01  1.53204556e-07  9.68814504e-08  3.40000000e-01 
 3.50000000e-01  3.24748136e-09  4.55475192e-01  3.52277175e-09  3.33159371e-09  3.27506381e-09  3.20654046e-09  4.55475192e-01  1.53204517e-07  9.68813580e-08  3.50000000e-01 
 3.60000000e-01  3.24748141e-09  4.55475175e-01  3.52277181e-09  3.33159371e-09  3.27506375e-09  3.20654051e-09  4.55475175e-01  1.53204514e-07  9.68811626e-08  3.60000000e-01 
 3.70000000e-01  3.24748142e-09  4.55475201e-01  3.52277175e-09  3.33159371e-09  3.27506375e-09  3.20654046e-09  4.55475201e-01  1.53204532e-07  9.68812195e-08  3.70000000e-01 
 3.80000000e-01  3.24748142e-09  4.55475188e-01  3.52277175e-09  3.33159371e-09  3.27506381e-09  3.20654046e-09  4.55475188e-01  1.53204517e-07  9.68810632e-08  3.80000000e-01 
 3.90000000e-01  3.24748142e-09  4.55475180e-01  3.52277175e-09  3.33159376e-09  3.27506381e-09  3.20654046e-09  4.55475180e-01  1.53204520e-07  9.68809424e-08  3.90000000e-01 
 4.00000000e-01  3.24748142e-09  4.55475197e-01  3.52277181e-09  3.33159371e-09  3.27506381e-09  3.20654046e-09  4.55475197e-01  1.53204536e-07  9.68810099e-08  4.00000000e-01 
 4.10000000e-01  3.24748141e-09  4.55475162e-01  3.52277181e-09  3.33159370e-09  3.27506375e-09  3.20654046e-09  4.55475162e-01  1.53204481e-07  9.68807470e-08  4.10000000e-01 
 4.20000000e-01  3.24748141e-09  4.55475173e-01  3.52277181e-09  3.33159371e-09  3.27506381e-09  3.20654051e-09  4.55475173e-01  1.53204503e-07  9.68806972e-08  4.20000000e-01 
 4.30000000e-01  3.24748142e-09  4.55475189e-01  3.52277175e-09  3.33159371e-09  3.27506381e-09  3.20654046e-09  4.55475189e-01  1.53204518e-07  9.68805658e-08  4.30000000e-01 
 4.40000000e-01  3.24748136e-09  4.55475179e-01  3.52277181e-09  3.33159371e-09  3.27506381e-09  3.20654052e-09  4.55475179e-01  1.53204514e-07  9.68803953e-08  4.40000000e-01 
 4.50000000e-01  3.24748142e-09  4.55475200e-01  3.52277175e-09  3.33159371e-09  3.27506381e-09  3.20654046e-09  4.55475200e-01  1.53204558e-07  9.68804699e-08  4.50000000e-01 
 4.60000000e-01  3.24748141e-09  4.55475165e-01  3.52277181e-09  3.33159371e-09  3.27506375e-09  3.20654046e-09  4.55475165e-01  1.53204496e-07  9.68802816e-08  4.60000000e-01 
 4.70000000e-01  3.24748136e-09  4.55475184e-01  3.52277181e-09  3.33159371e-09  3.27506375e-09  3.20654046e-09  4.55475184e-01  1.53204523e-07  9.68802603e-08  4.70000000e-01 
 4.80000000e-01  3.24748141e-09  4.55475161e-01  3.52277175e-09  3.33159376e-09  3.27506380e-09  3.20654046e-09  4.55475161e-01  1.53204488e-07  9.68801643e-08  4.80000000e-01 
 4.90000000e-01  3.24748142e-09  4.55475192e-01  3.52277175e-09  3.33159371e-09  3.27506381e-09  3.20654046e-09  4.55475192e-01  1.53204538e-07  9.68801288e-08  4.90000000e-01 
 5.00000000e-01  3.24748142e-09  4.55475186e-01  3.52277181e-09  3.33159371e-09  3.27506375e-09  3.20654046e-09  4.55475186e-01  1.53204511e-07  9.68801075e-08  5.00000000e-01 
 5.10000000e-01  3.24748141e-09  4.55475176e-01  3.52277175e-09  3.33159371e-09  3.27506381e-09  3.20654046e-09  4.55475176e-01  1.53204513e-07  9.68800009e-08  5.10000000e-01 
 5.20000000e-01  3.24748141e-09  4.55475177e-01  3.52277181e-09  3.33159371e-09  3.27506375e-09  3.20654046e-09  4.55475177e-01  1.53204520e-07  9.68798197e-08  5.20000000e-01 
 5.30000000e-01  3.24748142e-09  4.55475205e-01  3.52277181e-09  3.33159371e-09  3.27506381e-09  3.20654046e-09  4.55475205e-01  1.53204538e-07  9.68797806e-08  5.30000000e-01 
 5.40000000e-01  3.24748142e-09  4.55475189e-01  3.52277181e-09  3.33159371e-09  3.27506381e-09  3.20654046e-09  4.55475189e-01  1.53204527e-07  9.68798091e-08  5.40000000e-01 
 5.50000000e-01  3.24748142e-09  4.55475203e-01  3.52277175e-09  3.33159371e-09  3.27506381e-09  3.20654046e-09  4.55475203e-01  1.53204546e-07  9.68797167e-08  5.50000000e-01 
 5.60000000e-01  3.24748142e-09  4.55475192e-01  3.52277175e-09  3.33159371e-09  3.27506381e-09  3.20654046e-09  4.55475192e-01  1.53204528e-07  9.68795106e-08  5.60000000e-01 
 5.70000000e-01  3.24748142e-09  4.55475196e-01  3.52277181e-09  3.33159377e-09  3.27506381e-09  3.20654046e-09  4.55475196e-01  1.53204532e-07  9.68795355e-08  5.70000000e-01 
 5.80000000e-01  3.24748136e-09  4.55475194e-01  3.52277175e-09  3.33159371e-09  3.27506375e-09  3.20654046e-09  4.55475195e-01  1.53204524e-07  9.68794396e-08  5.80000000e-01 
 5.90000000e-01  3.24748142e-09  4.55475186e-01  3.52277175e-09  3.33159376e-09  3.27506381e-09  3.20654046e-09  4.55475186e-01  1.53204519e-07  9.68793401e-08  5.90000000e-01 
 6.00000000e-01  3.24748142e-09  4.55475188e-01  3.52277175e-09  3.33159371e-09  3.27506381e-09  3.20654046e-09  4.55475188e-01  1.53204523e-07  9.68793259e-08  6.00000000e-01 
 6.10000000e-01  3.24748142e-09  4.55475200e-01  3.52277181e-09  3.33159371e-09  3.27506381e-09  3.20654046e-09  4.55475200e-01  1.53204537e-07  9.68791269e-08  6.10000000e-01 
 6.20000000e-01  3.24748142e-09  4.55475201e-01  3.52277181e-09  3.33159371e-09  3.27506381e-09  3.20654046e-09  4.55475201e-01  1.53204550e-07  9.68791909e-08  6.20000000e-01 
 6.30000000e-01  3.24748141e-09  4.55475175e-01  3.52277175e-09  3.33159371e-09  3.27506381e-09  3.20654046e-09  4.55475175e-01  1.53204497e-07  9.68789919e-08  6.30000000e-01 
 6.40000000e-01  3.24748142e-09  4.55475196e-01  3.52277175e-09  3.33159371e-09  3.27506381e-09  3.20654046e-09  4.55475196e-01  1.53204543e-07  9.68789351e-08  6.40000000e-01 
 6.50000000e-01  3.24748142e-09  4.55475187e-01  3.52277181e-09  3.33159371e-09  3.27506375e-09  3.20654046e-09  4.55475187e-01  1.53204540e-07  9.68788569e-08  6.50000000e-01 
 6.60000000e-01  3.24748142e-09  4.55475189e-01  3.52277181e-09  3.33159371e-09  3.27506381e-09  3.20654046e-09  4.55475189e-01  1.53204515e-07  9.68787575e-08  6.60000000e-01 
 6.70000000e-01  3.24748142e-09  4.55475204e-01  3.52277175e-09  3.33159371e-09  3.27506381e-09  3.20654046e-09  4.55475204e-01  1.53204565e-07  9.68787717e-08  6.70000000e-01 
 6.80000000e-01  3.24748142e-09  4.55475191e-01  3.52277181e-09  3.33159376e-09  3.27506381e-09  3.20654046e-09  4.55475191e-01  1.53204531e-07  9.68785656e-08  6.80000000e-01 
 6.90000000e-01  3.24748142e-09  4.55475199e-01  3.52277181e-09  3.33159371e-09  3.27506381e-09  3.20654046e-09  4.55475199e-01  1.53204541e-07  9.68787006e-08  6.90000000e-01 
 7.00000000e-01  3.24748142e-09  4.55475180e-01  3.52277175e-09  3.33159371e-09  3.27506375e-09  3.20654046e-09  4.55475180e-01  1.53204507e-07  9.68785656e-08  7.00000000e-01 
 7.10000000e-01  3.24748136e-09  4.55475199e-01  3.52277175e-09  3.33159377e-09  3.27506381e-09  3.20654046e-09  4.55475199e-01  1.53204540e-07  9.68785585e-08  7.10000000e-01 
 7.20000000e-01  3.24748141e-09  4.55475179e-01  3.52277175e-09  3.33159371e-09  3.27506381e-09  3.20654046e-09  4.55475179e-01  1.53204513e-07  9.68783667e-08  7.20000000e-01 
 7.30000000e-01  3.24748142e-09  4.55475203e-01  3.52277181e-09  3.33159371e-09  3.27506381e-09  3.20654046e-09  4.55475203e-01  1.53204549e-07  9.68782885e-08  7.30000000e-01 
 7.40000000e-01  3.24748136e-09  4.55475185e-01  3.52277175e-09  3.33159371e-09  3.27506375e-09  3.20654046e-09  4.55475185e-01  1.53204518e-07  9.68782743e-08  7.40000000e-01 
 7.50000000e-01  3.24748142e-09  4.55475187e-01  3.52277181e-09  3.33159371e-09  3.27506381e-09  3.20654046e-09  4.55475187e-01  1.53204521e-07  9.68782459e-08  7.50000000e-01 
 7.60000000e-01  3.24748141e-09  4.55475174e-01  3.52277181e-09  3.33159371e-09  3.27506381e-09  3.20654051e-09  4.55475174e-01  1.53204489e-07  9.68781109e-08  7.60000000e-01 
 7.70000000e-01  3.24748136e-09  4.55475184e-01  3.52277181e-09  3.33159371e-09  3.27506381e-09  3.20654046e-09  4.55475184e-01  1.53204516e-07  9.68780043e-08  7.70000000e-01 
 7.80000000e-01  3.24748141e-09  4.55475175e-01  3.52277181e-09  3.33159371e-09  3.27506381e-09  3.20654046e-09  4.55475175e-01  1.53204502e-07  9.68778622e-08  7.80000000e-01 
 7.90000000e-01  3.24748136e-09  4.55475194e-01  3.52277181e-09  3.33159371e-09  3.27506381e-09  3.20654046e-09  4.55475194e-01  1.53204550e-07  9.68777982e-08  7.90000000e-01 
 8.00000000e-01  3.24748136e-09  4.55475188e-01  3.52277175e-09  3.33159376e-09  3.27506381e-09  3.20654046e-09  4.55475188e-01  1.53204533e-07  9.68778195e-08  8.00000000e-01 
 8.10000000e-01  3.24748142e-09  4.55475183e-01  3.52277175e-09  3.33159371e-09  3.27506381e-09  3.20654052e-09  4.55475183e-01  1.53204508e-07  9.68776845e-08  8.10000000e-01 
 8.20000000e-01  3.24748142e-09  4.55475188e-01  3.52277175e-09  3.33159371e-09  3.27506381e-09  3.20654046e-09  4.55475188e-01  1.53204529e-07  9.68776419e-08  8.20000000e-01 
 8.30000000e-01  3.24748142e-09  4.55475182e-01  3.52277175e-09  3.33159371e-09  3.27506381e-09  3.20654046e-09  4.55475182e-01  1.53204519e-07  9.68776916e-08  8.30000000e-01 
 8.40000000e-01  3.24748141e-09  4.55475173e-01  3.52277175e-09  3.33159371e-09  3.27506381e-09  3.20654046e-09  4.55475173e-01  1.53204490e-07  9.68774785e-08  8.40000000e-01 
 8.50000000e-01  3.24748142e-09  4.55475187e-01  3.52277181e-09  3.33159371e-09  3.27506381e-09  3.20654052e-09  4.55475187e-01  1.53204530e-07  9.68774359e-08  8.50000000e-01 
 8.60000000e-01  3.24748142e-09  4.55475209e-01  3.52277181e-09  3.33159371e-09  3.27506381e-09  3.20654046e-09  4.55475209e-01  1.53204553e-07  9.68774074e-08  8.60000000e-01 
 8.70000000e-01  3.24748142e-09  4.55475187e-01  3.52277181e-09  3.33159371e-09  3.27506381e-09  3.20654046e-09  4.55475187e-01  1.53204519e-07  9.68773364e-08  8.70000000e-01 
 8.80000000e-01  3.24748142e-09  4.55475183e-01  3.52277181e-09  3.33159371e-09  3.27506375e-09  3.20654046e-09  4.55475183e-01  1.53204522e-07  9.68771516e-08  8.80000000e-01 
 8.90000000e-01  3.24748142e-09  4.55475183e-01  3.52277181e-09  3.33159371e-09  3.27506381e-09  3.20654046e-09  4.55475183e-01  1.53204502e-07  9.68771587e-08  8.90000000e-01 
 9.00000000e-01  3.24748136e-09  4.55475187e-01  3.52277175e-09  3.33159371e-09  3.27506375e-09  3.20654046e-09  4.55475187e-01  1.53204531e-07  9.68770451e-08  9.00000000e-01 
 9.10000000e-01  3.24748142e-09  4.55475194e-01  3.52277181e-09  3.33159371e-09  3.27506381e-09  3.20654046e-09  4.55475194e-01  1.53204541e-07  9.68770593e-08  9.10000000e-01 
 9.20000000e-01  3.24748142e-09  4.55475184e-01  3.52277175e-09  3.33159371e-09  3.27506381e-09  3.20654046e-09  4.55475184e-01  1.53204523e-07  9.68768674e-08  9.20000000e-01 
 9.30000000e-01  3.24748141e-09  4.55475174e-01  3.52277181e-09  3.33159371e-09  3.27506375e-09  3.20654046e-09  4.55475174e-01  1.53204520e-07  9.68767182e-08  9.30000000e-01 
 9.40000000e-01  3.24748142e-09  4.55475185e-01  3.52277175e-09  3.33159371e-09  3.27506381e-09  3.20654052e-09  4.55475185e-01  1.53204505e-07  9.68767822e-08  9.40000000e-01 
 9.50000000e-01  3.24748142e-09  4.55475183e-01  3.52277175e-09  3.33159371e-09  3.27506381e-09  3.20654046e-09  4.55475183e-01  1.53204525e-07  9.68767253e-08  9.50000000e-01 
 9.60000000e-01  3.24748142e-09  4.55475188e-01  3.52277181e-09  3.33159371e-09  3.27506381e-09  3.20654046e-09  4.55475188e-01  1.53204524e-07  9.68764837e-08  9.60000000e-01 
 9.70000000e-01  3.24748142e-09  4.55475193e-01  3.52277181e-09  3.33159376e-09  3.27506375e-09  3.20654046e-09  4.55475193e-01  1.53204512e-07  9.68765050e-08  9.70000000e-01 
 9.80000000e-01  3.24748142e-09  4.55475201e-01  3.52277181e-09  3.33159371e-09  3.27506375e-09  3.20654046e-09  4.55475201e-01  1.53204548e-07  9.68765264e-08  9.80000000e-01 
 9.90000000e-01  3.24748142e-09  4.55475191e-01  3.52277181e-09  3.33159371e-09  3.27506381e-09  3.20654046e-09  4.55475191e-01  1.53204531e-07  9.68763274e-08  9.90000000e-01 
 1.00000000e+00  3.24748142e-09  4.55475200e-01  3.52277181e-09  3.33159371e-09  3.27506381e-09  3.20654046e-09  4.55475200e-01  1.53204539e-07  9.68763203e-08  1.00000000e+00 
 1.01000000e+00  3.24748142e-09  4.55475187e-01  3.52277181e-09  3.33159371e-09  3.27506381e-09  3.20654046e-09  4.55475187e-01  1.53204540e-07  9.68761071e-08  1.01000000e+00 
 1.02000000e+00  3.24748136e-09  4.55475201e-01  3.52277175e-09  3.33159371e-09  3.27506381e-09  3.20654046e-09  4.55475201e-01  1.53204548e-07  9.68760645e-08  1.02000000e+00 
 1.03000000e+00  3.24748142e-09  4.55475190e-01  3.52277175e-09  3.33159376e-09  3.27506381e-09  3.20654046e-09  4.55475190e-01  1.53204535e-07  9.68760503e-08  1.03000000e+00 
 1.04000000e+00  3.24748142e-09  4.55475187e-01  3.52277175e-09  3.33159371e-09  3.27506375e-09  3.20654052e-09  4.55475187e-01  1.53204517e-07  9.68759082e-08  1.04000000e+00 
 1.05000000e+00  3.24748141e-09  4.55475171e-01  3.52277175e-09  3.33159371e-09  3.27506381e-09  3.20654046e-09  4.55475171e-01  1.53204497e-07  9.68758584e-08  1.05000000e+00 
 1.06000000e+00  3.24748141e-09  4.55475159e-01  3.52277181e-09  3.33159376e-09  3.27506380e-09  3.20654046e-09  4.55475159e-01  1.53204497e-07  9.68757590e-08  1.06000000e+00 
 1.07000000e+00  3.24748141e-09  4.55475174e-01  3.52277181e-09  3.33159371e-09  3.27506381e-09  3.20654046e-09  4.55475174e-01  1.53204491e-07  9.68756382e-08  1.07000000e+00 
 1.08000000e+00  3.24748136e-09  4.55475188e-01  3.52277175e-09  3.33159371e-09  3.27506375e-09  3.20654046e-09  4.55475188e-01  1.53204523e-07  9.68755884e-08  1.08000000e+00 
 1.09000000e+00  3.24748142e-09  4.55475196e-01  3.52277175e-09  3.33159371e-09  3.27506381e-09  3.20654046e-09  4.55475196e-01  1.53204548e-07  9.68755032e-08  1.09000000e+00 
 1.10000000e+00  3.24748142e-09  4.55475193e-01  3.52277181e-09  3.33159371e-09  3.27506381e-09  3.20654046e-09  4.55475193e-01  1.53204539e-07  9.68754463e-08  1.10000000e+00 
 1.11000000e+00  3.24748141e-09  4.55475179e-01  3.52277181e-09  3.33159371e-09  3.27506375e-09  3.20654046e-09  4.55475179e-01  1.53204504e-07  9.68752900e-08  1.11000000e+00 
 1.12000000e+00  3.24748142e-09  4.55475187e-01  3.52277175e-09  3.33159371e-09  3.27506381e-09  3.20654046e-09  4.55475187e-01  1.53204534e-07  9.68752545e-08  1.12000000e+00 
 1.13000000e+00  3.24748142e-09  4.55475192e-01  3.52277175e-09  3.33159376e-09  3.27506375e-09  3.20654046e-09  4.55475192e-01  1.53204537e-07  9.68751692e-08  1.13000000e+00 
 1.14000000e+00  3.24748142e-09  4.55475184e-01  3.52277175e-09  3.33159371e-09  3.27506381e-09  3.20654052e-09  4.55475184e-01  1.53204520e-07  9.68750058e-08  1.14000000e+00 
 1.15000000e+00  3.24748142e-09  4.55475190e-01  3.52277175e-09  3.33159371e-09  3.27506375e-09  3.20654046e-09  4.55475190e-01  1.53204526e-07  9.68749774e-08  1.15000000e+00 
 1.16000000e+00  3.24748136e-09  4.55475192e-01  3.52277181e-09  3.33159371e-09  3.27506375e-09  3.20654046e-09  4.55475192e-01  1.53204514e-07  9.68749276e-08  1.16000000e+00 
 1.17000000e+00  3.24748142e-09  4.55475214e-01  3.52277181e-09  3.33159371e-09  3.27506381e-09  3.20654046e-09  4.55475214e-01  1.53204571e-07  9.68748708e-08  1.17000000e+00 
 1.18000000e+00  3.24748142e-09  4.55475183e-01  3.52277181e-09  3.33159371e-09  3.27506375e-09  3.20654046e-09  4.55475183e-01  1.53204512e-07  9.68746861e-08  1.18000000e+00 
 1.19000000e+00  3.24748142e-09  4.55475180e-01  3.52277175e-09  3.33159371e-09  3.27506381e-09  3.20654046e-09  4.55475180e-01  1.53204512e-07  9.68745439e-08  1.19000000e+00 
 1.20000000e+00  3.24748141e-09  4.55475177e-01  3.52277175e-09  3.33159371e-09  3.27506375e-09  3.20654046e-09  4.55475177e-01  1.53204512e-07  9.68744871e-08  1.20000000e+00 
 1.21000000e+00  3.24748142e-09  4.55475191e-01  3.52277181e-09  3.33159371e-09  3.27506381e-09  3.20654046e-09  4.55475191e-01  1.53204525e-07  9.68744160e-08  1.21000000e+00 
 1.22000000e+00  3.24748142e-09  4.55475210e-01  3.52277175e-09  3.33159371e-09  3.27506381e-09  3.20654046e-09  4.55475210e-01  1.53204561e-07  9.68743166e-08  1.22000000e+00 
 1.23000000e+00  3.24748142e-09  4.55475189e-01  3.52277175e-09  3.33159371e-09  3.27506375e-09  3.20654046e-09  4.55475189e-01  1.53204519e-07  9.68741034e-08  1.23000000e+00 
 1.24000000e+00  3.24748142e-09  4.55475188e-01  3.52277175e-09  3.33159371e-09  3.27506381e-09  3.20654046e-09  4.55475188e-01  1.53204518e-07  9.68740039e-08  1.24000000e+00 
 1.25000000e+00  3.24748142e-09  4.55475186e-01  3.52277175e-09  3.33159371e-09  3.27506381e-09  3.20654046e-09  4.55475186e-01  1.53204511e-07  9.68739329e-08  1.25000000e+00 
 1.26000000e+00  3.24748142e-09  4.55475197e-01  3.52277175e-09  3.33159371e-09  3.27506381e-09  3.20654046e-09  4.55475197e-01  1.53204530e-07  9.68739471e-08  1.26000000e+00 
 1.27000000e+00  3.24748141e-09  4.55475175e-01  3.52277175e-09  3.33159371e-09  3.27506375e-09  3.20654046e-09  4.55475175e-01  1.53204506e-07  9.68737766e-08  1.27000000e+00 
 1.28000000e+00  3.24748141e-09  4.55475179e-01  3.52277181e-09  3.33159371e-09  3.27506381e-09  3.20654046e-09  4.55475179e-01  1.53204513e-07  9.68736487e-08  1.28000000e+00 
 1.29000000e+00  3.24748142e-09  4.55475191e-01  3.52277175e-09  3.33159371e-09  3.27506381e-09  3.20654046e-09  4.55475191e-01  1.53204520e-07  9.68735492e-08  1.29000000e+00 
 1.30000000e+00  3.24748142e-09  4.55475194e-01  3.52277175e-09  3.33159371e-09  3.27506375e-09  3.20654046e-09  4.55475194e-01  1.53204537e-07  9.68734497e-08  1.30000000e+00 
 1.31000000e+00  3.24748142e-09  4.55475196e-01  3.52277181e-09  3.33159371e-09  3.27506381e-09  3.20654046e-09  4.55475196e-01  1.53204541e-07  9.68733218e-08  1.31000000e+00 
 1.32000000e+00  3.24748142e-09  4.55475202e-01  3.52277181e-09  3.33159371e-09  3.27506381e-09  3.20654052e-09  4.55475202e-01  1.53204539e-07  9.68732508e-08  1.32000000e+00 
 1.33000000e+00  3.24748141e-09  4.55475174e-01  3.52277175e-09  3.33159371e-09  3.27506375e-09  3.20654046e-09  4.55475174e-01  1.53204499e-07  9.68729950e-08  1.33000000e+00 
 1.34000000e+00  3.24748142e-09  4.55475189e-01  3.52277175e-09  3.33159371e-09  3.27506381e-09  3.20654046e-09  4.55475189e-01  1.53204532e-07  9.68728386e-08  1.34000000e+00 
 1.35000000e+00  3.24748136e-09  4.55475194e-01  3.52277181e-09  3.33159371e-09  3.27506381e-09  3.20654046e-09  4.55475194e-01  1.53204535e-07  9.68727107e-08  1.35000000e+00 
 1.36000000e+00  3.24748141e-09  4.55475177e-01  3.52277181e-09  3.33159371e-09  3.27506381e-09  3.20654046e-09  4.55475177e-01  1.53204499e-07  9.68725971e-08  1.36000000e+00 
 1.37000000e+00  3.24748141e-09  4.55475167e-01  3.52277181e-09  3.33159371e-09  3.27506375e-09  3.20654046e-09  4.55475167e-01  1.53204494e-07  9.68723981e-08  1.37000000e+00 
 1.38000000e+00  3.24748136e-09  4.55475211e-01  3.52277181e-09  3.33159377e-09  3.27506381e-09  3.20654046e-09  4.55475211e-01  1.53204569e-07  9.68723839e-08  1.38000000e+00 
 1.39000000e+00  3.24748141e-09  4.55475167e-01  3.52277181e-09  3.33159371e-09  3.27506381e-09  3.20654046e-09  4.55475167e-01  1.53204497e-07  9.68721849e-08  1.39000000e+00 
 1.40000000e+00  3.24748141e-09  4.55475177e-01  3.52277175e-09  3.33159371e-09  3.27506375e-09  3.20654046e-09  4.55475177e-01  1.53204501e-07  9.68719007e-08  1.40000000e+00 
 1.41000000e+00  3.24748142e-09  4.55475192e-01  3.52277175e-09  3.33159371e-09  3.27506381e-09  3.20654046e-09  4.55475192e-01  1.53204541e-07  9.68718155e-08  1.41000000e+00 
 1.42000000e+00  3.24748142e-09  4.55475184e-01  3.52277181e-09  3.33159371e-09  3.27506381e-09  3.20654046e-09  4.55475184e-01  1.53204516e-07  9.68716165e-08  1.42000000e+00 
 1.43000000e+00  3.24748142e-09  4.55475192e-01  3.52277181e-09  3.33159376e-09  3.27506375e-09  3.20654046e-09  4.55475192e-01  1.53204534e-07  9.68713891e-08  1.43000000e+00 
 1.44000000e+00  3.24748142e-09  4.55475180e-01  3.52277175e-09  3.33159371e-09  3.27506381e-09  3.20654046e-09  4.55475181e-01  1.53204522e-07  9.68710765e-08  1.44000000e+00 
 1.45000000e+00  3.24748142e-09  4.55475200e-01  3.52277175e-09  3.33159371e-09  3.27506381e-09  3.20654052e-09  4.55475200e-01  1.53204547e-07  9.68709060e-08  1.45000000e+00 
 1.46000000e+00  3.24748142e-09  4.55475180e-01  3.52277181e-09  3.33159371e-09  3.27506381e-09  3.20654052e-09  4.55475180e-01  1.53204520e-07  9.68705507e-08  1.46000000e+00 
 1.47000000e+00  3.24748142e-09  4.55475210e-01  3.52277181e-09  3.33159371e-09  3.27506381e-09  3.20654046e-09  4.55475210e-01  1.53204557e-07  9.68703091e-08  1.47000000e+00 
 1.48000000e+00  3.24748142e-09  4.55475183e-01  3.52277181e-09  3.33159371e-09  3.27506381e-09  3.20654046e-09  4.55475183e-01  1.53204512e-07  9.68698117e-08  1.48000000e+00 
 1.49000000e+00  3.24748142e-09  4.55475187e-01  3.52277181e-09  3.33159376e-09  3.27506381e-09  3.20654046e-09  4.55475187e-01  1.53204528e-07  9.68694138e-08  1.49000000e+00 
 1.50000000e+00  3.24748141e-09  4.55475167e-01  3.52277175e-09  3.33159371e-09  3.27506375e-09  3.20654046e-09  4.55475167e-01  1.53204495e-07  9.68686322e-08  1.50000000e+00 
 1.51000000e+00  3.24748142e-09  4.55475197e-01  3.52277181e-09  3.33159371e-09  3.27506381e-09  3.20654046e-09  4.55475197e-01  1.53204541e-07  9.68678791e-08  1.51000000e+00 
 1.52000000e+00  3.24748142e-09  4.55475196e-01  3.52277175e-09  3.33159371e-09  3.27506375e-09  3.20654046e-09  4.55475196e-01  1.53204540e-07  9.68669269e-08  1.52000000e+00 
 1.53000000e+00  3.24748141e-09  4.55475178e-01  3.52277175e-09  3.33159376e-09  3.27506375e-09  3.20654052e-09  4.55475178e-01  1.53204502e-07  9.68654774e-08  1.53000000e+00 
 1.54000000e+00  3.24748142e-09  4.55475181e-01  3.52277175e-09  3.33159376e-09  3.27506381e-09  3.20654046e-09  4.55475181e-01  1.53204526e-07  9.68636868e-08  1.54000000e+00 
 1.55000000e+00  3.24748142e-09  4.55475195e-01  3.52277181e-09  3.33159371e-09  3.27506375e-09  3.20654046e-09  4.55475195e-01  1.53204545e-07  9.68611431e-08  1.55000000e+00 
 1.56000000e+00  3.24748142e-09  4.55475207e-01  3.52277175e-09  3.33159371e-09  3.27506381e-09  3.20654046e-09  4.55475207e-01  1.53204553e-07  9.68569935e-08  1.56000000e+00 
 1.57000000e+00  3.24748141e-09  4.55475170e-01  3.52277181e-09  3.33159371e-09  3.27506381e-09  3.20654046e-09  4.55475170e-01  1.53204491e-07  9.68503571e-08  1.57000000e+00 
 1.58000000e+00  3.24748136e-09  4.55475189e-01  3.52277181e-09  3.33159371e-09  3.27506381e-09  3.20654046e-09  4.55475189e-01  1.53204524e-07  9.68394858e-08  1.58000000e+00 
 1.59000000e+00  3.24748142e-09  4.55475202e-01  3.52277175e-09  3.33159371e-09  3.27506381e-09  3.20654046e-09  4.55475202e-01  1.53204554e-07  9.68197469e-08  1.59000000e+00 
 1.60000000e+00  3.24748142e-09  4.55475182e-01  3.52277175e-09  3.33159371e-09  3.27506381e-09  3.20654046e-09  4.55475182e-01  1.53204517e-07  9.67837082e-08  1.60000000e+00 
 1.61000000e+00  3.24748142e-09  4.55475186e-01  3.52277181e-09  3.33159371e-09  3.27506381e-09  3.20654046e-09  4.55475186e-01  1.53204537e-07  9.67139471e-08  1.61000000e+00 
 1.62000000e+00  3.24748142e-09  4.55475188e-01  3.52277181e-09  3.33159371e-09  3.27506381e-09  3.20654046e-09  4.55475188e-01  1.53204525e-07  9.65551266e-08  1.62000000e+00 
 1.63000000e+00  3.24748136e-09  4.55475196e-01  3.52277181e-09  3.33159371e-09  3.27506381e-09  3.20654046e-09  4.55475196e-01  1.53204524e-07  9.59981463e-08  1.63000000e+00 
 1.64000000e+00  3.24748142e-09  4.55475197e-01  3.52277175e-09  3.33159371e-09  3.27506375e-09  3.20654046e-09  4.55475197e-01  1.53204537e-07  9.46132701e-08  1.64000000e+00 
 1.65000000e+00  3.24748136e-09  4.55475205e-01  3.52277181e-09  3.33159371e-09  3.27506381e-09  3.20654052e-09  4.55475205e-01  1.53204545e-07  8.43887875e-08  1.65000000e+00 
 1.66000000e+00  3.24748142e-09  4.55475198e-01  3.52277175e-09  3.33159371e-09  3.27506375e-09  3.20654046e-09  4.55475198e-01  1.53204518e-07  6.85635229e-08  1.66000000e+00 
 1.67000000e+00  3.24748142e-09  4.55475194e-01  3.52277181e-09  3.33159371e-09  3.27506381e-09  3.20654046e-09  4.55475194e-01  1.53204529e-07  5.52346222e-08  1.67000000e+00 
 1.68000000e+00  3.24748142e-09  4.55475196e-01  3.52277175e-09  3.33159371e-09  3.27506375e-09  3.20654052e-09  4.55475196e-01  1.53204522e-07  4.41293793e-08  1.68000000e+00 
 1.69000000e+00  3.24748142e-09  4.55475185e-01  3.52277175e-09  3.33159371e-09  3.27506375e-09  3.20654046e-09  4.55475185e-01  1.53204504e-07  3.49492097e-08  1.69000000e+00 
 1.70000000e+00  3.24748142e-09  4.55475191e-01  3.52277175e-09  3.33159371e-09  3.27506381e-09  3.20654046e-09  4.55475191e-01  1.53204529e-07  2.74017253e-08  1.70000000e+00 
 1.71000000e+00  3.24748142e-09  4.55475186e-01  3.52277181e-09  3.33159371e-09  3.27506381e-09  3.20654046e-09  4.55475186e-01  1.53204513e-07  2.12215241e-08  1.71000000e+00 
 1.72000000e+00  3.24748136e-09  4.55475176e-01  3.52277175e-09  3.33159371e-09  3.27506381e-09  3.20654046e-09  4.55475176e-01  1.53204518e-07  1.61747664e-08  1.72000000e+00 
 1.73000000e+00  3.24748142e-09  4.55475218e-01  3.52277181e-09  3.33159371e-09  3.27506381e-09  3.20654046e-09  4.55475218e-01  1.53204578e-07  1.20601129e-08  1.73000000e+00 
 1.74000000e+00  3.24748142e-09  4.55475193e-01  3.52277181e-09  3.33159371e-09  3.27506375e-09  3.20654046e-09  4.55475193e-01  1.53204518e-07  8.70265637e-09  1.74000000e+00 
 1.75000000e+00  3.24748141e-09  4.55475168e-01  3.52277175e-09  3.33159371e-09  3.27506381e-09  3.20654046e-09  4.55475168e-01  1.53204509e-07  5.95123595e-09  1.75000000e+00 
 1.76000000e+00  3.24748136e-09  4.55475171e-01  3.52277181e-09  3.33159371e-09  3.27506381e-09  3.20654046e-09  4.55475171e-01  1.53204495e-07  3.67657549e-09  1.76000000e+00 
 1.77000000e+00  3.24748142e-09  4.55475192e-01  3.52277175e-09  3.33159371e-09  3.27506381e-09  3.20654046e-09  4.55475192e-01  1.53204539e-07  1.77732318e-09  1.77000000e+00 
 1.78000000e+00  3.24748142e-09  4.55475195e-01  3.52277181e-09  3.33159371e-09  3.27506381e-09  3.20654046e-09  4.55475195e-01  1.53204541e-07  1.91306526e-10  1.78000000e+00 
 1.79000000e+00  3.24748142e-09  4.55475192e-01  3.52277175e-09  3.33159371e-09  3.27506381e-09  3.20654046e-09  4.55475192e-01  1.53204523e-07 -1.10119913e-09  1.79000000e+00 
 1.80000000e+00  3.24748142e-09  4.55475196e-01  3.52277175e-09  3.33159371e-09  3.27506381e-09  3.20654046e-09  4.55475196e-01  1.53204524e-07 -2.09919904e-09  1.80000000e+00 
