 v-sweep         v(b0)           v(b1)           v(b2)           v(b3)           v(b4)           v(b5)           v(b6)           i(vbias)        i(viout)        v(vout)        
 0.00000000e+00  4.56294217e-01  4.56294217e-01  3.20534971e-09  4.56294217e-01  3.42564271e-09  4.56294217e-01  3.40564985e-09  1.55083092e-07  6.12146700e-08  0.00000000e+00 
 1.00000000e-02  4.56294205e-01  4.56294205e-01  3.20534974e-09  4.56294205e-01  3.42564268e-09  4.56294205e-01  3.40564982e-09  1.55083052e-07  6.12141595e-08  1.00000000e-02 
 2.00000000e-02  4.56294237e-01  4.56294237e-01  3.20534974e-09  4.56294237e-01  3.42564274e-09  4.56294237e-01  3.40564982e-09  1.55083100e-07  6.12138440e-08  2.00000000e-02 
 3.00000000e-02  4.56294191e-01  4.56294191e-01  3.20534974e-09  4.56294191e-01  3.42564267e-09  4.56294191e-01  3.40564981e-09  1.55083038e-07  6.12134148e-08  3.00000000e-02 
 4.00000000e-02  4.56294201e-01  4.56294202e-01  3.20534974e-09  4.56294202e-01  3.42564275e-09  4.56294202e-01  3.40564987e-09  1.55083051e-07  6.12132531e-08  4.00000000e-02 
 5.00000000e-02  4.56294200e-01  4.56294200e-01  3.20534974e-09  4.56294200e-01  3.42564273e-09  4.56294200e-01  3.40564982e-09  1.55083049e-07  6.12128930e-08  5.00000000e-02 
 6.00000000e-02  4.56294204e-01  4.56294204e-01  3.20534974e-09  4.56294204e-01  3.42564275e-09  4.56294204e-01  3.40564987e-09  1.55083048e-07  6.12124360e-08  6.00000000e-02 
 7.00000000e-02  4.56294191e-01  4.56294191e-01  3.20534974e-09  4.56294191e-01  3.42564273e-09  4.56294191e-01  3.40564981e-09  1.55083037e-07  6.12121061e-08  7.00000000e-02 
 8.00000000e-02  4.56294203e-01  4.56294203e-01  3.20534974e-09  4.56294203e-01  3.42564269e-09  4.56294203e-01  3.40564982e-09  1.55083045e-07  6.12118525e-08  8.00000000e-02 
 9.00000000e-02  4.56294196e-01  4.56294196e-01  3.20534974e-09  4.56294196e-01  3.42564274e-09  4.56294196e-01  3.40564987e-09  1.55083042e-07  6.12116011e-08  9.00000000e-02 
 1.00000000e-01  4.56294218e-01  4.56294218e-01  3.20534974e-09  4.56294218e-01  3.42564274e-09  4.56294218e-01  3.40564987e-09  1.55083065e-07  6.12113205e-08  1.00000000e-01 
 1.10000000e-01  4.56294210e-01  4.56294211e-01  3.20534974e-09  4.56294211e-01  3.42564273e-09  4.56294211e-01  3.40564982e-09  1.55083066e-07  6.12112219e-08  1.10000000e-01 
 1.20000000e-01  4.56294229e-01  4.56294230e-01  3.20534974e-09  4.56294230e-01  3.42564269e-09  4.56294230e-01  3.40564988e-09  1.55083082e-07  6.12108559e-08  1.20000000e-01 
 1.30000000e-01  4.56294222e-01  4.56294222e-01  3.20534974e-09  4.56294222e-01  3.42564269e-09  4.56294222e-01  3.40564987e-09  1.55083078e-07  6.12106819e-08  1.30000000e-01 
 1.40000000e-01  4.56294212e-01  4.56294212e-01  3.20534974e-09  4.56294212e-01  3.42564274e-09  4.56294212e-01  3.40564982e-09  1.55083069e-07  6.12103817e-08  1.40000000e-01 
 1.50000000e-01  4.56294198e-01  4.56294198e-01  3.20534974e-09  4.56294198e-01  3.42564274e-09  4.56294198e-01  3.40564982e-09  1.55083040e-07  6.12101658e-08  1.50000000e-01 
 1.60000000e-01  4.56294232e-01  4.56294232e-01  3.20534974e-09  4.56294232e-01  3.42564274e-09  4.56294232e-01  3.40564982e-09  1.55083097e-07  6.12099011e-08  1.60000000e-01 
 1.70000000e-01  4.56294238e-01  4.56294238e-01  3.20534974e-09  4.56294238e-01  3.42564273e-09  4.56294238e-01  3.40564988e-09  1.55083097e-07  6.12097750e-08  1.70000000e-01 
 1.80000000e-01  4.56294205e-01  4.56294205e-01  3.20534974e-09  4.56294205e-01  3.42564269e-09  4.56294205e-01  3.40564982e-09  1.55083057e-07  6.12096223e-08  1.80000000e-01 
 1.90000000e-01  4.56294218e-01  4.56294218e-01  3.20534968e-09  4.56294218e-01  3.42564274e-09  4.56294218e-01  3.40564982e-09  1.55083079e-07  6.12095405e-08  1.90000000e-01 
 2.00000000e-01  4.56294212e-01  4.56294213e-01  3.20534975e-09  4.56294212e-01  3.42564273e-09  4.56294212e-01  3.40564987e-09  1.55083066e-07  6.12092972e-08  2.00000000e-01 
 2.10000000e-01  4.56294211e-01  4.56294211e-01  3.20534973e-09  4.56294211e-01  3.42564269e-09  4.56294211e-01  3.40564987e-09  1.55083061e-07  6.12091000e-08  2.10000000e-01 
 2.20000000e-01  4.56294200e-01  4.56294200e-01  3.20534974e-09  4.56294200e-01  3.42564274e-09  4.56294200e-01  3.40564987e-09  1.55083045e-07  6.12088975e-08  2.20000000e-01 
 2.30000000e-01  4.56294197e-01  4.56294198e-01  3.20534974e-09  4.56294197e-01  3.42564274e-09  4.56294198e-01  3.40564982e-09  1.55083043e-07  6.12088744e-08  2.30000000e-01 
 2.40000000e-01  4.56294214e-01  4.56294214e-01  3.20534974e-09  4.56294214e-01  3.42564274e-09  4.56294214e-01  3.40564987e-09  1.55083059e-07  6.12086950e-08  2.40000000e-01 
 2.50000000e-01  4.56294235e-01  4.56294235e-01  3.20534974e-09  4.56294235e-01  3.42564273e-09  4.56294235e-01  3.40564982e-09  1.55083097e-07  6.12085778e-08  2.50000000e-01 
 2.60000000e-01  4.56294211e-01  4.56294211e-01  3.20534974e-09  4.56294211e-01  3.42564269e-09  4.56294211e-01  3.40564982e-09  1.55083064e-07  6.12083877e-08  2.60000000e-01 
 2.70000000e-01  4.56294203e-01  4.56294203e-01  3.20534974e-09  4.56294203e-01  3.42564268e-09  4.56294203e-01  3.40564987e-09  1.55083043e-07  6.12083504e-08  2.70000000e-01 
 2.80000000e-01  4.56294199e-01  4.56294199e-01  3.20534974e-09  4.56294199e-01  3.42564274e-09  4.56294199e-01  3.40564987e-09  1.55083031e-07  6.12081692e-08  2.80000000e-01 
 2.90000000e-01  4.56294195e-01  4.56294195e-01  3.20534974e-09  4.56294195e-01  3.42564268e-09  4.56294195e-01  3.40564981e-09  1.55083032e-07  6.12078672e-08  2.90000000e-01 
 3.00000000e-01  4.56294211e-01  4.56294211e-01  3.20534974e-09  4.56294211e-01  3.42564274e-09  4.56294211e-01  3.40564982e-09  1.55083054e-07  6.12079631e-08  3.00000000e-01 
 3.10000000e-01  4.56294227e-01  4.56294227e-01  3.20534974e-09  4.56294227e-01  3.42564274e-09  4.56294227e-01  3.40564982e-09  1.55083080e-07  6.12079170e-08  3.10000000e-01 
 3.20000000e-01  4.56294217e-01  4.56294218e-01  3.20534974e-09  4.56294218e-01  3.42564273e-09  4.56294218e-01  3.40564987e-09  1.55083077e-07  6.12077962e-08  3.20000000e-01 
 3.30000000e-01  4.56294209e-01  4.56294209e-01  3.20534974e-09  4.56294209e-01  3.42564269e-09  4.56294209e-01  3.40564982e-09  1.55083063e-07  6.12075972e-08  3.30000000e-01 
 3.40000000e-01  4.56294201e-01  4.56294201e-01  3.20534968e-09  4.56294201e-01  3.42564268e-09  4.56294201e-01  3.40564982e-09  1.55083045e-07  6.12075262e-08  3.40000000e-01 
 3.50000000e-01  4.56294240e-01  4.56294241e-01  3.20534969e-09  4.56294240e-01  3.42564269e-09  4.56294241e-01  3.40564982e-09  1.55083105e-07  6.12076363e-08  3.50000000e-01 
 3.60000000e-01  4.56294227e-01  4.56294227e-01  3.20534974e-09  4.56294227e-01  3.42564269e-09  4.56294227e-01  3.40564982e-09  1.55083104e-07  6.12075368e-08  3.60000000e-01 
 3.70000000e-01  4.56294205e-01  4.56294205e-01  3.20534973e-09  4.56294205e-01  3.42564274e-09  4.56294205e-01  3.40564982e-09  1.55083048e-07  6.12072952e-08  3.70000000e-01 
 3.80000000e-01  4.56294204e-01  4.56294204e-01  3.20534974e-09  4.56294204e-01  3.42564274e-09  4.56294204e-01  3.40564982e-09  1.55083047e-07  6.12071815e-08  3.80000000e-01 
 3.90000000e-01  4.56294180e-01  4.56294180e-01  3.20534974e-09  4.56294180e-01  3.42564274e-09  4.56294180e-01  3.40564987e-09  1.55083016e-07  6.12071318e-08  3.90000000e-01 
 4.00000000e-01  4.56294211e-01  4.56294211e-01  3.20534974e-09  4.56294211e-01  3.42564274e-09  4.56294211e-01  3.40564982e-09  1.55083062e-07  6.12071425e-08  4.00000000e-01 
 4.10000000e-01  4.56294225e-01  4.56294225e-01  3.20534974e-09  4.56294225e-01  3.42564274e-09  4.56294225e-01  3.40564982e-09  1.55083078e-07  6.12070181e-08  4.10000000e-01 
 4.20000000e-01  4.56294215e-01  4.56294215e-01  3.20534974e-09  4.56294215e-01  3.42564273e-09  4.56294215e-01  3.40564987e-09  1.55083054e-07  6.12069115e-08  4.20000000e-01 
 4.30000000e-01  4.56294207e-01  4.56294207e-01  3.20534974e-09  4.56294207e-01  3.42564275e-09  4.56294207e-01  3.40564987e-09  1.55083046e-07  6.12067659e-08  4.30000000e-01 
 4.40000000e-01  4.56294190e-01  4.56294190e-01  3.20534974e-09  4.56294190e-01  3.42564273e-09  4.56294190e-01  3.40564981e-09  1.55083041e-07  6.12066664e-08  4.40000000e-01 
 4.50000000e-01  4.56294218e-01  4.56294218e-01  3.20534968e-09  4.56294218e-01  3.42564275e-09  4.56294218e-01  3.40564982e-09  1.55083057e-07  6.12066877e-08  4.50000000e-01 
 4.60000000e-01  4.56294191e-01  4.56294191e-01  3.20534975e-09  4.56294191e-01  3.42564273e-09  4.56294191e-01  3.40564981e-09  1.55083033e-07  6.12065989e-08  4.60000000e-01 
 4.70000000e-01  4.56294190e-01  4.56294190e-01  3.20534973e-09  4.56294190e-01  3.42564275e-09  4.56294190e-01  3.40564981e-09  1.55083021e-07  6.12065634e-08  4.70000000e-01 
 4.80000000e-01  4.56294225e-01  4.56294225e-01  3.20534974e-09  4.56294225e-01  3.42564273e-09  4.56294225e-01  3.40564982e-09  1.55083067e-07  6.12065456e-08  4.80000000e-01 
 4.90000000e-01  4.56294208e-01  4.56294208e-01  3.20534974e-09  4.56294208e-01  3.42564269e-09  4.56294208e-01  3.40564982e-09  1.55083059e-07  6.12064461e-08  4.90000000e-01 
 5.00000000e-01  4.56294196e-01  4.56294196e-01  3.20534974e-09  4.56294196e-01  3.42564274e-09  4.56294196e-01  3.40564981e-09  1.55083036e-07  6.12063538e-08  5.00000000e-01 
 5.10000000e-01  4.56294227e-01  4.56294227e-01  3.20534974e-09  4.56294227e-01  3.42564274e-09  4.56294227e-01  3.40564988e-09  1.55083073e-07  6.12064213e-08  5.10000000e-01 
 5.20000000e-01  4.56294214e-01  4.56294214e-01  3.20534974e-09  4.56294214e-01  3.42564273e-09  4.56294214e-01  3.40564982e-09  1.55083044e-07  6.12061690e-08  5.20000000e-01 
 5.30000000e-01  4.56294189e-01  4.56294190e-01  3.20534974e-09  4.56294190e-01  3.42564275e-09  4.56294190e-01  3.40564981e-09  1.55083029e-07  6.12061051e-08  5.30000000e-01 
 5.40000000e-01  4.56294230e-01  4.56294230e-01  3.20534974e-09  4.56294230e-01  3.42564273e-09  4.56294230e-01  3.40564982e-09  1.55083095e-07  6.12060660e-08  5.40000000e-01 
 5.50000000e-01  4.56294204e-01  4.56294204e-01  3.20534974e-09  4.56294204e-01  3.42564275e-09  4.56294204e-01  3.40564987e-09  1.55083066e-07  6.12059097e-08  5.50000000e-01 
 5.60000000e-01  4.56294204e-01  4.56294204e-01  3.20534974e-09  4.56294204e-01  3.42564273e-09  4.56294204e-01  3.40564987e-09  1.55083043e-07  6.12058777e-08  5.60000000e-01 
 5.70000000e-01  4.56294196e-01  4.56294196e-01  3.20534974e-09  4.56294196e-01  3.42564275e-09  4.56294196e-01  3.40564981e-09  1.55083040e-07  6.12059559e-08  5.70000000e-01 
 5.80000000e-01  4.56294217e-01  4.56294218e-01  3.20534974e-09  4.56294218e-01  3.42564273e-09  4.56294218e-01  3.40564982e-09  1.55083076e-07  6.12057960e-08  5.80000000e-01 
 5.90000000e-01  4.56294207e-01  4.56294207e-01  3.20534974e-09  4.56294207e-01  3.42564269e-09  4.56294207e-01  3.40564982e-09  1.55083053e-07  6.12056610e-08  5.90000000e-01 
 6.00000000e-01  4.56294223e-01  4.56294223e-01  3.20534974e-09  4.56294223e-01  3.42564269e-09  4.56294223e-01  3.40564987e-09  1.55083074e-07  6.12056894e-08  6.00000000e-01 
 6.10000000e-01  4.56294224e-01  4.56294225e-01  3.20534974e-09  4.56294225e-01  3.42564274e-09  4.56294225e-01  3.40564988e-09  1.55083073e-07  6.12056965e-08  6.10000000e-01 
 6.20000000e-01  4.56294244e-01  4.56294244e-01  3.20534968e-09  4.56294244e-01  3.42564273e-09  4.56294244e-01  3.40564988e-09  1.55083127e-07  6.12055970e-08  6.20000000e-01 
 6.30000000e-01  4.56294212e-01  4.56294213e-01  3.20534975e-09  4.56294213e-01  3.42564269e-09  4.56294213e-01  3.40564987e-09  1.55083070e-07  6.12054620e-08  6.30000000e-01 
 6.40000000e-01  4.56294197e-01  4.56294197e-01  3.20534973e-09  4.56294197e-01  3.42564274e-09  4.56294197e-01  3.40564987e-09  1.55083038e-07  6.12053910e-08  6.40000000e-01 
 6.50000000e-01  4.56294219e-01  4.56294219e-01  3.20534974e-09  4.56294219e-01  3.42564274e-09  4.56294219e-01  3.40564982e-09  1.55083070e-07  6.12054478e-08  6.50000000e-01 
 6.60000000e-01  4.56294200e-01  4.56294200e-01  3.20534974e-09  4.56294200e-01  3.42564273e-09  4.56294200e-01  3.40564982e-09  1.55083038e-07  6.12052915e-08  6.60000000e-01 
 6.70000000e-01  4.56294213e-01  4.56294213e-01  3.20534974e-09  4.56294213e-01  3.42564275e-09  4.56294213e-01  3.40564987e-09  1.55083062e-07  6.12052702e-08  6.70000000e-01 
 6.80000000e-01  4.56294201e-01  4.56294201e-01  3.20534974e-09  4.56294201e-01  3.42564267e-09  4.56294201e-01  3.40564982e-09  1.55083046e-07  6.12051707e-08  6.80000000e-01 
 6.90000000e-01  4.56294200e-01  4.56294201e-01  3.20534974e-09  4.56294201e-01  3.42564269e-09  4.56294201e-01  3.40564987e-09  1.55083052e-07  6.12051778e-08  6.90000000e-01 
 7.00000000e-01  4.56294196e-01  4.56294196e-01  3.20534974e-09  4.56294196e-01  3.42564274e-09  4.56294196e-01  3.40564981e-09  1.55083039e-07  6.12050997e-08  7.00000000e-01 
 7.10000000e-01  4.56294199e-01  4.56294199e-01  3.20534974e-09  4.56294199e-01  3.42564274e-09  4.56294199e-01  3.40564982e-09  1.55083040e-07  6.12050499e-08  7.10000000e-01 
 7.20000000e-01  4.56294225e-01  4.56294225e-01  3.20534974e-09  4.56294225e-01  3.42564269e-09  4.56294225e-01  3.40564982e-09  1.55083086e-07  6.12049789e-08  7.20000000e-01 
 7.30000000e-01  4.56294227e-01  4.56294227e-01  3.20534974e-09  4.56294227e-01  3.42564269e-09  4.56294227e-01  3.40564982e-09  1.55083079e-07  6.12049504e-08  7.30000000e-01 
 7.40000000e-01  4.56294237e-01  4.56294237e-01  3.20534974e-09  4.56294237e-01  3.42564274e-09  4.56294237e-01  3.40564982e-09  1.55083102e-07  6.12048439e-08  7.40000000e-01 
 7.50000000e-01  4.56294202e-01  4.56294202e-01  3.20534974e-09  4.56294202e-01  3.42564273e-09  4.56294202e-01  3.40564982e-09  1.55083063e-07  6.12048154e-08  7.50000000e-01 
 7.60000000e-01  4.56294212e-01  4.56294213e-01  3.20534974e-09  4.56294213e-01  3.42564275e-09  4.56294213e-01  3.40564982e-09  1.55083059e-07  6.12047444e-08  7.60000000e-01 
 7.70000000e-01  4.56294227e-01  4.56294227e-01  3.20534974e-09  4.56294227e-01  3.42564273e-09  4.56294227e-01  3.40564988e-09  1.55083082e-07  6.12046733e-08  7.70000000e-01 
 7.80000000e-01  4.56294216e-01  4.56294217e-01  3.20534974e-09  4.56294216e-01  3.42564275e-09  4.56294217e-01  3.40564987e-09  1.55083066e-07  6.12046236e-08  7.80000000e-01 
 7.90000000e-01  4.56294204e-01  4.56294204e-01  3.20534974e-09  4.56294204e-01  3.42564273e-09  4.56294204e-01  3.40564987e-09  1.55083051e-07  6.12045454e-08  7.90000000e-01 
 8.00000000e-01  4.56294193e-01  4.56294193e-01  3.20534974e-09  4.56294193e-01  3.42564275e-09  4.56294193e-01  3.40564987e-09  1.55083033e-07  6.12044744e-08  8.00000000e-01 
 8.10000000e-01  4.56294216e-01  4.56294216e-01  3.20534974e-09  4.56294216e-01  3.42564273e-09  4.56294216e-01  3.40564982e-09  1.55083064e-07  6.12044033e-08  8.10000000e-01 
 8.20000000e-01  4.56294196e-01  4.56294196e-01  3.20534974e-09  4.56294196e-01  3.42564269e-09  4.56294196e-01  3.40564981e-09  1.55083027e-07  6.12043181e-08  8.20000000e-01 
 8.30000000e-01  4.56294213e-01  4.56294213e-01  3.20534974e-09  4.56294213e-01  3.42564274e-09  4.56294213e-01  3.40564982e-09  1.55083059e-07  6.12042754e-08  8.30000000e-01 
 8.40000000e-01  4.56294192e-01  4.56294193e-01  3.20534974e-09  4.56294193e-01  3.42564273e-09  4.56294193e-01  3.40564987e-09  1.55083022e-07  6.12041546e-08  8.40000000e-01 
 8.50000000e-01  4.56294210e-01  4.56294210e-01  3.20534974e-09  4.56294210e-01  3.42564269e-09  4.56294210e-01  3.40564982e-09  1.55083045e-07  6.12041333e-08  8.50000000e-01 
 8.60000000e-01  4.56294208e-01  4.56294208e-01  3.20534974e-09  4.56294208e-01  3.42564274e-09  4.56294208e-01  3.40564982e-09  1.55083051e-07  6.12041049e-08  8.60000000e-01 
 8.70000000e-01  4.56294202e-01  4.56294202e-01  3.20534974e-09  4.56294202e-01  3.42564268e-09  4.56294202e-01  3.40564982e-09  1.55083049e-07  6.12040481e-08  8.70000000e-01 
 8.80000000e-01  4.56294217e-01  4.56294217e-01  3.20534974e-09  4.56294217e-01  3.42564274e-09  4.56294217e-01  3.40564987e-09  1.55083068e-07  6.12038988e-08  8.80000000e-01 
 8.90000000e-01  4.56294194e-01  4.56294194e-01  3.20534974e-09  4.56294194e-01  3.42564273e-09  4.56294194e-01  3.40564987e-09  1.55083034e-07  6.12037923e-08  8.90000000e-01 
 9.00000000e-01  4.56294204e-01  4.56294204e-01  3.20534974e-09  4.56294204e-01  3.42564269e-09  4.56294204e-01  3.40564982e-09  1.55083055e-07  6.12038633e-08  9.00000000e-01 
 9.10000000e-01  4.56294201e-01  4.56294201e-01  3.20534974e-09  4.56294201e-01  3.42564274e-09  4.56294201e-01  3.40564982e-09  1.55083041e-07  6.12038136e-08  9.10000000e-01 
 9.20000000e-01  4.56294181e-01  4.56294181e-01  3.20534974e-09  4.56294181e-01  3.42564268e-09  4.56294181e-01  3.40564987e-09  1.55083014e-07  6.12037283e-08  9.20000000e-01 
 9.30000000e-01  4.56294216e-01  4.56294216e-01  3.20534974e-09  4.56294216e-01  3.42564274e-09  4.56294216e-01  3.40564982e-09  1.55083068e-07  6.12036857e-08  9.30000000e-01 
 9.40000000e-01  4.56294212e-01  4.56294212e-01  3.20534974e-09  4.56294212e-01  3.42564267e-09  4.56294212e-01  3.40564987e-09  1.55083064e-07  6.12035933e-08  9.40000000e-01 
 9.50000000e-01  4.56294183e-01  4.56294184e-01  3.20534974e-09  4.56294183e-01  3.42564269e-09  4.56294183e-01  3.40564981e-09  1.55083005e-07  6.12034725e-08  9.50000000e-01 
 9.60000000e-01  4.56294211e-01  4.56294212e-01  3.20534974e-09  4.56294212e-01  3.42564269e-09  4.56294212e-01  3.40564982e-09  1.55083058e-07  6.12035294e-08  9.60000000e-01 
 9.70000000e-01  4.56294200e-01  4.56294200e-01  3.20534974e-09  4.56294200e-01  3.42564268e-09  4.56294200e-01  3.40564987e-09  1.55083031e-07  6.12034512e-08  9.70000000e-01 
 9.80000000e-01  4.56294195e-01  4.56294195e-01  3.20534974e-09  4.56294195e-01  3.42564274e-09  4.56294195e-01  3.40564987e-09  1.55083027e-07  6.12033446e-08  9.80000000e-01 
 9.90000000e-01  4.56294230e-01  4.56294230e-01  3.20534974e-09  4.56294230e-01  3.42564274e-09  4.56294230e-01  3.40564982e-09  1.55083079e-07  6.12032380e-08  9.90000000e-01 
 1.00000000e+00  4.56294220e-01  4.56294221e-01  3.20534974e-09  4.56294221e-01  3.42564273e-09  4.56294221e-01  3.40564987e-09  1.55083083e-07  6.12031741e-08  1.00000000e+00 
 1.01000000e+00  4.56294215e-01  4.56294216e-01  3.20534974e-09  4.56294216e-01  3.42564269e-09  4.56294216e-01  3.40564987e-09  1.55083075e-07  6.12030107e-08  1.01000000e+00 
 1.02000000e+00  4.56294189e-01  4.56294189e-01  3.20534974e-09  4.56294189e-01  3.42564268e-09  4.56294189e-01  3.40564987e-09  1.55083025e-07  6.12030107e-08  1.02000000e+00 
 1.03000000e+00  4.56294215e-01  4.56294216e-01  3.20534974e-09  4.56294216e-01  3.42564274e-09  4.56294216e-01  3.40564987e-09  1.55083071e-07  6.12029538e-08  1.03000000e+00 
 1.04000000e+00  4.56294204e-01  4.56294204e-01  3.20534974e-09  4.56294204e-01  3.42564273e-09  4.56294204e-01  3.40564982e-09  1.55083057e-07  6.12028401e-08  1.04000000e+00 
 1.05000000e+00  4.56294211e-01  4.56294211e-01  3.20534974e-09  4.56294211e-01  3.42564269e-09  4.56294211e-01  3.40564982e-09  1.55083052e-07  6.12027478e-08  1.05000000e+00 
 1.06000000e+00  4.56294219e-01  4.56294219e-01  3.20534974e-09  4.56294219e-01  3.42564274e-09  4.56294219e-01  3.40564982e-09  1.55083065e-07  6.12028757e-08  1.06000000e+00 
 1.07000000e+00  4.56294221e-01  4.56294222e-01  3.20534974e-09  4.56294222e-01  3.42564273e-09  4.56294222e-01  3.40564987e-09  1.55083067e-07  6.12026696e-08  1.07000000e+00 
 1.08000000e+00  4.56294209e-01  4.56294209e-01  3.20534974e-09  4.56294209e-01  3.42564269e-09  4.56294209e-01  3.40564982e-09  1.55083051e-07  6.12025914e-08  1.08000000e+00 
 1.09000000e+00  4.56294203e-01  4.56294203e-01  3.20534974e-09  4.56294203e-01  3.42564274e-09  4.56294203e-01  3.40564982e-09  1.55083049e-07  6.12025843e-08  1.09000000e+00 
 1.10000000e+00  4.56294194e-01  4.56294194e-01  3.20534974e-09  4.56294194e-01  3.42564268e-09  4.56294194e-01  3.40564981e-09  1.55083028e-07  6.12024991e-08  1.10000000e+00 
 1.11000000e+00  4.56294189e-01  4.56294190e-01  3.20534974e-09  4.56294189e-01  3.42564274e-09  4.56294189e-01  3.40564981e-09  1.55083031e-07  6.12025133e-08  1.11000000e+00 
 1.12000000e+00  4.56294216e-01  4.56294216e-01  3.20534974e-09  4.56294216e-01  3.42564274e-09  4.56294216e-01  3.40564987e-09  1.55083058e-07  6.12023712e-08  1.12000000e+00 
 1.13000000e+00  4.56294228e-01  4.56294228e-01  3.20534974e-09  4.56294228e-01  3.42564273e-09  4.56294228e-01  3.40564982e-09  1.55083082e-07  6.12022433e-08  1.13000000e+00 
 1.14000000e+00  4.56294185e-01  4.56294185e-01  3.20534974e-09  4.56294185e-01  3.42564269e-09  4.56294185e-01  3.40564981e-09  1.55083027e-07  6.12022006e-08  1.14000000e+00 
 1.15000000e+00  4.56294199e-01  4.56294199e-01  3.20534974e-09  4.56294199e-01  3.42564268e-09  4.56294199e-01  3.40564987e-09  1.55083035e-07  6.12020870e-08  1.15000000e+00 
 1.16000000e+00  4.56294215e-01  4.56294215e-01  3.20534974e-09  4.56294215e-01  3.42564269e-09  4.56294215e-01  3.40564982e-09  1.55083062e-07  6.12021580e-08  1.16000000e+00 
 1.17000000e+00  4.56294210e-01  4.56294210e-01  3.20534974e-09  4.56294210e-01  3.42564274e-09  4.56294210e-01  3.40564982e-09  1.55083055e-07  6.12018454e-08  1.17000000e+00 
 1.18000000e+00  4.56294220e-01  4.56294220e-01  3.20534974e-09  4.56294220e-01  3.42564274e-09  4.56294220e-01  3.40564982e-09  1.55083074e-07  6.12020443e-08  1.18000000e+00 
 1.19000000e+00  4.56294216e-01  4.56294216e-01  3.20534974e-09  4.56294216e-01  3.42564273e-09  4.56294216e-01  3.40564982e-09  1.55083063e-07  6.12018312e-08  1.19000000e+00 
 1.20000000e+00  4.56294217e-01  4.56294217e-01  3.20534974e-09  4.56294217e-01  3.42564275e-09  4.56294217e-01  3.40564982e-09  1.55083053e-07  6.12018169e-08  1.20000000e+00 
 1.21000000e+00  4.56294210e-01  4.56294211e-01  3.20534974e-09  4.56294211e-01  3.42564273e-09  4.56294211e-01  3.40564987e-09  1.55083071e-07  6.12018027e-08  1.21000000e+00 
 1.22000000e+00  4.56294213e-01  4.56294213e-01  3.20534974e-09  4.56294213e-01  3.42564275e-09  4.56294213e-01  3.40564987e-09  1.55083072e-07  6.12016464e-08  1.22000000e+00 
 1.23000000e+00  4.56294174e-01  4.56294175e-01  3.20534974e-09  4.56294174e-01  3.42564273e-09  4.56294174e-01  3.40564987e-09  1.55083003e-07  6.12015469e-08  1.23000000e+00 
 1.24000000e+00  4.56294195e-01  4.56294195e-01  3.20534974e-09  4.56294195e-01  3.42564275e-09  4.56294195e-01  3.40564987e-09  1.55083033e-07  6.12015043e-08  1.24000000e+00 
 1.25000000e+00  4.56294200e-01  4.56294200e-01  3.20534974e-09  4.56294200e-01  3.42564273e-09  4.56294200e-01  3.40564982e-09  1.55083055e-07  6.12013338e-08  1.25000000e+00 
 1.26000000e+00  4.56294172e-01  4.56294172e-01  3.20534974e-09  4.56294172e-01  3.42564275e-09  4.56294172e-01  3.40564981e-09  1.55083002e-07  6.12011775e-08  1.26000000e+00 
 1.27000000e+00  4.56294208e-01  4.56294209e-01  3.20534974e-09  4.56294209e-01  3.42564273e-09  4.56294209e-01  3.40564982e-09  1.55083056e-07  6.12011917e-08  1.27000000e+00 
 1.28000000e+00  4.56294204e-01  4.56294205e-01  3.20534968e-09  4.56294204e-01  3.42564275e-09  4.56294205e-01  3.40564982e-09  1.55083057e-07  6.12011206e-08  1.28000000e+00 
 1.29000000e+00  4.56294192e-01  4.56294192e-01  3.20534975e-09  4.56294192e-01  3.42564273e-09  4.56294192e-01  3.40564987e-09  1.55083031e-07  6.12009501e-08  1.29000000e+00 
 1.30000000e+00  4.56294201e-01  4.56294201e-01  3.20534973e-09  4.56294201e-01  3.42564269e-09  4.56294201e-01  3.40564987e-09  1.55083042e-07  6.12010354e-08  1.30000000e+00 
 1.31000000e+00  4.56294176e-01  4.56294176e-01  3.20534974e-09  4.56294176e-01  3.42564274e-09  4.56294176e-01  3.40564981e-09  1.55083002e-07  6.12009359e-08  1.31000000e+00 
 1.32000000e+00  4.56294201e-01  4.56294201e-01  3.20534974e-09  4.56294201e-01  3.42564274e-09  4.56294201e-01  3.40564987e-09  1.55083061e-07  6.12007369e-08  1.32000000e+00 
 1.33000000e+00  4.56294202e-01  4.56294202e-01  3.20534974e-09  4.56294202e-01  3.42564274e-09  4.56294202e-01  3.40564982e-09  1.55083046e-07  6.12007227e-08  1.33000000e+00 
 1.34000000e+00  4.56294205e-01  4.56294206e-01  3.20534974e-09  4.56294206e-01  3.42564274e-09  4.56294206e-01  3.40564982e-09  1.55083042e-07  6.12005948e-08  1.34000000e+00 
 1.35000000e+00  4.56294216e-01  4.56294216e-01  3.20534974e-09  4.56294216e-01  3.42564269e-09  4.56294216e-01  3.40564982e-09  1.55083068e-07  6.12005095e-08  1.35000000e+00 
 1.36000000e+00  4.56294235e-01  4.56294235e-01  3.20534974e-09  4.56294235e-01  3.42564274e-09  4.56294235e-01  3.40564982e-09  1.55083094e-07  6.12005238e-08  1.36000000e+00 
 1.37000000e+00  4.56294219e-01  4.56294219e-01  3.20534974e-09  4.56294219e-01  3.42564273e-09  4.56294219e-01  3.40564982e-09  1.55083083e-07  6.12003959e-08  1.37000000e+00 
 1.38000000e+00  4.56294204e-01  4.56294205e-01  3.20534974e-09  4.56294204e-01  3.42564269e-09  4.56294204e-01  3.40564987e-09  1.55083045e-07  6.12001969e-08  1.38000000e+00 
 1.39000000e+00  4.56294207e-01  4.56294207e-01  3.20534974e-09  4.56294207e-01  3.42564274e-09  4.56294207e-01  3.40564982e-09  1.55083056e-07  6.12001827e-08  1.39000000e+00 
 1.40000000e+00  4.56294210e-01  4.56294210e-01  3.20534974e-09  4.56294210e-01  3.42564274e-09  4.56294210e-01  3.40564982e-09  1.55083054e-07  6.11999127e-08  1.40000000e+00 
 1.41000000e+00  4.56294210e-01  4.56294210e-01  3.20534974e-09  4.56294210e-01  3.42564274e-09  4.56294210e-01  3.40564987e-09  1.55083044e-07  6.11998416e-08  1.41000000e+00 
 1.42000000e+00  4.56294209e-01  4.56294209e-01  3.20534974e-09  4.56294209e-01  3.42564269e-09  4.56294209e-01  3.40564987e-09  1.55083072e-07  6.11996995e-08  1.42000000e+00 
 1.43000000e+00  4.56294209e-01  4.56294209e-01  3.20534974e-09  4.56294209e-01  3.42564274e-09  4.56294209e-01  3.40564987e-09  1.55083072e-07  6.11996995e-08  1.43000000e+00 
 1.44000000e+00  4.56294205e-01  4.56294205e-01  3.20534974e-09  4.56294205e-01  3.42564274e-09  4.56294205e-01  3.40564987e-09  1.55083070e-07  6.11995006e-08  1.44000000e+00 
 1.45000000e+00  4.56294204e-01  4.56294204e-01  3.20534974e-09  4.56294204e-01  3.42564268e-09  4.56294204e-01  3.40564987e-09  1.55083041e-07  6.11993158e-08  1.45000000e+00 
 1.46000000e+00  4.56294176e-01  4.56294176e-01  3.20534974e-09  4.56294176e-01  3.42564274e-09  4.56294176e-01  3.40564987e-09  1.55083003e-07  6.11990743e-08  1.46000000e+00 
 1.47000000e+00  4.56294202e-01  4.56294202e-01  3.20534974e-09  4.56294202e-01  3.42564274e-09  4.56294202e-01  3.40564982e-09  1.55083042e-07  6.11989748e-08  1.47000000e+00 
 1.48000000e+00  4.56294229e-01  4.56294229e-01  3.20534974e-09  4.56294229e-01  3.42564269e-09  4.56294229e-01  3.40564982e-09  1.55083099e-07  6.11987474e-08  1.48000000e+00 
 1.49000000e+00  4.56294222e-01  4.56294223e-01  3.20534974e-09  4.56294223e-01  3.42564269e-09  4.56294223e-01  3.40564987e-09  1.55083085e-07  6.11985200e-08  1.49000000e+00 
 1.50000000e+00  4.56294216e-01  4.56294217e-01  3.20534974e-09  4.56294217e-01  3.42564274e-09  4.56294217e-01  3.40564982e-09  1.55083070e-07  6.11982358e-08  1.50000000e+00 
 1.51000000e+00  4.56294181e-01  4.56294182e-01  3.20534974e-09  4.56294181e-01  3.42564273e-09  4.56294182e-01  3.40564987e-09  1.55083034e-07  6.11978948e-08  1.51000000e+00 
 1.52000000e+00  4.56294205e-01  4.56294205e-01  3.20534974e-09  4.56294205e-01  3.42564275e-09  4.56294205e-01  3.40564982e-09  1.55083033e-07  6.11975395e-08  1.52000000e+00 
 1.53000000e+00  4.56294209e-01  4.56294210e-01  3.20534974e-09  4.56294209e-01  3.42564273e-09  4.56294209e-01  3.40564982e-09  1.55083053e-07  6.11970563e-08  1.53000000e+00 
 1.54000000e+00  4.56294186e-01  4.56294186e-01  3.20534974e-09  4.56294186e-01  3.42564269e-09  4.56294186e-01  3.40564987e-09  1.55083037e-07  6.11962605e-08  1.54000000e+00 
 1.55000000e+00  4.56294224e-01  4.56294224e-01  3.20534974e-09  4.56294224e-01  3.42564274e-09  4.56294224e-01  3.40564988e-09  1.55083091e-07  6.11956779e-08  1.55000000e+00 
 1.56000000e+00  4.56294213e-01  4.56294213e-01  3.20534974e-09  4.56294213e-01  3.42564273e-09  4.56294213e-01  3.40564987e-09  1.55083063e-07  6.11944273e-08  1.56000000e+00 
 1.57000000e+00  4.56294182e-01  4.56294182e-01  3.20534974e-09  4.56294182e-01  3.42564275e-09  4.56294182e-01  3.40564987e-09  1.55083015e-07  6.11927220e-08  1.57000000e+00 
 1.58000000e+00  4.56294234e-01  4.56294234e-01  3.20534974e-09  4.56294234e-01  3.42564273e-09  4.56294234e-01  3.40564988e-09  1.55083100e-07  6.11903772e-08  1.58000000e+00 
 1.59000000e+00  4.56294204e-01  4.56294204e-01  3.20534974e-09  4.56294204e-01  3.42564275e-09  4.56294204e-01  3.40564982e-09  1.55083063e-07  6.11862845e-08  1.59000000e+00 
 1.60000000e+00  4.56294218e-01  4.56294218e-01  3.20534974e-09  4.56294218e-01  3.42564273e-09  4.56294218e-01  3.40564982e-09  1.55083066e-07  6.11797759e-08  1.60000000e+00 
 1.61000000e+00  4.56294196e-01  4.56294196e-01  3.20534974e-09  4.56294196e-01  3.42564269e-09  4.56294196e-01  3.40564981e-09  1.55083052e-07  6.11682083e-08  1.61000000e+00 
 1.62000000e+00  4.56294204e-01  4.56294204e-01  3.20534968e-09  4.56294204e-01  3.42564274e-09  4.56294204e-01  3.40564987e-09  1.55083046e-07  6.11471478e-08  1.62000000e+00 
 1.63000000e+00  4.56294211e-01  4.56294211e-01  3.20534975e-09  4.56294211e-01  3.42564269e-09  4.56294211e-01  3.40564987e-09  1.55083054e-07  6.11071727e-08  1.63000000e+00 
 1.64000000e+00  4.56294221e-01  4.56294222e-01  3.20534974e-09  4.56294222e-01  3.42564269e-09  4.56294222e-01  3.40564987e-09  1.55083076e-07  6.10281177e-08  1.64000000e+00 
 1.65000000e+00  4.56294213e-01  4.56294213e-01  3.20534974e-09  4.56294213e-01  3.42564269e-09  4.56294213e-01  3.40564982e-09  1.55083063e-07  6.07688406e-08  1.65000000e+00 
 1.66000000e+00  4.56294206e-01  4.56294206e-01  3.20534974e-09  4.56294206e-01  3.42564274e-09  4.56294206e-01  3.40564987e-09  1.55083062e-07  5.95585590e-08  1.66000000e+00 
 1.67000000e+00  4.56294191e-01  4.56294191e-01  3.20534974e-09  4.56294191e-01  3.42564274e-09  4.56294191e-01  3.40564981e-09  1.55083020e-07  5.39426566e-08  1.67000000e+00 
 1.68000000e+00  4.56294206e-01  4.56294206e-01  3.20534974e-09  4.56294206e-01  3.42564274e-09  4.56294206e-01  3.40564982e-09  1.55083062e-07  4.30823945e-08  1.68000000e+00 
 1.69000000e+00  4.56294209e-01  4.56294209e-01  3.20534974e-09  4.56294209e-01  3.42564274e-09  4.56294209e-01  3.40564987e-09  1.55083052e-07  3.41005659e-08  1.69000000e+00 
 1.70000000e+00  4.56294217e-01  4.56294217e-01  3.20534974e-09  4.56294217e-01  3.42564269e-09  4.56294217e-01  3.40564982e-09  1.55083070e-07  2.67146589e-08  1.70000000e+00 
 1.71000000e+00  4.56294194e-01  4.56294195e-01  3.20534974e-09  4.56294195e-01  3.42564268e-09  4.56294195e-01  3.40564987e-09  1.55083026e-07  2.06672723e-08  1.71000000e+00 
 1.72000000e+00  4.56294218e-01  4.56294219e-01  3.20534974e-09  4.56294219e-01  3.42564274e-09  4.56294219e-01  3.40564982e-09  1.55083070e-07  1.57300093e-08  1.72000000e+00 
 1.73000000e+00  4.56294226e-01  4.56294226e-01  3.20534974e-09  4.56294226e-01  3.42564273e-09  4.56294226e-01  3.40564982e-09  1.55083098e-07  1.17054810e-08  1.73000000e+00 
 1.74000000e+00  4.56294193e-01  4.56294193e-01  3.20534974e-09  4.56294193e-01  3.42564275e-09  4.56294193e-01  3.40564981e-09  1.55083043e-07  8.42324255e-09  1.74000000e+00 
 1.75000000e+00  4.56294207e-01  4.56294207e-01  3.20534974e-09  4.56294207e-01  3.42564267e-09  4.56294207e-01  3.40564982e-09  1.55083044e-07  5.73484726e-09  1.75000000e+00 
 1.76000000e+00  4.56294223e-01  4.56294223e-01  3.20534974e-09  4.56294223e-01  3.42564275e-09  4.56294223e-01  3.40564987e-09  1.55083067e-07  3.51414542e-09  1.76000000e+00 
 1.77000000e+00  4.56294222e-01  4.56294222e-01  3.20534968e-09  4.56294222e-01  3.42564273e-09  4.56294222e-01  3.40564987e-09  1.55083078e-07  1.66190262e-09  1.77000000e+00 
 1.78000000e+00  4.56294223e-01  4.56294223e-01  3.20534969e-09  4.56294223e-01  3.42564269e-09  4.56294223e-01  3.40564987e-09  1.55083080e-07  1.16742171e-10  1.78000000e+00 
 1.79000000e+00  4.56294208e-01  4.56294208e-01  3.20534969e-09  4.56294208e-01  3.42564269e-09  4.56294208e-01  3.40564982e-09  1.55083060e-07 -1.14053478e-09  1.79000000e+00 
 1.80000000e+00  4.56294213e-01  4.56294213e-01  3.20534974e-09  4.56294213e-01  3.42564274e-09  4.56294213e-01  3.40564987e-09  1.55083069e-07 -2.10999929e-09  1.80000000e+00 
