 v-sweep         v(b0)           v(b1)           v(b2)           v(b3)           v(b4)           v(b5)           v(b6)           i(vbias)        i(viout)        v(vout)        
 0.00000000e+00  4.56295009e-01  4.56295009e-01  3.20534979e-09  3.16196670e-09  4.56295009e-01  4.56295009e-01  4.56295009e-01  1.55084150e-07  1.62454131e-07  0.00000000e+00 
 1.00000000e-02  4.56295012e-01  4.56295012e-01  3.20534976e-09  3.16196668e-09  4.56295012e-01  4.56295012e-01  4.56295012e-01  1.55084139e-07  1.62453759e-07  1.00000000e-02 
 2.00000000e-02  4.56294986e-01  4.56294986e-01  3.20534976e-09  3.16196674e-09  4.56294986e-01  4.56294986e-01  4.56294986e-01  1.55084100e-07  1.62453275e-07  2.00000000e-02 
 3.00000000e-02  4.56295028e-01  4.56295028e-01  3.20534976e-09  3.16196667e-09  4.56295028e-01  4.56295028e-01  4.56295028e-01  1.55084140e-07  1.62452902e-07  3.00000000e-02 
 4.00000000e-02  4.56294963e-01  4.56294963e-01  3.20534976e-09  3.16196668e-09  4.56294963e-01  4.56294963e-01  4.56294963e-01  1.55084077e-07  1.62452326e-07  4.00000000e-02 
 5.00000000e-02  4.56295017e-01  4.56295017e-01  3.20534976e-09  3.16196668e-09  4.56295017e-01  4.56295017e-01  4.56295017e-01  1.55084145e-07  1.62452074e-07  5.00000000e-02 
 6.00000000e-02  4.56295003e-01  4.56295003e-01  3.20534976e-09  3.16196668e-09  4.56295003e-01  4.56295003e-01  4.56295003e-01  1.55084125e-07  1.62451641e-07  6.00000000e-02 
 7.00000000e-02  4.56295007e-01  4.56295007e-01  3.20534976e-09  3.16196668e-09  4.56295007e-01  4.56295007e-01  4.56295007e-01  1.55084123e-07  1.62451347e-07  7.00000000e-02 
 8.00000000e-02  4.56295006e-01  4.56295006e-01  3.20534976e-09  3.16196668e-09  4.56295006e-01  4.56295006e-01  4.56295006e-01  1.55084119e-07  1.62451055e-07  8.00000000e-02 
 9.00000000e-02  4.56295017e-01  4.56295018e-01  3.20534976e-09  3.16196668e-09  4.56295017e-01  4.56295018e-01  4.56295017e-01  1.55084136e-07  1.62450769e-07  9.00000000e-02 
 1.00000000e-01  4.56294993e-01  4.56294993e-01  3.20534976e-09  3.16196668e-09  4.56294993e-01  4.56294993e-01  4.56294993e-01  1.55084114e-07  1.62450275e-07  1.00000000e-01 
 1.10000000e-01  4.56295021e-01  4.56295021e-01  3.20534976e-09  3.16196668e-09  4.56295021e-01  4.56295021e-01  4.56295021e-01  1.55084130e-07  1.62450132e-07  1.10000000e-01 
 1.20000000e-01  4.56294992e-01  4.56294992e-01  3.20534976e-09  3.16196668e-09  4.56294992e-01  4.56294992e-01  4.56294992e-01  1.55084085e-07  1.62449648e-07  1.20000000e-01 
 1.30000000e-01  4.56295014e-01  4.56295014e-01  3.20534976e-09  3.16196668e-09  4.56295014e-01  4.56295014e-01  4.56295014e-01  1.55084135e-07  1.62449602e-07  1.30000000e-01 
 1.40000000e-01  4.56294989e-01  4.56294989e-01  3.20534976e-09  3.16196668e-09  4.56294989e-01  4.56294989e-01  4.56294989e-01  1.55084103e-07  1.62449097e-07  1.40000000e-01 
 1.50000000e-01  4.56295006e-01  4.56295006e-01  3.20534976e-09  3.16196668e-09  4.56295006e-01  4.56295006e-01  4.56295006e-01  1.55084104e-07  1.62449069e-07  1.50000000e-01 
 1.60000000e-01  4.56295013e-01  4.56295013e-01  3.20534976e-09  3.16196668e-09  4.56295013e-01  4.56295013e-01  4.56295013e-01  1.55084131e-07  1.62448702e-07  1.60000000e-01 
 1.70000000e-01  4.56294994e-01  4.56294995e-01  3.20534976e-09  3.16196668e-09  4.56294994e-01  4.56294995e-01  4.56294995e-01  1.55084094e-07  1.62448455e-07  1.70000000e-01 
 1.80000000e-01  4.56294996e-01  4.56294997e-01  3.20534976e-09  3.16196668e-09  4.56294996e-01  4.56294997e-01  4.56294997e-01  1.55084112e-07  1.62448288e-07  1.80000000e-01 
 1.90000000e-01  4.56295000e-01  4.56295000e-01  3.20534976e-09  3.16196668e-09  4.56295000e-01  4.56295000e-01  4.56295000e-01  1.55084100e-07  1.62448051e-07  1.90000000e-01 
 2.00000000e-01  4.56295008e-01  4.56295008e-01  3.20534976e-09  3.16196668e-09  4.56295008e-01  4.56295008e-01  4.56295008e-01  1.55084119e-07  1.62447805e-07  2.00000000e-01 
 2.10000000e-01  4.56295007e-01  4.56295007e-01  3.20534976e-09  3.16196668e-09  4.56295007e-01  4.56295007e-01  4.56295007e-01  1.55084116e-07  1.62447618e-07  2.10000000e-01 
 2.20000000e-01  4.56295031e-01  4.56295031e-01  3.20534976e-09  3.16196668e-09  4.56295031e-01  4.56295031e-01  4.56295031e-01  1.55084153e-07  1.62447551e-07  2.20000000e-01 
 2.30000000e-01  4.56295011e-01  4.56295011e-01  3.20534976e-09  3.16196668e-09  4.56295011e-01  4.56295011e-01  4.56295011e-01  1.55084131e-07  1.62447289e-07  2.30000000e-01 
 2.40000000e-01  4.56295008e-01  4.56295008e-01  3.20534976e-09  3.16196668e-09  4.56295008e-01  4.56295008e-01  4.56295008e-01  1.55084123e-07  1.62447156e-07  2.40000000e-01 
 2.50000000e-01  4.56295021e-01  4.56295021e-01  3.20534976e-09  3.16196668e-09  4.56295021e-01  4.56295021e-01  4.56295021e-01  1.55084137e-07  1.62446931e-07  2.50000000e-01 
 2.60000000e-01  4.56295005e-01  4.56295005e-01  3.20534976e-09  3.16196668e-09  4.56295005e-01  4.56295005e-01  4.56295005e-01  1.55084107e-07  1.62446675e-07  2.60000000e-01 
 2.70000000e-01  4.56295024e-01  4.56295024e-01  3.20534976e-09  3.16196668e-09  4.56295024e-01  4.56295024e-01  4.56295024e-01  1.55084142e-07  1.62446590e-07  2.70000000e-01 
 2.80000000e-01  4.56295010e-01  4.56295010e-01  3.20534976e-09  3.16196668e-09  4.56295010e-01  4.56295010e-01  4.56295010e-01  1.55084126e-07  1.62446332e-07  2.80000000e-01 
 2.90000000e-01  4.56295049e-01  4.56295049e-01  3.20534976e-09  3.16196668e-09  4.56295049e-01  4.56295049e-01  4.56295049e-01  1.55084183e-07  1.62446401e-07  2.90000000e-01 
 3.00000000e-01  4.56294993e-01  4.56294993e-01  3.20534976e-09  3.16196674e-09  4.56294993e-01  4.56294993e-01  4.56294993e-01  1.55084113e-07  1.62445922e-07  3.00000000e-01 
 3.10000000e-01  4.56295039e-01  4.56295039e-01  3.20534976e-09  3.16196673e-09  4.56295039e-01  4.56295039e-01  4.56295039e-01  1.55084172e-07  1.62445968e-07  3.10000000e-01 
 3.20000000e-01  4.56295008e-01  4.56295008e-01  3.20534976e-09  3.16196667e-09  4.56295008e-01  4.56295008e-01  4.56295008e-01  1.55084113e-07  1.62445726e-07  3.20000000e-01 
 3.30000000e-01  4.56295009e-01  4.56295009e-01  3.20534976e-09  3.16196669e-09  4.56295009e-01  4.56295009e-01  4.56295009e-01  1.55084123e-07  1.62445616e-07  3.30000000e-01 
 3.40000000e-01  4.56295008e-01  4.56295008e-01  3.20534976e-09  3.16196674e-09  4.56295008e-01  4.56295008e-01  4.56295008e-01  1.55084126e-07  1.62445495e-07  3.40000000e-01 
 3.50000000e-01  4.56295047e-01  4.56295047e-01  3.20534976e-09  3.16196667e-09  4.56295047e-01  4.56295047e-01  4.56295047e-01  1.55084188e-07  1.62445573e-07  3.50000000e-01 
 3.60000000e-01  4.56295005e-01  4.56295005e-01  3.20534976e-09  3.16196669e-09  4.56295005e-01  4.56295005e-01  4.56295005e-01  1.55084120e-07  1.62445225e-07  3.60000000e-01 
 3.70000000e-01  4.56295013e-01  4.56295013e-01  3.20534976e-09  3.16196668e-09  4.56295013e-01  4.56295013e-01  4.56295013e-01  1.55084128e-07  1.62445073e-07  3.70000000e-01 
 3.80000000e-01  4.56294984e-01  4.56294984e-01  3.20534976e-09  3.16196668e-09  4.56294984e-01  4.56294984e-01  4.56294984e-01  1.55084089e-07  1.62444852e-07  3.80000000e-01 
 3.90000000e-01  4.56295018e-01  4.56295018e-01  3.20534976e-09  3.16196668e-09  4.56295018e-01  4.56295018e-01  4.56295018e-01  1.55084145e-07  1.62444824e-07  3.90000000e-01 
 4.00000000e-01  4.56294999e-01  4.56295000e-01  3.20534976e-09  3.16196668e-09  4.56294999e-01  4.56295000e-01  4.56295000e-01  1.55084111e-07  1.62444589e-07  4.00000000e-01 
 4.10000000e-01  4.56295017e-01  4.56295017e-01  3.20534976e-09  3.16196668e-09  4.56295017e-01  4.56295017e-01  4.56295017e-01  1.55084125e-07  1.62444596e-07  4.10000000e-01 
 4.20000000e-01  4.56294984e-01  4.56294985e-01  3.20534976e-09  3.16196668e-09  4.56294984e-01  4.56294985e-01  4.56294984e-01  1.55084099e-07  1.62444433e-07  4.20000000e-01 
 4.30000000e-01  4.56294992e-01  4.56294993e-01  3.20534976e-09  3.16196668e-09  4.56294992e-01  4.56294993e-01  4.56294993e-01  1.55084098e-07  1.62444262e-07  4.30000000e-01 
 4.40000000e-01  4.56295023e-01  4.56295023e-01  3.20534976e-09  3.16196668e-09  4.56295023e-01  4.56295023e-01  4.56295023e-01  1.55084148e-07  1.62444319e-07  4.40000000e-01 
 4.50000000e-01  4.56295006e-01  4.56295007e-01  3.20534976e-09  3.16196668e-09  4.56295006e-01  4.56295007e-01  4.56295007e-01  1.55084119e-07  1.62443996e-07  4.50000000e-01 
 4.60000000e-01  4.56295024e-01  4.56295024e-01  3.20534976e-09  3.16196668e-09  4.56295024e-01  4.56295024e-01  4.56295024e-01  1.55084152e-07  1.62444003e-07  4.60000000e-01 
 4.70000000e-01  4.56295016e-01  4.56295016e-01  3.20534976e-09  3.16196668e-09  4.56295016e-01  4.56295016e-01  4.56295016e-01  1.55084134e-07  1.62443801e-07  4.70000000e-01 
 4.80000000e-01  4.56294985e-01  4.56294985e-01  3.20534976e-09  3.16196668e-09  4.56294985e-01  4.56294985e-01  4.56294985e-01  1.55084097e-07  1.62443559e-07  4.80000000e-01 
 4.90000000e-01  4.56295002e-01  4.56295003e-01  3.20534976e-09  3.16196668e-09  4.56295002e-01  4.56295003e-01  4.56295003e-01  1.55084118e-07  1.62443627e-07  4.90000000e-01 
 5.00000000e-01  4.56295034e-01  4.56295034e-01  3.20534976e-09  3.16196668e-09  4.56295034e-01  4.56295034e-01  4.56295034e-01  1.55084169e-07  1.62443488e-07  5.00000000e-01 
 5.10000000e-01  4.56294994e-01  4.56294994e-01  3.20534976e-09  3.16196668e-09  4.56294994e-01  4.56294994e-01  4.56294994e-01  1.55084111e-07  1.62443190e-07  5.10000000e-01 
 5.20000000e-01  4.56295033e-01  4.56295033e-01  3.20534976e-09  3.16196668e-09  4.56295033e-01  4.56295033e-01  4.56295033e-01  1.55084150e-07  1.62443296e-07  5.20000000e-01 
 5.30000000e-01  4.56295016e-01  4.56295016e-01  3.20534976e-09  3.16196668e-09  4.56295016e-01  4.56295016e-01  4.56295016e-01  1.55084139e-07  1.62443033e-07  5.30000000e-01 
 5.40000000e-01  4.56295019e-01  4.56295019e-01  3.20534976e-09  3.16196668e-09  4.56295019e-01  4.56295019e-01  4.56295019e-01  1.55084156e-07  1.62442994e-07  5.40000000e-01 
 5.50000000e-01  4.56295000e-01  4.56295000e-01  3.20534976e-09  3.16196668e-09  4.56295000e-01  4.56295000e-01  4.56295000e-01  1.55084123e-07  1.62442760e-07  5.50000000e-01 
 5.60000000e-01  4.56295035e-01  4.56295035e-01  3.20534976e-09  3.16196668e-09  4.56295035e-01  4.56295035e-01  4.56295035e-01  1.55084164e-07  1.62442870e-07  5.60000000e-01 
 5.70000000e-01  4.56295028e-01  4.56295028e-01  3.20534976e-09  3.16196674e-09  4.56295028e-01  4.56295028e-01  4.56295028e-01  1.55084164e-07  1.62442692e-07  5.70000000e-01 
 5.80000000e-01  4.56294985e-01  4.56294985e-01  3.20534976e-09  3.16196672e-09  4.56294985e-01  4.56294985e-01  4.56294985e-01  1.55084099e-07  1.62442369e-07  5.80000000e-01 
 5.90000000e-01  4.56295026e-01  4.56295026e-01  3.20534976e-09  3.16196669e-09  4.56295026e-01  4.56295026e-01  4.56295026e-01  1.55084170e-07  1.62442404e-07  5.90000000e-01 
 6.00000000e-01  4.56295026e-01  4.56295027e-01  3.20534970e-09  3.16196668e-09  4.56295026e-01  4.56295027e-01  4.56295027e-01  1.55084157e-07  1.62442319e-07  6.00000000e-01 
 6.10000000e-01  4.56294981e-01  4.56294981e-01  3.20534977e-09  3.16196668e-09  4.56294981e-01  4.56294981e-01  4.56294981e-01  1.55084095e-07  1.62442106e-07  6.10000000e-01 
 6.20000000e-01  4.56294999e-01  4.56294999e-01  3.20534975e-09  3.16196668e-09  4.56294999e-01  4.56294999e-01  4.56294999e-01  1.55084121e-07  1.62442014e-07  6.20000000e-01 
 6.30000000e-01  4.56295038e-01  4.56295038e-01  3.20534976e-09  3.16196668e-09  4.56295038e-01  4.56295038e-01  4.56295038e-01  1.55084172e-07  1.62441950e-07  6.30000000e-01 
 6.40000000e-01  4.56294994e-01  4.56294994e-01  3.20534976e-09  3.16196668e-09  4.56294993e-01  4.56294994e-01  4.56294994e-01  1.55084101e-07  1.62441793e-07  6.40000000e-01 
 6.50000000e-01  4.56294994e-01  4.56294994e-01  3.20534976e-09  3.16196668e-09  4.56294994e-01  4.56294994e-01  4.56294994e-01  1.55084115e-07  1.62441701e-07  6.50000000e-01 
 6.60000000e-01  4.56295015e-01  4.56295015e-01  3.20534976e-09  3.16196668e-09  4.56295015e-01  4.56295015e-01  4.56295015e-01  1.55084130e-07  1.62441559e-07  6.60000000e-01 
 6.70000000e-01  4.56295008e-01  4.56295008e-01  3.20534976e-09  3.16196674e-09  4.56295008e-01  4.56295008e-01  4.56295008e-01  1.55084122e-07  1.62441403e-07  6.70000000e-01 
 6.80000000e-01  4.56295009e-01  4.56295009e-01  3.20534976e-09  3.16196667e-09  4.56295009e-01  4.56295009e-01  4.56295009e-01  1.55084123e-07  1.62441275e-07  6.80000000e-01 
 6.90000000e-01  4.56295017e-01  4.56295018e-01  3.20534976e-09  3.16196669e-09  4.56295017e-01  4.56295018e-01  4.56295018e-01  1.55084145e-07  1.62441317e-07  6.90000000e-01 
 7.00000000e-01  4.56295016e-01  4.56295016e-01  3.20534976e-09  3.16196674e-09  4.56295016e-01  4.56295016e-01  4.56295016e-01  1.55084142e-07  1.62441125e-07  7.00000000e-01 
 7.10000000e-01  4.56294999e-01  4.56294999e-01  3.20534976e-09  3.16196667e-09  4.56294999e-01  4.56294999e-01  4.56294999e-01  1.55084115e-07  1.62440820e-07  7.10000000e-01 
 7.20000000e-01  4.56295029e-01  4.56295030e-01  3.20534976e-09  3.16196669e-09  4.56295029e-01  4.56295030e-01  4.56295029e-01  1.55084147e-07  1.62440877e-07  7.20000000e-01 
 7.30000000e-01  4.56295013e-01  4.56295013e-01  3.20534976e-09  3.16196668e-09  4.56295013e-01  4.56295013e-01  4.56295013e-01  1.55084134e-07  1.62440763e-07  7.30000000e-01 
 7.40000000e-01  4.56295017e-01  4.56295017e-01  3.20534976e-09  3.16196668e-09  4.56295017e-01  4.56295017e-01  4.56295017e-01  1.55084133e-07  1.62440600e-07  7.40000000e-01 
 7.50000000e-01  4.56295018e-01  4.56295018e-01  3.20534976e-09  3.16196668e-09  4.56295018e-01  4.56295018e-01  4.56295018e-01  1.55084138e-07  1.62440536e-07  7.50000000e-01 
 7.60000000e-01  4.56295013e-01  4.56295013e-01  3.20534976e-09  3.16196674e-09  4.56295013e-01  4.56295013e-01  4.56295013e-01  1.55084130e-07  1.62440401e-07  7.60000000e-01 
 7.70000000e-01  4.56294999e-01  4.56294999e-01  3.20534976e-09  3.16196667e-09  4.56294999e-01  4.56294999e-01  4.56294999e-01  1.55084113e-07  1.62440166e-07  7.70000000e-01 
 7.80000000e-01  4.56295031e-01  4.56295032e-01  3.20534976e-09  3.16196669e-09  4.56295031e-01  4.56295032e-01  4.56295031e-01  1.55084161e-07  1.62440173e-07  7.80000000e-01 
 7.90000000e-01  4.56294983e-01  4.56294983e-01  3.20534976e-09  3.16196668e-09  4.56294983e-01  4.56294983e-01  4.56294983e-01  1.55084101e-07  1.62439797e-07  7.90000000e-01 
 8.00000000e-01  4.56295021e-01  4.56295021e-01  3.20534976e-09  3.16196668e-09  4.56295021e-01  4.56295021e-01  4.56295021e-01  1.55084160e-07  1.62440003e-07  8.00000000e-01 
 8.10000000e-01  4.56294988e-01  4.56294988e-01  3.20534976e-09  3.16196668e-09  4.56294988e-01  4.56294988e-01  4.56294988e-01  1.55084110e-07  1.62439584e-07  8.10000000e-01 
 8.20000000e-01  4.56295022e-01  4.56295022e-01  3.20534976e-09  3.16196668e-09  4.56295022e-01  4.56295022e-01  4.56295022e-01  1.55084132e-07  1.62439690e-07  8.20000000e-01 
 8.30000000e-01  4.56294997e-01  4.56294998e-01  3.20534976e-09  3.16196668e-09  4.56294997e-01  4.56294998e-01  4.56294998e-01  1.55084123e-07  1.62439385e-07  8.30000000e-01 
 8.40000000e-01  4.56295015e-01  4.56295015e-01  3.20534976e-09  3.16196668e-09  4.56295015e-01  4.56295015e-01  4.56295015e-01  1.55084124e-07  1.62439484e-07  8.40000000e-01 
 8.50000000e-01  4.56295001e-01  4.56295001e-01  3.20534976e-09  3.16196668e-09  4.56295001e-01  4.56295001e-01  4.56295001e-01  1.55084132e-07  1.62439171e-07  8.50000000e-01 
 8.60000000e-01  4.56295015e-01  4.56295015e-01  3.20534976e-09  3.16196668e-09  4.56295015e-01  4.56295015e-01  4.56295015e-01  1.55084137e-07  1.62439100e-07  8.60000000e-01 
 8.70000000e-01  4.56295023e-01  4.56295023e-01  3.20534976e-09  3.16196668e-09  4.56295023e-01  4.56295023e-01  4.56295023e-01  1.55084141e-07  1.62439022e-07  8.70000000e-01 
 8.80000000e-01  4.56295008e-01  4.56295008e-01  3.20534976e-09  3.16196668e-09  4.56295008e-01  4.56295008e-01  4.56295008e-01  1.55084131e-07  1.62438710e-07  8.80000000e-01 
 8.90000000e-01  4.56295013e-01  4.56295014e-01  3.20534976e-09  3.16196668e-09  4.56295013e-01  4.56295013e-01  4.56295013e-01  1.55084125e-07  1.62438702e-07  8.90000000e-01 
 9.00000000e-01  4.56295004e-01  4.56295004e-01  3.20534976e-09  3.16196668e-09  4.56295004e-01  4.56295004e-01  4.56295004e-01  1.55084126e-07  1.62438646e-07  9.00000000e-01 
 9.10000000e-01  4.56295029e-01  4.56295029e-01  3.20534976e-09  3.16196668e-09  4.56295029e-01  4.56295029e-01  4.56295029e-01  1.55084149e-07  1.62438475e-07  9.10000000e-01 
 9.20000000e-01  4.56294998e-01  4.56294998e-01  3.20534976e-09  3.16196668e-09  4.56294998e-01  4.56294998e-01  4.56294998e-01  1.55084129e-07  1.62438248e-07  9.20000000e-01 
 9.30000000e-01  4.56295024e-01  4.56295025e-01  3.20534976e-09  3.16196668e-09  4.56295024e-01  4.56295025e-01  4.56295024e-01  1.55084150e-07  1.62438297e-07  9.30000000e-01 
 9.40000000e-01  4.56295018e-01  4.56295018e-01  3.20534976e-09  3.16196668e-09  4.56295018e-01  4.56295018e-01  4.56295018e-01  1.55084130e-07  1.62438120e-07  9.40000000e-01 
 9.50000000e-01  4.56295020e-01  4.56295020e-01  3.20534976e-09  3.16196668e-09  4.56295020e-01  4.56295020e-01  4.56295020e-01  1.55084138e-07  1.62438013e-07  9.50000000e-01 
 9.60000000e-01  4.56294997e-01  4.56294997e-01  3.20534976e-09  3.16196668e-09  4.56294997e-01  4.56294997e-01  4.56294997e-01  1.55084117e-07  1.62437757e-07  9.60000000e-01 
 9.70000000e-01  4.56295009e-01  4.56295009e-01  3.20534976e-09  3.16196668e-09  4.56295009e-01  4.56295009e-01  4.56295009e-01  1.55084118e-07  1.62437544e-07  9.70000000e-01 
 9.80000000e-01  4.56295003e-01  4.56295003e-01  3.20534976e-09  3.16196668e-09  4.56295003e-01  4.56295003e-01  4.56295003e-01  1.55084114e-07  1.62437459e-07  9.80000000e-01 
 9.90000000e-01  4.56295015e-01  4.56295015e-01  3.20534976e-09  3.16196668e-09  4.56295015e-01  4.56295015e-01  4.56295015e-01  1.55084133e-07  1.62437402e-07  9.90000000e-01 
 1.00000000e+00  4.56294998e-01  4.56294998e-01  3.20534976e-09  3.16196668e-09  4.56294998e-01  4.56294998e-01  4.56294998e-01  1.55084106e-07  1.62437175e-07  1.00000000e+00 
 1.01000000e+00  4.56295025e-01  4.56295025e-01  3.20534976e-09  3.16196668e-09  4.56295025e-01  4.56295025e-01  4.56295025e-01  1.55084147e-07  1.62437111e-07  1.01000000e+00 
 1.02000000e+00  4.56294981e-01  4.56294981e-01  3.20534976e-09  3.16196668e-09  4.56294981e-01  4.56294981e-01  4.56294981e-01  1.55084075e-07  1.62436791e-07  1.02000000e+00 
 1.03000000e+00  4.56295020e-01  4.56295021e-01  3.20534976e-09  3.16196668e-09  4.56295020e-01  4.56295021e-01  4.56295021e-01  1.55084152e-07  1.62436883e-07  1.03000000e+00 
 1.04000000e+00  4.56295004e-01  4.56295004e-01  3.20534976e-09  3.16196668e-09  4.56295004e-01  4.56295004e-01  4.56295004e-01  1.55084127e-07  1.62436521e-07  1.04000000e+00 
 1.05000000e+00  4.56295019e-01  4.56295019e-01  3.20534976e-09  3.16196668e-09  4.56295019e-01  4.56295019e-01  4.56295019e-01  1.55084138e-07  1.62436429e-07  1.05000000e+00 
 1.06000000e+00  4.56295001e-01  4.56295001e-01  3.20534976e-09  3.16196668e-09  4.56295001e-01  4.56295001e-01  4.56295001e-01  1.55084111e-07  1.62436251e-07  1.06000000e+00 
 1.07000000e+00  4.56294998e-01  4.56294998e-01  3.20534976e-09  3.16196668e-09  4.56294998e-01  4.56294998e-01  4.56294998e-01  1.55084112e-07  1.62436152e-07  1.07000000e+00 
 1.08000000e+00  4.56295010e-01  4.56295010e-01  3.20534976e-09  3.16196668e-09  4.56295010e-01  4.56295010e-01  4.56295010e-01  1.55084129e-07  1.62435882e-07  1.08000000e+00 
 1.09000000e+00  4.56294982e-01  4.56294982e-01  3.20534976e-09  3.16196668e-09  4.56294982e-01  4.56294982e-01  4.56294982e-01  1.55084089e-07  1.62435668e-07  1.09000000e+00 
 1.10000000e+00  4.56294989e-01  4.56294989e-01  3.20534976e-09  3.16196668e-09  4.56294989e-01  4.56294989e-01  4.56294989e-01  1.55084097e-07  1.62435590e-07  1.10000000e+00 
 1.11000000e+00  4.56295024e-01  4.56295025e-01  3.20534976e-09  3.16196668e-09  4.56295024e-01  4.56295025e-01  4.56295024e-01  1.55084122e-07  1.62435562e-07  1.11000000e+00 
 1.12000000e+00  4.56295001e-01  4.56295001e-01  3.20534976e-09  3.16196668e-09  4.56295001e-01  4.56295001e-01  4.56295001e-01  1.55084114e-07  1.62435306e-07  1.12000000e+00 
 1.13000000e+00  4.56295015e-01  4.56295016e-01  3.20534976e-09  3.16196668e-09  4.56295015e-01  4.56295016e-01  4.56295016e-01  1.55084145e-07  1.62435242e-07  1.13000000e+00 
 1.14000000e+00  4.56294999e-01  4.56294999e-01  3.20534976e-09  3.16196668e-09  4.56294999e-01  4.56294999e-01  4.56294999e-01  1.55084112e-07  1.62434986e-07  1.14000000e+00 
 1.15000000e+00  4.56294973e-01  4.56294973e-01  3.20534976e-09  3.16196673e-09  4.56294973e-01  4.56294973e-01  4.56294973e-01  1.55084065e-07  1.62434645e-07  1.15000000e+00 
 1.16000000e+00  4.56295000e-01  4.56295000e-01  3.20534976e-09  3.16196672e-09  4.56295000e-01  4.56295000e-01  4.56295000e-01  1.55084118e-07  1.62434674e-07  1.16000000e+00 
 1.17000000e+00  4.56294987e-01  4.56294987e-01  3.20534976e-09  3.16196668e-09  4.56294987e-01  4.56294987e-01  4.56294987e-01  1.55084097e-07  1.62434318e-07  1.17000000e+00 
 1.18000000e+00  4.56294981e-01  4.56294981e-01  3.20534976e-09  3.16196668e-09  4.56294981e-01  4.56294981e-01  4.56294981e-01  1.55084086e-07  1.62434262e-07  1.18000000e+00 
 1.19000000e+00  4.56295003e-01  4.56295003e-01  3.20534976e-09  3.16196668e-09  4.56295003e-01  4.56295003e-01  4.56295003e-01  1.55084111e-07  1.62434219e-07  1.19000000e+00 
 1.20000000e+00  4.56295017e-01  4.56295017e-01  3.20534976e-09  3.16196668e-09  4.56295017e-01  4.56295017e-01  4.56295017e-01  1.55084138e-07  1.62434077e-07  1.20000000e+00 
 1.21000000e+00  4.56294992e-01  4.56294993e-01  3.20534970e-09  3.16196668e-09  4.56294992e-01  4.56294993e-01  4.56294993e-01  1.55084108e-07  1.62433693e-07  1.21000000e+00 
 1.22000000e+00  4.56295031e-01  4.56295031e-01  3.20534977e-09  3.16196668e-09  4.56295031e-01  4.56295031e-01  4.56295031e-01  1.55084156e-07  1.62433579e-07  1.22000000e+00 
 1.23000000e+00  4.56295009e-01  4.56295009e-01  3.20534975e-09  3.16196668e-09  4.56295009e-01  4.56295009e-01  4.56295009e-01  1.55084130e-07  1.62433452e-07  1.23000000e+00 
 1.24000000e+00  4.56295014e-01  4.56295015e-01  3.20534976e-09  3.16196668e-09  4.56295014e-01  4.56295015e-01  4.56295015e-01  1.55084120e-07  1.62433139e-07  1.24000000e+00 
 1.25000000e+00  4.56295016e-01  4.56295016e-01  3.20534976e-09  3.16196668e-09  4.56295016e-01  4.56295016e-01  4.56295016e-01  1.55084139e-07  1.62433082e-07  1.25000000e+00 
 1.26000000e+00  4.56295013e-01  4.56295013e-01  3.20534976e-09  3.16196668e-09  4.56295013e-01  4.56295013e-01  4.56295013e-01  1.55084142e-07  1.62432769e-07  1.26000000e+00 
 1.27000000e+00  4.56294992e-01  4.56294993e-01  3.20534976e-09  3.16196668e-09  4.56294992e-01  4.56294993e-01  4.56294992e-01  1.55084098e-07  1.62432372e-07  1.27000000e+00 
 1.28000000e+00  4.56295019e-01  4.56295019e-01  3.20534976e-09  3.16196668e-09  4.56295019e-01  4.56295019e-01  4.56295019e-01  1.55084146e-07  1.62432414e-07  1.28000000e+00 
 1.29000000e+00  4.56294993e-01  4.56294994e-01  3.20534976e-09  3.16196668e-09  4.56294993e-01  4.56294994e-01  4.56294993e-01  1.55084094e-07  1.62432016e-07  1.29000000e+00 
 1.30000000e+00  4.56295007e-01  4.56295007e-01  3.20534976e-09  3.16196668e-09  4.56295007e-01  4.56295007e-01  4.56295007e-01  1.55084123e-07  1.62431931e-07  1.30000000e+00 
 1.31000000e+00  4.56295025e-01  4.56295025e-01  3.20534976e-09  3.16196668e-09  4.56295025e-01  4.56295025e-01  4.56295025e-01  1.55084158e-07  1.62431618e-07  1.31000000e+00 
 1.32000000e+00  4.56294993e-01  4.56294993e-01  3.20534976e-09  3.16196668e-09  4.56294993e-01  4.56294993e-01  4.56294993e-01  1.55084109e-07  1.62431206e-07  1.32000000e+00 
 1.33000000e+00  4.56295012e-01  4.56295012e-01  3.20534976e-09  3.16196668e-09  4.56295012e-01  4.56295012e-01  4.56295012e-01  1.55084138e-07  1.62431036e-07  1.33000000e+00 
 1.34000000e+00  4.56295014e-01  4.56295014e-01  3.20534976e-09  3.16196674e-09  4.56295014e-01  4.56295014e-01  4.56295014e-01  1.55084127e-07  1.62430638e-07  1.34000000e+00 
 1.35000000e+00  4.56295008e-01  4.56295008e-01  3.20534976e-09  3.16196673e-09  4.56295008e-01  4.56295008e-01  4.56295008e-01  1.55084117e-07  1.62430368e-07  1.35000000e+00 
 1.36000000e+00  4.56295012e-01  4.56295013e-01  3.20534976e-09  3.16196669e-09  4.56295012e-01  4.56295013e-01  4.56295013e-01  1.55084132e-07  1.62430055e-07  1.36000000e+00 
 1.37000000e+00  4.56295016e-01  4.56295016e-01  3.20534976e-09  3.16196668e-09  4.56295016e-01  4.56295016e-01  4.56295016e-01  1.55084137e-07  1.62429700e-07  1.37000000e+00 
 1.38000000e+00  4.56294996e-01  4.56294996e-01  3.20534976e-09  3.16196668e-09  4.56294996e-01  4.56294996e-01  4.56294996e-01  1.55084109e-07  1.62429174e-07  1.38000000e+00 
 1.39000000e+00  4.56295027e-01  4.56295027e-01  3.20534976e-09  3.16196668e-09  4.56295027e-01  4.56295027e-01  4.56295027e-01  1.55084146e-07  1.62428819e-07  1.39000000e+00 
 1.40000000e+00  4.56294979e-01  4.56294979e-01  3.20534976e-09  3.16196668e-09  4.56294979e-01  4.56294979e-01  4.56294979e-01  1.55084082e-07  1.62428250e-07  1.40000000e+00 
 1.41000000e+00  4.56295016e-01  4.56295016e-01  3.20534976e-09  3.16196668e-09  4.56295016e-01  4.56295016e-01  4.56295016e-01  1.55084153e-07  1.62427909e-07  1.41000000e+00 
 1.42000000e+00  4.56294985e-01  4.56294985e-01  3.20534976e-09  3.16196668e-09  4.56294985e-01  4.56294985e-01  4.56294985e-01  1.55084099e-07  1.62427128e-07  1.42000000e+00 
 1.43000000e+00  4.56295024e-01  4.56295024e-01  3.20534976e-09  3.16196668e-09  4.56295024e-01  4.56295024e-01  4.56295024e-01  1.55084152e-07  1.62426531e-07  1.43000000e+00 
 1.44000000e+00  4.56294995e-01  4.56294996e-01  3.20534976e-09  3.16196668e-09  4.56294995e-01  4.56294996e-01  4.56294995e-01  1.55084118e-07  1.62425550e-07  1.44000000e+00 
 1.45000000e+00  4.56295001e-01  4.56295001e-01  3.20534976e-09  3.16196668e-09  4.56295001e-01  4.56295001e-01  4.56295001e-01  1.55084115e-07  1.62424740e-07  1.45000000e+00 
 1.46000000e+00  4.56295010e-01  4.56295010e-01  3.20534976e-09  3.16196668e-09  4.56295010e-01  4.56295010e-01  4.56295010e-01  1.55084116e-07  1.62423589e-07  1.46000000e+00 
 1.47000000e+00  4.56294986e-01  4.56294986e-01  3.20534976e-09  3.16196668e-09  4.56294986e-01  4.56294986e-01  4.56294986e-01  1.55084101e-07  1.62422324e-07  1.47000000e+00 
 1.48000000e+00  4.56295030e-01  4.56295030e-01  3.20534976e-09  3.16196668e-09  4.56295030e-01  4.56295030e-01  4.56295030e-01  1.55084155e-07  1.62420747e-07  1.48000000e+00 
 1.49000000e+00  4.56294998e-01  4.56294999e-01  3.20534976e-09  3.16196668e-09  4.56294998e-01  4.56294999e-01  4.56294998e-01  1.55084123e-07  1.62418587e-07  1.49000000e+00 
 1.50000000e+00  4.56295035e-01  4.56295035e-01  3.20534976e-09  3.16196668e-09  4.56295035e-01  4.56295035e-01  4.56295035e-01  1.55084142e-07  1.62415617e-07  1.50000000e+00 
 1.51000000e+00  4.56294979e-01  4.56294979e-01  3.20534976e-09  3.16196668e-09  4.56294979e-01  4.56294979e-01  4.56294979e-01  1.55084098e-07  1.62411567e-07  1.51000000e+00 
 1.52000000e+00  4.56295011e-01  4.56295011e-01  3.20534976e-09  3.16196668e-09  4.56295011e-01  4.56295011e-01  4.56295011e-01  1.55084147e-07  1.62405954e-07  1.52000000e+00 
 1.53000000e+00  4.56295006e-01  4.56295007e-01  3.20534976e-09  3.16196668e-09  4.56295006e-01  4.56295007e-01  4.56295007e-01  1.55084138e-07  1.62397285e-07  1.53000000e+00 
 1.54000000e+00  4.56295021e-01  4.56295022e-01  3.20534976e-09  3.16196668e-09  4.56295021e-01  4.56295022e-01  4.56295021e-01  1.55084133e-07  1.62383728e-07  1.54000000e+00 
 1.55000000e+00  4.56295019e-01  4.56295019e-01  3.20534976e-09  3.16196668e-09  4.56295019e-01  4.56295019e-01  4.56295019e-01  1.55084135e-07  1.62361161e-07  1.55000000e+00 
 1.56000000e+00  4.56295019e-01  4.56295019e-01  3.20534976e-09  3.16196668e-09  4.56295019e-01  4.56295019e-01  4.56295019e-01  1.55084142e-07  1.62321157e-07  1.56000000e+00 
 1.57000000e+00  4.56294999e-01  4.56294999e-01  3.20534976e-09  3.16196668e-09  4.56294999e-01  4.56294999e-01  4.56294999e-01  1.55084124e-07  1.62247403e-07  1.57000000e+00 
 1.58000000e+00  4.56295010e-01  4.56295010e-01  3.20534976e-09  3.16196668e-09  4.56295010e-01  4.56295010e-01  4.56295010e-01  1.55084120e-07  1.62104044e-07  1.58000000e+00 
 1.59000000e+00  4.56294998e-01  4.56294998e-01  3.20534976e-09  3.16196668e-09  4.56294998e-01  4.56294998e-01  4.56294998e-01  1.55084113e-07  1.61812352e-07  1.59000000e+00 
 1.60000000e+00  4.56294997e-01  4.56294997e-01  3.20534976e-09  3.16196668e-09  4.56294997e-01  4.56294997e-01  4.56294997e-01  1.55084097e-07  1.61214857e-07  1.60000000e+00 
 1.61000000e+00  4.56294999e-01  4.56294999e-01  3.20534976e-09  3.16196668e-09  4.56294999e-01  4.56294999e-01  4.56294999e-01  1.55084122e-07  1.60030936e-07  1.61000000e+00 
 1.62000000e+00  4.56294982e-01  4.56294982e-01  3.20534970e-09  3.16196668e-09  4.56294982e-01  4.56294982e-01  4.56294982e-01  1.55084098e-07  1.44102316e-07  1.62000000e+00 
 1.63000000e+00  4.56295028e-01  4.56295029e-01  3.20534976e-09  3.16196668e-09  4.56295028e-01  4.56295028e-01  4.56295028e-01  1.55084141e-07  1.21108855e-07  1.63000000e+00 
 1.64000000e+00  4.56295004e-01  4.56295004e-01  3.20534976e-09  3.16196668e-09  4.56295004e-01  4.56295004e-01  4.56295004e-01  1.55084126e-07  1.00466124e-07  1.64000000e+00 
 1.65000000e+00  4.56295019e-01  4.56295019e-01  3.20534976e-09  3.16196668e-09  4.56295019e-01  4.56295019e-01  4.56295019e-01  1.55084130e-07  8.24150419e-08  1.65000000e+00 
 1.66000000e+00  4.56294993e-01  4.56294993e-01  3.20534976e-09  3.16196668e-09  4.56294993e-01  4.56294993e-01  4.56294993e-01  1.55084106e-07  6.69672318e-08  1.66000000e+00 
 1.67000000e+00  4.56295004e-01  4.56295004e-01  3.20534976e-09  3.16196668e-09  4.56295004e-01  4.56295004e-01  4.56295004e-01  1.55084117e-07  5.39417755e-08  1.67000000e+00 
 1.68000000e+00  4.56294995e-01  4.56294995e-01  3.20534976e-09  3.16196668e-09  4.56294995e-01  4.56294995e-01  4.56294995e-01  1.55084115e-07  4.30823945e-08  1.68000000e+00 
 1.69000000e+00  4.56295040e-01  4.56295040e-01  3.20534976e-09  3.16196668e-09  4.56295040e-01  4.56295040e-01  4.56295040e-01  1.55084174e-07  3.41007933e-08  1.69000000e+00 
 1.70000000e+00  4.56295020e-01  4.56295021e-01  3.20534976e-09  3.16196668e-09  4.56295020e-01  4.56295021e-01  4.56295021e-01  1.55084157e-07  2.67152700e-08  1.70000000e+00 
 1.71000000e+00  4.56295021e-01  4.56295021e-01  3.20534976e-09  3.16196668e-09  4.56295021e-01  4.56295021e-01  4.56295021e-01  1.55084148e-07  2.06676845e-08  1.71000000e+00 
 1.72000000e+00  4.56294993e-01  4.56294993e-01  3.20534976e-09  3.16196668e-09  4.56294993e-01  4.56294993e-01  4.56294993e-01  1.55084111e-07  1.57300519e-08  1.72000000e+00 
 1.73000000e+00  4.56295000e-01  4.56295000e-01  3.20534976e-09  3.16196674e-09  4.56295000e-01  4.56295000e-01  4.56295000e-01  1.55084100e-07  1.17056658e-08  1.73000000e+00 
 1.74000000e+00  4.56294994e-01  4.56294994e-01  3.20534976e-09  3.16196667e-09  4.56294994e-01  4.56294994e-01  4.56294994e-01  1.55084093e-07  8.42325676e-09  1.74000000e+00 
 1.75000000e+00  4.56295003e-01  4.56295004e-01  3.20534976e-09  3.16196669e-09  4.56295003e-01  4.56295003e-01  4.56295003e-01  1.55084119e-07  5.73510306e-09  1.75000000e+00 
 1.76000000e+00  4.56294983e-01  4.56294983e-01  3.20534976e-09  3.16196668e-09  4.56294983e-01  4.56294983e-01  4.56294983e-01  1.55084093e-07  3.51423068e-09  1.76000000e+00 
 1.77000000e+00  4.56295036e-01  4.56295036e-01  3.20534976e-09  3.16196668e-09  4.56295036e-01  4.56295036e-01  4.56295036e-01  1.55084175e-07  1.66187419e-09  1.77000000e+00 
 1.78000000e+00  4.56295008e-01  4.56295008e-01  3.20534976e-09  3.16196668e-09  4.56295008e-01  4.56295008e-01  4.56295008e-01  1.55084136e-07  1.16841647e-10  1.78000000e+00 
 1.79000000e+00  4.56295022e-01  4.56295022e-01  3.20534976e-09  3.16196668e-09  4.56295022e-01  4.56295022e-01  4.56295022e-01  1.55084141e-07 -1.14050636e-09  1.79000000e+00 
 1.80000000e+00  4.56294981e-01  4.56294981e-01  3.20534976e-09  3.16196668e-09  4.56294981e-01  4.56294981e-01  4.56294981e-01  1.55084090e-07 -2.10999929e-09  1.80000000e+00 
