 v-sweep         v(b0)           v(b1)           v(b2)           v(b3)           v(b4)           v(b5)           v(b6)           i(vbias)        i(viout)        v(vout)        
 0.00000000e+00  3.32289927e-09  3.24459834e-09  3.25620675e-09  3.27474447e-09  4.59500791e-01  3.19913058e-09  4.59500791e-01  1.61915762e-07  1.27104120e-07  0.00000000e+00 
 1.00000000e-02  3.32289925e-09  3.24459838e-09  3.25620673e-09  3.27474451e-09  4.59500785e-01  3.19913056e-09  4.59500785e-01  1.61915771e-07  1.27103646e-07  1.00000000e-02 
 2.00000000e-02  3.32289924e-09  3.24459838e-09  3.25620673e-09  3.27474451e-09  4.59500783e-01  3.19913056e-09  4.59500783e-01  1.61915749e-07  1.27103243e-07  2.00000000e-02 
 3.00000000e-02  3.32289930e-09  3.24459838e-09  3.25620673e-09  3.27474451e-09  4.59500765e-01  3.19913056e-09  4.59500765e-01  1.61915714e-07  1.27102716e-07  3.00000000e-02 
 4.00000000e-02  3.32289924e-09  3.24459838e-09  3.25620673e-09  3.27474451e-09  4.59500746e-01  3.19913056e-09  4.59500746e-01  1.61915703e-07  1.27102203e-07  4.00000000e-02 
 5.00000000e-02  3.32289930e-09  3.24459838e-09  3.25620673e-09  3.27474451e-09  4.59500789e-01  3.19913056e-09  4.59500789e-01  1.61915771e-07  1.27101976e-07  5.00000000e-02 
 6.00000000e-02  3.32289924e-09  3.24459838e-09  3.25620679e-09  3.27474451e-09  4.59500773e-01  3.19913056e-09  4.59500773e-01  1.61915739e-07  1.27101725e-07  6.00000000e-02 
 7.00000000e-02  3.32289924e-09  3.24459832e-09  3.25620679e-09  3.27474451e-09  4.59500775e-01  3.19913056e-09  4.59500775e-01  1.61915743e-07  1.27101229e-07  7.00000000e-02 
 8.00000000e-02  3.32289925e-09  3.24459838e-09  3.25620679e-09  3.27474451e-09  4.59500789e-01  3.19913056e-09  4.59500789e-01  1.61915768e-07  1.27101127e-07  8.00000000e-02 
 9.00000000e-02  3.32289924e-09  3.24459838e-09  3.25620679e-09  3.27474451e-09  4.59500773e-01  3.19913062e-09  4.59500773e-01  1.61915734e-07  1.27100654e-07  9.00000000e-02 
 1.00000000e-01  3.32289930e-09  3.24459838e-09  3.25620673e-09  3.27474451e-09  4.59500795e-01  3.19913056e-09  4.59500795e-01  1.61915769e-07  1.27100495e-07  1.00000000e-01 
 1.10000000e-01  3.32289930e-09  3.24459838e-09  3.25620673e-09  3.27474451e-09  4.59500772e-01  3.19913056e-09  4.59500772e-01  1.61915730e-07  1.27100166e-07  1.10000000e-01 
 1.20000000e-01  3.32289924e-09  3.24459838e-09  3.25620673e-09  3.27474451e-09  4.59500779e-01  3.19913056e-09  4.59500779e-01  1.61915751e-07  1.27099959e-07  1.20000000e-01 
 1.30000000e-01  3.32289924e-09  3.24459838e-09  3.25620673e-09  3.27474451e-09  4.59500780e-01  3.19913056e-09  4.59500780e-01  1.61915756e-07  1.27099723e-07  1.30000000e-01 
 1.40000000e-01  3.32289924e-09  3.24459838e-09  3.25620679e-09  3.27474451e-09  4.59500771e-01  3.19913056e-09  4.59500771e-01  1.61915740e-07  1.27099391e-07  1.40000000e-01 
 1.50000000e-01  3.32289924e-09  3.24459838e-09  3.25620673e-09  3.27474451e-09  4.59500758e-01  3.19913056e-09  4.59500758e-01  1.61915716e-07  1.27099069e-07  1.50000000e-01 
 1.60000000e-01  3.32289924e-09  3.24459832e-09  3.25620673e-09  3.27474451e-09  4.59500782e-01  3.19913056e-09  4.59500782e-01  1.61915757e-07  1.27099030e-07  1.60000000e-01 
 1.70000000e-01  3.32289930e-09  3.24459838e-09  3.25620673e-09  3.27474451e-09  4.59500771e-01  3.19913056e-09  4.59500771e-01  1.61915735e-07  1.27098854e-07  1.70000000e-01 
 1.80000000e-01  3.32289924e-09  3.24459838e-09  3.25620673e-09  3.27474451e-09  4.59500771e-01  3.19913056e-09  4.59500771e-01  1.61915747e-07  1.27098577e-07  1.80000000e-01 
 1.90000000e-01  3.32289930e-09  3.24459832e-09  3.25620679e-09  3.27474451e-09  4.59500777e-01  3.19913056e-09  4.59500777e-01  1.61915736e-07  1.27098348e-07  1.90000000e-01 
 2.00000000e-01  3.32289924e-09  3.24459838e-09  3.25620679e-09  3.27474451e-09  4.59500776e-01  3.19913056e-09  4.59500776e-01  1.61915747e-07  1.27098160e-07  2.00000000e-01 
 2.10000000e-01  3.32289924e-09  3.24459832e-09  3.25620679e-09  3.27474451e-09  4.59500775e-01  3.19913056e-09  4.59500775e-01  1.61915747e-07  1.27098044e-07  2.10000000e-01 
 2.20000000e-01  3.32289924e-09  3.24459832e-09  3.25620673e-09  3.27474451e-09  4.59500775e-01  3.19913056e-09  4.59500775e-01  1.61915752e-07  1.27097818e-07  2.20000000e-01 
 2.30000000e-01  3.32289930e-09  3.24459832e-09  3.25620679e-09  3.27474451e-09  4.59500768e-01  3.19913056e-09  4.59500768e-01  1.61915742e-07  1.27097689e-07  2.30000000e-01 
 2.40000000e-01  3.32289924e-09  3.24459832e-09  3.25620673e-09  3.27474451e-09  4.59500771e-01  3.19913056e-09  4.59500771e-01  1.61915740e-07  1.27097499e-07  2.40000000e-01 
 2.50000000e-01  3.32289925e-09  3.24459832e-09  3.25620679e-09  3.27474451e-09  4.59500792e-01  3.19913062e-09  4.59500792e-01  1.61915775e-07  1.27097376e-07  2.50000000e-01 
 2.60000000e-01  3.32289925e-09  3.24459838e-09  3.25620673e-09  3.27474451e-09  4.59500786e-01  3.19913056e-09  4.59500786e-01  1.61915766e-07  1.27097296e-07  2.60000000e-01 
 2.70000000e-01  3.32289924e-09  3.24459832e-09  3.25620678e-09  3.27474451e-09  4.59500761e-01  3.19913056e-09  4.59500761e-01  1.61915733e-07  1.27097060e-07  2.70000000e-01 
 2.80000000e-01  3.32289925e-09  3.24459838e-09  3.25620673e-09  3.27474451e-09  4.59500787e-01  3.19913056e-09  4.59500787e-01  1.61915770e-07  1.27096966e-07  2.80000000e-01 
 2.90000000e-01  3.32289924e-09  3.24459838e-09  3.25620673e-09  3.27474451e-09  4.59500778e-01  3.19913056e-09  4.59500778e-01  1.61915746e-07  1.27096829e-07  2.90000000e-01 
 3.00000000e-01  3.32289924e-09  3.24459838e-09  3.25620679e-09  3.27474451e-09  4.59500782e-01  3.19913056e-09  4.59500782e-01  1.61915752e-07  1.27096680e-07  3.00000000e-01 
 3.10000000e-01  3.32289925e-09  3.24459838e-09  3.25620673e-09  3.27474451e-09  4.59500785e-01  3.19913056e-09  4.59500785e-01  1.61915761e-07  1.27096545e-07  3.10000000e-01 
 3.20000000e-01  3.32289925e-09  3.24459832e-09  3.25620679e-09  3.27474451e-09  4.59500796e-01  3.19913056e-09  4.59500796e-01  1.61915777e-07  1.27096463e-07  3.20000000e-01 
 3.30000000e-01  3.32289930e-09  3.24459838e-09  3.25620679e-09  3.27474451e-09  4.59500767e-01  3.19913056e-09  4.59500767e-01  1.61915721e-07  1.27096278e-07  3.30000000e-01 
 3.40000000e-01  3.32289924e-09  3.24459838e-09  3.25620679e-09  3.27474451e-09  4.59500782e-01  3.19913056e-09  4.59500782e-01  1.61915756e-07  1.27096147e-07  3.40000000e-01 
 3.50000000e-01  3.32289924e-09  3.24459838e-09  3.25620673e-09  3.27474451e-09  4.59500764e-01  3.19913056e-09  4.59500764e-01  1.61915733e-07  1.27096069e-07  3.50000000e-01 
 3.60000000e-01  3.32289924e-09  3.24459838e-09  3.25620678e-09  3.27474451e-09  4.59500760e-01  3.19913056e-09  4.59500760e-01  1.61915728e-07  1.27095944e-07  3.60000000e-01 
 3.70000000e-01  3.32289924e-09  3.24459838e-09  3.25620679e-09  3.27474451e-09  4.59500770e-01  3.19913056e-09  4.59500770e-01  1.61915735e-07  1.27095859e-07  3.70000000e-01 
 3.80000000e-01  3.32289924e-09  3.24459832e-09  3.25620673e-09  3.27474451e-09  4.59500780e-01  3.19913056e-09  4.59500780e-01  1.61915749e-07  1.27095692e-07  3.80000000e-01 
 3.90000000e-01  3.32289924e-09  3.24459838e-09  3.25620673e-09  3.27474451e-09  4.59500778e-01  3.19913056e-09  4.59500778e-01  1.61915744e-07  1.27095625e-07  3.90000000e-01 
 4.00000000e-01  3.32289925e-09  3.24459838e-09  3.25620673e-09  3.27474451e-09  4.59500787e-01  3.19913056e-09  4.59500787e-01  1.61915752e-07  1.27095429e-07  4.00000000e-01 
 4.10000000e-01  3.32289930e-09  3.24459838e-09  3.25620679e-09  3.27474451e-09  4.59500785e-01  3.19913056e-09  4.59500785e-01  1.61915766e-07  1.27095365e-07  4.10000000e-01 
 4.20000000e-01  3.32289925e-09  3.24459838e-09  3.25620673e-09  3.27474451e-09  4.59500783e-01  3.19913056e-09  4.59500783e-01  1.61915765e-07  1.27095316e-07  4.20000000e-01 
 4.30000000e-01  3.32289924e-09  3.24459832e-09  3.25620679e-09  3.27474451e-09  4.59500779e-01  3.19913056e-09  4.59500779e-01  1.61915755e-07  1.27095241e-07  4.30000000e-01 
 4.40000000e-01  3.32289924e-09  3.24459838e-09  3.25620679e-09  3.27474451e-09  4.59500780e-01  3.19913056e-09  4.59500780e-01  1.61915742e-07  1.27095198e-07  4.40000000e-01 
 4.50000000e-01  3.32289924e-09  3.24459838e-09  3.25620679e-09  3.27474451e-09  4.59500769e-01  3.19913056e-09  4.59500769e-01  1.61915735e-07  1.27094964e-07  4.50000000e-01 
 4.60000000e-01  3.32289924e-09  3.24459838e-09  3.25620679e-09  3.27474451e-09  4.59500782e-01  3.19913056e-09  4.59500782e-01  1.61915747e-07  1.27094943e-07  4.60000000e-01 
 4.70000000e-01  3.32289924e-09  3.24459838e-09  3.25620673e-09  3.27474451e-09  4.59500782e-01  3.19913056e-09  4.59500782e-01  1.61915760e-07  1.27094811e-07  4.70000000e-01 
 4.80000000e-01  3.32289925e-09  3.24459832e-09  3.25620673e-09  3.27474451e-09  4.59500783e-01  3.19913056e-09  4.59500783e-01  1.61915764e-07  1.27094658e-07  4.80000000e-01 
 4.90000000e-01  3.32289924e-09  3.24459838e-09  3.25620678e-09  3.27474451e-09  4.59500747e-01  3.19913056e-09  4.59500747e-01  1.61915715e-07  1.27094470e-07  4.90000000e-01 
 5.00000000e-01  3.32289925e-09  3.24459838e-09  3.25620679e-09  3.27474451e-09  4.59500793e-01  3.19913056e-09  4.59500793e-01  1.61915763e-07  1.27094655e-07  5.00000000e-01 
 5.10000000e-01  3.32289924e-09  3.24459832e-09  3.25620673e-09  3.27474451e-09  4.59500777e-01  3.19913056e-09  4.59500777e-01  1.61915736e-07  1.27094392e-07  5.10000000e-01 
 5.20000000e-01  3.32289925e-09  3.24459832e-09  3.25620679e-09  3.27474451e-09  4.59500794e-01  3.19913056e-09  4.59500795e-01  1.61915779e-07  1.27094296e-07  5.20000000e-01 
 5.30000000e-01  3.32289930e-09  3.24459838e-09  3.25620679e-09  3.27474451e-09  4.59500771e-01  3.19913056e-09  4.59500772e-01  1.61915733e-07  1.27094268e-07  5.30000000e-01 
 5.40000000e-01  3.32289930e-09  3.24459832e-09  3.25620673e-09  3.27474451e-09  4.59500762e-01  3.19913056e-09  4.59500762e-01  1.61915728e-07  1.27094115e-07  5.40000000e-01 
 5.50000000e-01  3.32289930e-09  3.24459838e-09  3.25620679e-09  3.27474451e-09  4.59500791e-01  3.19913056e-09  4.59500791e-01  1.61915762e-07  1.27094147e-07  5.50000000e-01 
 5.60000000e-01  3.32289924e-09  3.24459832e-09  3.25620673e-09  3.27474451e-09  4.59500760e-01  3.19913056e-09  4.59500760e-01  1.61915728e-07  1.27093948e-07  5.60000000e-01 
 5.70000000e-01  3.32289930e-09  3.24459838e-09  3.25620678e-09  3.27474451e-09  4.59500753e-01  3.19913056e-09  4.59500753e-01  1.61915728e-07  1.27093827e-07  5.70000000e-01 
 5.80000000e-01  3.32289924e-09  3.24459838e-09  3.25620673e-09  3.27474451e-09  4.59500763e-01  3.19913062e-09  4.59500763e-01  1.61915722e-07  1.27093692e-07  5.80000000e-01 
 5.90000000e-01  3.32289925e-09  3.24459838e-09  3.25620673e-09  3.27474451e-09  4.59500789e-01  3.19913056e-09  4.59500789e-01  1.61915777e-07  1.27093713e-07  5.90000000e-01 
 6.00000000e-01  3.32289924e-09  3.24459838e-09  3.25620673e-09  3.27474451e-09  4.59500763e-01  3.19913056e-09  4.59500763e-01  1.61915717e-07  1.27093585e-07  6.00000000e-01 
 6.10000000e-01  3.32289925e-09  3.24459832e-09  3.25620673e-09  3.27474451e-09  4.59500789e-01  3.19913056e-09  4.59500789e-01  1.61915773e-07  1.27093628e-07  6.10000000e-01 
 6.20000000e-01  3.32289930e-09  3.24459838e-09  3.25620673e-09  3.27474451e-09  4.59500766e-01  3.19913056e-09  4.59500766e-01  1.61915719e-07  1.27093415e-07  6.20000000e-01 
 6.30000000e-01  3.32289924e-09  3.24459838e-09  3.25620673e-09  3.27474451e-09  4.59500780e-01  3.19913056e-09  4.59500780e-01  1.61915749e-07  1.27093365e-07  6.30000000e-01 
 6.40000000e-01  3.32289925e-09  3.24459832e-09  3.25620673e-09  3.27474451e-09  4.59500790e-01  3.19913062e-09  4.59500790e-01  1.61915767e-07  1.27093443e-07  6.40000000e-01 
 6.50000000e-01  3.32289924e-09  3.24459838e-09  3.25620673e-09  3.27474451e-09  4.59500767e-01  3.19913062e-09  4.59500767e-01  1.61915719e-07  1.27093223e-07  6.50000000e-01 
 6.60000000e-01  3.32289924e-09  3.24459838e-09  3.25620673e-09  3.27474451e-09  4.59500780e-01  3.19913056e-09  4.59500780e-01  1.61915744e-07  1.27093095e-07  6.60000000e-01 
 6.70000000e-01  3.32289925e-09  3.24459838e-09  3.25620679e-09  3.27474451e-09  4.59500788e-01  3.19913056e-09  4.59500788e-01  1.61915765e-07  1.27092981e-07  6.70000000e-01 
 6.80000000e-01  3.32289924e-09  3.24459838e-09  3.25620673e-09  3.27474451e-09  4.59500765e-01  3.19913062e-09  4.59500765e-01  1.61915727e-07  1.27092953e-07  6.80000000e-01 
 6.90000000e-01  3.32289930e-09  3.24459838e-09  3.25620673e-09  3.27474451e-09  4.59500795e-01  3.19913056e-09  4.59500795e-01  1.61915771e-07  1.27092861e-07  6.90000000e-01 
 7.00000000e-01  3.32289924e-09  3.24459838e-09  3.25620679e-09  3.27474451e-09  4.59500767e-01  3.19913056e-09  4.59500767e-01  1.61915722e-07  1.27092768e-07  7.00000000e-01 
 7.10000000e-01  3.32289924e-09  3.24459838e-09  3.25620679e-09  3.27474451e-09  4.59500771e-01  3.19913056e-09  4.59500771e-01  1.61915738e-07  1.27092640e-07  7.10000000e-01 
 7.20000000e-01  3.32289930e-09  3.24459838e-09  3.25620679e-09  3.27474451e-09  4.59500786e-01  3.19913056e-09  4.59500786e-01  1.61915755e-07  1.27092612e-07  7.20000000e-01 
 7.30000000e-01  3.32289925e-09  3.24459838e-09  3.25620673e-09  3.27474451e-09  4.59500798e-01  3.19913056e-09  4.59500798e-01  1.61915781e-07  1.27092548e-07  7.30000000e-01 
 7.40000000e-01  3.32289925e-09  3.24459838e-09  3.25620679e-09  3.27474451e-09  4.59500792e-01  3.19913062e-09  4.59500792e-01  1.61915770e-07  1.27092441e-07  7.40000000e-01 
 7.50000000e-01  3.32289924e-09  3.24459832e-09  3.25620673e-09  3.27474451e-09  4.59500762e-01  3.19913056e-09  4.59500762e-01  1.61915721e-07  1.27092285e-07  7.50000000e-01 
 7.60000000e-01  3.32289924e-09  3.24459838e-09  3.25620678e-09  3.27474451e-09  4.59500763e-01  3.19913056e-09  4.59500763e-01  1.61915734e-07  1.27092129e-07  7.60000000e-01 
 7.70000000e-01  3.32289924e-09  3.24459838e-09  3.25620673e-09  3.27474451e-09  4.59500765e-01  3.19913056e-09  4.59500765e-01  1.61915734e-07  1.27092129e-07  7.70000000e-01 
 7.80000000e-01  3.32289925e-09  3.24459838e-09  3.25620679e-09  3.27474451e-09  4.59500787e-01  3.19913056e-09  4.59500787e-01  1.61915762e-07  1.27092044e-07  7.80000000e-01 
 7.90000000e-01  3.32289924e-09  3.24459838e-09  3.25620679e-09  3.27474451e-09  4.59500770e-01  3.19913062e-09  4.59500770e-01  1.61915738e-07  1.27091795e-07  7.90000000e-01 
 8.00000000e-01  3.32289925e-09  3.24459838e-09  3.25620673e-09  3.27474451e-09  4.59500794e-01  3.19913056e-09  4.59500794e-01  1.61915764e-07  1.27091802e-07  8.00000000e-01 
 8.10000000e-01  3.32289924e-09  3.24459838e-09  3.25620673e-09  3.27474451e-09  4.59500743e-01  3.19913056e-09  4.59500743e-01  1.61915712e-07  1.27091702e-07  8.10000000e-01 
 8.20000000e-01  3.32289925e-09  3.24459838e-09  3.25620679e-09  3.27474451e-09  4.59500789e-01  3.19913056e-09  4.59500789e-01  1.61915770e-07  1.27091781e-07  8.20000000e-01 
 8.30000000e-01  3.32289924e-09  3.24459838e-09  3.25620673e-09  3.27474451e-09  4.59500771e-01  3.19913056e-09  4.59500771e-01  1.61915746e-07  1.27091489e-07  8.30000000e-01 
 8.40000000e-01  3.32289925e-09  3.24459832e-09  3.25620679e-09  3.27474451e-09  4.59500788e-01  3.19913056e-09  4.59500788e-01  1.61915750e-07  1.27091489e-07  8.40000000e-01 
 8.50000000e-01  3.32289924e-09  3.24459838e-09  3.25620678e-09  3.27474451e-09  4.59500752e-01  3.19913056e-09  4.59500752e-01  1.61915708e-07  1.27091347e-07  8.50000000e-01 
 8.60000000e-01  3.32289925e-09  3.24459838e-09  3.25620679e-09  3.27474451e-09  4.59500786e-01  3.19913056e-09  4.59500787e-01  1.61915766e-07  1.27091376e-07  8.60000000e-01 
 8.70000000e-01  3.32289925e-09  3.24459838e-09  3.25620673e-09  3.27474451e-09  4.59500785e-01  3.19913062e-09  4.59500785e-01  1.61915754e-07  1.27091241e-07  8.70000000e-01 
 8.80000000e-01  3.32289924e-09  3.24459838e-09  3.25620673e-09  3.27474451e-09  4.59500771e-01  3.19913056e-09  4.59500771e-01  1.61915728e-07  1.27091070e-07  8.80000000e-01 
 8.90000000e-01  3.32289924e-09  3.24459832e-09  3.25620679e-09  3.27474451e-09  4.59500773e-01  3.19913056e-09  4.59500773e-01  1.61915739e-07  1.27090999e-07  8.90000000e-01 
 9.00000000e-01  3.32289930e-09  3.24459832e-09  3.25620679e-09  3.27474451e-09  4.59500767e-01  3.19913056e-09  4.59500767e-01  1.61915733e-07  1.27090793e-07  9.00000000e-01 
 9.10000000e-01  3.32289924e-09  3.24459838e-09  3.25620679e-09  3.27474451e-09  4.59500779e-01  3.19913062e-09  4.59500779e-01  1.61915749e-07  1.27090871e-07  9.10000000e-01 
 9.20000000e-01  3.32289924e-09  3.24459838e-09  3.25620679e-09  3.27474451e-09  4.59500783e-01  3.19913056e-09  4.59500783e-01  1.61915764e-07  1.27090722e-07  9.20000000e-01 
 9.30000000e-01  3.32289925e-09  3.24459838e-09  3.25620673e-09  3.27474451e-09  4.59500789e-01  3.19913056e-09  4.59500789e-01  1.61915773e-07  1.27090559e-07  9.30000000e-01 
 9.40000000e-01  3.32289925e-09  3.24459838e-09  3.25620673e-09  3.27474451e-09  4.59500786e-01  3.19913056e-09  4.59500786e-01  1.61915768e-07  1.27090644e-07  9.40000000e-01 
 9.50000000e-01  3.32289924e-09  3.24459838e-09  3.25620673e-09  3.27474451e-09  4.59500769e-01  3.19913056e-09  4.59500769e-01  1.61915738e-07  1.27090395e-07  9.50000000e-01 
 9.60000000e-01  3.32289924e-09  3.24459838e-09  3.25620673e-09  3.27474451e-09  4.59500753e-01  3.19913056e-09  4.59500753e-01  1.61915712e-07  1.27090246e-07  9.60000000e-01 
 9.70000000e-01  3.32289924e-09  3.24459832e-09  3.25620673e-09  3.27474451e-09  4.59500762e-01  3.19913056e-09  4.59500762e-01  1.61915734e-07  1.27090239e-07  9.70000000e-01 
 9.80000000e-01  3.32289930e-09  3.24459838e-09  3.25620673e-09  3.27474451e-09  4.59500769e-01  3.19913056e-09  4.59500769e-01  1.61915735e-07  1.27090203e-07  9.80000000e-01 
 9.90000000e-01  3.32289924e-09  3.24459838e-09  3.25620673e-09  3.27474451e-09  4.59500766e-01  3.19913056e-09  4.59500766e-01  1.61915742e-07  1.27089834e-07  9.90000000e-01 
 1.00000000e+00  3.32289925e-09  3.24459832e-09  3.25620673e-09  3.27474451e-09  4.59500800e-01  3.19913056e-09  4.59500800e-01  1.61915789e-07  1.27089947e-07  1.00000000e+00 
 1.01000000e+00  3.32289924e-09  3.24459838e-09  3.25620678e-09  3.27474451e-09  4.59500759e-01  3.19913056e-09  4.59500759e-01  1.61915717e-07  1.27089763e-07  1.01000000e+00 
 1.02000000e+00  3.32289924e-09  3.24459832e-09  3.25620673e-09  3.27474451e-09  4.59500763e-01  3.19913056e-09  4.59500763e-01  1.61915729e-07  1.27089720e-07  1.02000000e+00 
 1.03000000e+00  3.32289924e-09  3.24459838e-09  3.25620673e-09  3.27474451e-09  4.59500776e-01  3.19913056e-09  4.59500776e-01  1.61915746e-07  1.27089656e-07  1.03000000e+00 
 1.04000000e+00  3.32289924e-09  3.24459832e-09  3.25620678e-09  3.27474451e-09  4.59500761e-01  3.19913056e-09  4.59500761e-01  1.61915722e-07  1.27089400e-07  1.04000000e+00 
 1.05000000e+00  3.32289925e-09  3.24459838e-09  3.25620679e-09  3.27474451e-09  4.59500803e-01  3.19913056e-09  4.59500803e-01  1.61915784e-07  1.27089557e-07  1.05000000e+00 
 1.06000000e+00  3.32289930e-09  3.24459838e-09  3.25620673e-09  3.27474451e-09  4.59500763e-01  3.19913056e-09  4.59500763e-01  1.61915728e-07  1.27089208e-07  1.06000000e+00 
 1.07000000e+00  3.32289924e-09  3.24459838e-09  3.25620673e-09  3.27474451e-09  4.59500763e-01  3.19913056e-09  4.59500763e-01  1.61915732e-07  1.27089251e-07  1.07000000e+00 
 1.08000000e+00  3.32289925e-09  3.24459832e-09  3.25620673e-09  3.27474451e-09  4.59500789e-01  3.19913056e-09  4.59500789e-01  1.61915763e-07  1.27089130e-07  1.08000000e+00 
 1.09000000e+00  3.32289924e-09  3.24459838e-09  3.25620679e-09  3.27474451e-09  4.59500768e-01  3.19913056e-09  4.59500768e-01  1.61915740e-07  1.27089017e-07  1.09000000e+00 
 1.10000000e+00  3.32289924e-09  3.24459832e-09  3.25620673e-09  3.27474451e-09  4.59500755e-01  3.19913056e-09  4.59500755e-01  1.61915709e-07  1.27088846e-07  1.10000000e+00 
 1.11000000e+00  3.32289925e-09  3.24459832e-09  3.25620673e-09  3.27474451e-09  4.59500785e-01  3.19913056e-09  4.59500785e-01  1.61915746e-07  1.27088789e-07  1.11000000e+00 
 1.12000000e+00  3.32289924e-09  3.24459838e-09  3.25620678e-09  3.27474451e-09  4.59500746e-01  3.19913062e-09  4.59500746e-01  1.61915713e-07  1.27088626e-07  1.12000000e+00 
 1.13000000e+00  3.32289925e-09  3.24459838e-09  3.25620679e-09  3.27474451e-09  4.59500788e-01  3.19913056e-09  4.59500788e-01  1.61915760e-07  1.27088548e-07  1.13000000e+00 
 1.14000000e+00  3.32289925e-09  3.24459838e-09  3.25620673e-09  3.27474451e-09  4.59500785e-01  3.19913056e-09  4.59500785e-01  1.61915753e-07  1.27088470e-07  1.14000000e+00 
 1.15000000e+00  3.32289924e-09  3.24459838e-09  3.25620679e-09  3.27474451e-09  4.59500771e-01  3.19913056e-09  4.59500771e-01  1.61915753e-07  1.27088363e-07  1.15000000e+00 
 1.16000000e+00  3.32289924e-09  3.24459838e-09  3.25620678e-09  3.27474451e-09  4.59500759e-01  3.19913056e-09  4.59500759e-01  1.61915720e-07  1.27088143e-07  1.16000000e+00 
 1.17000000e+00  3.32289925e-09  3.24459838e-09  3.25620679e-09  3.27474451e-09  4.59500798e-01  3.19913056e-09  4.59500798e-01  1.61915781e-07  1.27088228e-07  1.17000000e+00 
 1.18000000e+00  3.32289930e-09  3.24459838e-09  3.25620673e-09  3.27474451e-09  4.59500771e-01  3.19913062e-09  4.59500771e-01  1.61915743e-07  1.27087915e-07  1.18000000e+00 
 1.19000000e+00  3.32289924e-09  3.24459832e-09  3.25620679e-09  3.27474451e-09  4.59500779e-01  3.19913056e-09  4.59500779e-01  1.61915741e-07  1.27087787e-07  1.19000000e+00 
 1.20000000e+00  3.32289930e-09  3.24459838e-09  3.25620673e-09  3.27474451e-09  4.59500785e-01  3.19913056e-09  4.59500786e-01  1.61915751e-07  1.27087773e-07  1.20000000e+00 
 1.21000000e+00  3.32289925e-09  3.24459838e-09  3.25620673e-09  3.27474451e-09  4.59500799e-01  3.19913056e-09  4.59500799e-01  1.61915781e-07  1.27087731e-07  1.21000000e+00 
 1.22000000e+00  3.32289924e-09  3.24459832e-09  3.25620673e-09  3.27474451e-09  4.59500773e-01  3.19913056e-09  4.59500773e-01  1.61915734e-07  1.27087503e-07  1.22000000e+00 
 1.23000000e+00  3.32289924e-09  3.24459838e-09  3.25620678e-09  3.27474451e-09  4.59500757e-01  3.19913056e-09  4.59500757e-01  1.61915709e-07  1.27087247e-07  1.23000000e+00 
 1.24000000e+00  3.32289924e-09  3.24459832e-09  3.25620673e-09  3.27474451e-09  4.59500775e-01  3.19913056e-09  4.59500775e-01  1.61915740e-07  1.27087134e-07  1.24000000e+00 
 1.25000000e+00  3.32289930e-09  3.24459838e-09  3.25620673e-09  3.27474451e-09  4.59500784e-01  3.19913056e-09  4.59500784e-01  1.61915759e-07  1.27087034e-07  1.25000000e+00 
 1.26000000e+00  3.32289924e-09  3.24459838e-09  3.25620679e-09  3.27474451e-09  4.59500780e-01  3.19913062e-09  4.59500780e-01  1.61915755e-07  1.27086949e-07  1.26000000e+00 
 1.27000000e+00  3.32289924e-09  3.24459832e-09  3.25620673e-09  3.27474451e-09  4.59500779e-01  3.19913056e-09  4.59500779e-01  1.61915748e-07  1.27086764e-07  1.27000000e+00 
 1.28000000e+00  3.32289925e-09  3.24459838e-09  3.25620679e-09  3.27474451e-09  4.59500789e-01  3.19913056e-09  4.59500789e-01  1.61915762e-07  1.27086679e-07  1.28000000e+00 
 1.29000000e+00  3.32289924e-09  3.24459832e-09  3.25620673e-09  3.27474451e-09  4.59500778e-01  3.19913056e-09  4.59500778e-01  1.61915749e-07  1.27086537e-07  1.29000000e+00 
 1.30000000e+00  3.32289924e-09  3.24459838e-09  3.25620673e-09  3.27474451e-09  4.59500767e-01  3.19913056e-09  4.59500768e-01  1.61915739e-07  1.27086281e-07  1.30000000e+00 
 1.31000000e+00  3.32289924e-09  3.24459838e-09  3.25620673e-09  3.27474451e-09  4.59500780e-01  3.19913056e-09  4.59500780e-01  1.61915759e-07  1.27086111e-07  1.31000000e+00 
 1.32000000e+00  3.32289924e-09  3.24459838e-09  3.25620673e-09  3.27474451e-09  4.59500781e-01  3.19913056e-09  4.59500781e-01  1.61915761e-07  1.27086054e-07  1.32000000e+00 
 1.33000000e+00  3.32289925e-09  3.24459838e-09  3.25620673e-09  3.27474451e-09  4.59500796e-01  3.19913062e-09  4.59500796e-01  1.61915769e-07  1.27085983e-07  1.33000000e+00 
 1.34000000e+00  3.32289925e-09  3.24459838e-09  3.25620679e-09  3.27474451e-09  4.59500785e-01  3.19913056e-09  4.59500785e-01  1.61915771e-07  1.27085727e-07  1.34000000e+00 
 1.35000000e+00  3.32289930e-09  3.24459838e-09  3.25620673e-09  3.27474451e-09  4.59500787e-01  3.19913062e-09  4.59500787e-01  1.61915769e-07  1.27085485e-07  1.35000000e+00 
 1.36000000e+00  3.32289925e-09  3.24459838e-09  3.25620673e-09  3.27474451e-09  4.59500785e-01  3.19913056e-09  4.59500785e-01  1.61915754e-07  1.27085329e-07  1.36000000e+00 
 1.37000000e+00  3.32289925e-09  3.24459838e-09  3.25620679e-09  3.27474451e-09  4.59500792e-01  3.19913056e-09  4.59500792e-01  1.61915768e-07  1.27084974e-07  1.37000000e+00 
 1.38000000e+00  3.32289930e-09  3.24459838e-09  3.25620673e-09  3.27474451e-09  4.59500789e-01  3.19913056e-09  4.59500789e-01  1.61915774e-07  1.27084775e-07  1.38000000e+00 
 1.39000000e+00  3.32289924e-09  3.24459838e-09  3.25620679e-09  3.27474451e-09  4.59500778e-01  3.19913056e-09  4.59500778e-01  1.61915744e-07  1.27084519e-07  1.39000000e+00 
 1.40000000e+00  3.32289924e-09  3.24459838e-09  3.25620673e-09  3.27474451e-09  4.59500760e-01  3.19913056e-09  4.59500760e-01  1.61915729e-07  1.27084249e-07  1.40000000e+00 
 1.41000000e+00  3.32289924e-09  3.24459832e-09  3.25620679e-09  3.27474451e-09  4.59500781e-01  3.19913056e-09  4.59500781e-01  1.61915758e-07  1.27084050e-07  1.41000000e+00 
 1.42000000e+00  3.32289924e-09  3.24459838e-09  3.25620679e-09  3.27474451e-09  4.59500770e-01  3.19913062e-09  4.59500770e-01  1.61915729e-07  1.27083624e-07  1.42000000e+00 
 1.43000000e+00  3.32289924e-09  3.24459832e-09  3.25620673e-09  3.27474451e-09  4.59500780e-01  3.19913056e-09  4.59500781e-01  1.61915748e-07  1.27083425e-07  1.43000000e+00 
 1.44000000e+00  3.32289924e-09  3.24459832e-09  3.25620673e-09  3.27474451e-09  4.59500782e-01  3.19913056e-09  4.59500782e-01  1.61915751e-07  1.27082899e-07  1.44000000e+00 
 1.45000000e+00  3.32289924e-09  3.24459838e-09  3.25620679e-09  3.27474451e-09  4.59500778e-01  3.19913056e-09  4.59500778e-01  1.61915743e-07  1.27082345e-07  1.45000000e+00 
 1.46000000e+00  3.32289924e-09  3.24459838e-09  3.25620673e-09  3.27474451e-09  4.59500772e-01  3.19913056e-09  4.59500772e-01  1.61915740e-07  1.27081847e-07  1.46000000e+00 
 1.47000000e+00  3.32289924e-09  3.24459838e-09  3.25620673e-09  3.27474451e-09  4.59500782e-01  3.19913056e-09  4.59500782e-01  1.61915764e-07  1.27081364e-07  1.47000000e+00 
 1.48000000e+00  3.32289924e-09  3.24459838e-09  3.25620679e-09  3.27474451e-09  4.59500768e-01  3.19913056e-09  4.59500768e-01  1.61915730e-07  1.27080298e-07  1.48000000e+00 
 1.49000000e+00  3.32289924e-09  3.24459838e-09  3.25620673e-09  3.27474451e-09  4.59500761e-01  3.19913056e-09  4.59500761e-01  1.61915722e-07  1.27079531e-07  1.49000000e+00 
 1.50000000e+00  3.32289925e-09  3.24459832e-09  3.25620673e-09  3.27474451e-09  4.59500786e-01  3.19913056e-09  4.59500786e-01  1.61915763e-07  1.27078280e-07  1.50000000e+00 
 1.51000000e+00  3.32289925e-09  3.24459838e-09  3.25620673e-09  3.27474451e-09  4.59500796e-01  3.19913056e-09  4.59500796e-01  1.61915780e-07  1.27076717e-07  1.51000000e+00 
 1.52000000e+00  3.32289925e-09  3.24459838e-09  3.25620673e-09  3.27474451e-09  4.59500788e-01  3.19913056e-09  4.59500788e-01  1.61915763e-07  1.27074614e-07  1.52000000e+00 
 1.53000000e+00  3.32289924e-09  3.24459832e-09  3.25620679e-09  3.27474451e-09  4.59500776e-01  3.19913056e-09  4.59500776e-01  1.61915747e-07  1.27071488e-07  1.53000000e+00 
 1.54000000e+00  3.32289930e-09  3.24459838e-09  3.25620679e-09  3.27474451e-09  4.59500771e-01  3.19913056e-09  4.59500772e-01  1.61915739e-07  1.27066855e-07  1.54000000e+00 
 1.55000000e+00  3.32289930e-09  3.24459832e-09  3.25620679e-09  3.27474451e-09  4.59500787e-01  3.19913062e-09  4.59500787e-01  1.61915758e-07  1.27059920e-07  1.55000000e+00 
 1.56000000e+00  3.32289925e-09  3.24459838e-09  3.25620673e-09  3.27474451e-09  4.59500797e-01  3.19913056e-09  4.59500797e-01  1.61915777e-07  1.27048267e-07  1.56000000e+00 
 1.57000000e+00  3.32289925e-09  3.24459832e-09  3.25620679e-09  3.27474451e-09  4.59500783e-01  3.19913056e-09  4.59500783e-01  1.61915756e-07  1.27028272e-07  1.57000000e+00 
 1.58000000e+00  3.32289925e-09  3.24459838e-09  3.25620673e-09  3.27474451e-09  4.59500789e-01  3.19913056e-09  4.59500789e-01  1.61915768e-07  1.26992049e-07  1.58000000e+00 
 1.59000000e+00  3.32289925e-09  3.24459838e-09  3.25620673e-09  3.27474451e-09  4.59500804e-01  3.19913056e-09  4.59500804e-01  1.61915808e-07  1.26921790e-07  1.59000000e+00 
 1.60000000e+00  3.32289924e-09  3.24459838e-09  3.25620673e-09  3.27474451e-09  4.59500780e-01  3.19913056e-09  4.59500780e-01  1.61915747e-07  1.26770999e-07  1.60000000e+00 
 1.61000000e+00  3.32289925e-09  3.24459838e-09  3.25620679e-09  3.27474451e-09  4.59500790e-01  3.19913056e-09  4.59500790e-01  1.61915762e-07  1.26391029e-07  1.61000000e+00 
 1.62000000e+00  3.32289924e-09  3.24459838e-09  3.25620673e-09  3.27474451e-09  4.59500780e-01  3.19913056e-09  4.59500780e-01  1.61915758e-07  1.25469029e-07  1.62000000e+00 
 1.63000000e+00  3.32289924e-09  3.24459832e-09  3.25620679e-09  3.27474451e-09  4.59500771e-01  3.19913056e-09  4.59500771e-01  1.61915732e-07  1.23552724e-07  1.63000000e+00 
 1.64000000e+00  3.32289925e-09  3.24459838e-09  3.25620673e-09  3.27474451e-09  4.59500784e-01  3.19913056e-09  4.59500784e-01  1.61915767e-07  1.03675589e-07  1.64000000e+00 
 1.65000000e+00  3.32289930e-09  3.24459838e-09  3.25620678e-09  3.27474451e-09  4.59500760e-01  3.19913062e-09  4.59500761e-01  1.61915723e-07  8.50847499e-08  1.65000000e+00 
 1.66000000e+00  3.32289924e-09  3.24459838e-09  3.25620673e-09  3.27474451e-09  4.59500763e-01  3.19913056e-09  4.59500763e-01  1.61915721e-07  6.91554760e-08  1.66000000e+00 
 1.67000000e+00  3.32289924e-09  3.24459838e-09  3.25620679e-09  3.27474451e-09  4.59500778e-01  3.19913056e-09  4.59500779e-01  1.61915755e-07  5.57160575e-08  1.67000000e+00 
 1.68000000e+00  3.32289924e-09  3.24459838e-09  3.25620673e-09  3.27474451e-09  4.59500772e-01  3.19913056e-09  4.59500772e-01  1.61915741e-07  4.45084254e-08  1.68000000e+00 
 1.69000000e+00  3.32289924e-09  3.24459832e-09  3.25620673e-09  3.27474451e-09  4.59500750e-01  3.19913056e-09  4.59500750e-01  1.61915708e-07  3.52348621e-08  1.69000000e+00 
 1.70000000e+00  3.32289924e-09  3.24459838e-09  3.25620678e-09  3.27474451e-09  4.59500756e-01  3.19913056e-09  4.59500756e-01  1.61915716e-07  2.76061627e-08  1.70000000e+00 
 1.71000000e+00  3.32289924e-09  3.24459838e-09  3.25620673e-09  3.27474451e-09  4.59500767e-01  3.19913056e-09  4.59500767e-01  1.61915744e-07  2.13562288e-08  1.71000000e+00 
 1.72000000e+00  3.32289924e-09  3.24459838e-09  3.25620673e-09  3.27474451e-09  4.59500781e-01  3.19913062e-09  4.59500781e-01  1.61915747e-07  1.62509224e-08  1.72000000e+00 
 1.73000000e+00  3.32289925e-09  3.24459832e-09  3.25620673e-09  3.27474451e-09  4.59500797e-01  3.19913056e-09  4.59500797e-01  1.61915779e-07  1.20866019e-08  1.73000000e+00 
 1.74000000e+00  3.32289924e-09  3.24459838e-09  3.25620673e-09  3.27474451e-09  4.59500782e-01  3.19913056e-09  4.59500782e-01  1.61915751e-07  8.68726602e-09  1.74000000e+00 
 1.75000000e+00  3.32289930e-09  3.24459838e-09  3.25620679e-09  3.27474451e-09  4.59500789e-01  3.19913056e-09  4.59500789e-01  1.61915766e-07  5.90029003e-09  1.75000000e+00 
 1.76000000e+00  3.32289924e-09  3.24459838e-09  3.25620679e-09  3.27474451e-09  4.59500782e-01  3.19913056e-09  4.59500782e-01  1.61915769e-07  3.59487728e-09  1.76000000e+00 
 1.77000000e+00  3.32289924e-09  3.24459838e-09  3.25620679e-09  3.27474451e-09  4.59500773e-01  3.19913056e-09  4.59500773e-01  1.61915737e-07  1.66872383e-09  1.77000000e+00 
 1.78000000e+00  3.32289924e-09  3.24459838e-09  3.25620673e-09  3.27474451e-09  4.59500765e-01  3.19913056e-09  4.59500765e-01  1.61915736e-07  5.88897819e-11  1.78000000e+00 
 1.79000000e+00  3.32289925e-09  3.24459832e-09  3.25620673e-09  3.27474451e-09  4.59500785e-01  3.19913056e-09  4.59500786e-01  1.61915758e-07 -1.25415056e-09  1.79000000e+00 
 1.80000000e+00  3.32289925e-09  3.24459838e-09  3.25620673e-09  3.27474451e-09  4.59500784e-01  3.19913056e-09  4.59500784e-01  1.61915758e-07 -2.26914665e-09  1.80000000e+00 
