 v-sweep         v(b0)           v(b1)           v(b2)           v(b3)           v(b4)           v(b5)           v(b6)           i(vbias)        i(viout)        v(vout)        
 0.00000000e+00  3.33582381e-09  4.57854003e-01  3.15216849e-09  4.57854003e-01  3.58033181e-09  3.35147635e-09  4.57854003e-01  1.57767232e-07  1.13428029e-07  0.00000000e+00 
 1.00000000e-02  3.33582380e-09  4.57854011e-01  3.15216847e-09  4.57854011e-01  3.58033184e-09  3.35147628e-09  4.57854011e-01  1.57767236e-07  1.13427545e-07  1.00000000e-02 
 2.00000000e-02  3.33582379e-09  4.57853981e-01  3.15216847e-09  4.57853981e-01  3.58033184e-09  3.35147628e-09  4.57853981e-01  1.57767207e-07  1.13427109e-07  2.00000000e-02 
 3.00000000e-02  3.33582379e-09  4.57853987e-01  3.15216847e-09  4.57853987e-01  3.58033184e-09  3.35147628e-09  4.57853987e-01  1.57767200e-07  1.13426717e-07  3.00000000e-02 
 4.00000000e-02  3.33582379e-09  4.57853973e-01  3.15216853e-09  4.57853973e-01  3.58033184e-09  3.35147633e-09  4.57853973e-01  1.57767175e-07  1.13426286e-07  4.00000000e-02 
 5.00000000e-02  3.33582379e-09  4.57853981e-01  3.15216847e-09  4.57853981e-01  3.58033184e-09  3.35147634e-09  4.57853981e-01  1.57767179e-07  1.13425989e-07  5.00000000e-02 
 6.00000000e-02  3.33582379e-09  4.57853965e-01  3.15216853e-09  4.57853965e-01  3.58033184e-09  3.35147633e-09  4.57853965e-01  1.57767159e-07  1.13425623e-07  6.00000000e-02 
 7.00000000e-02  3.33582380e-09  4.57853995e-01  3.15216853e-09  4.57853995e-01  3.58033184e-09  3.35147634e-09  4.57853995e-01  1.57767216e-07  1.13425372e-07  7.00000000e-02 
 8.00000000e-02  3.33582379e-09  4.57853980e-01  3.15216853e-09  4.57853980e-01  3.58033184e-09  3.35147634e-09  4.57853980e-01  1.57767184e-07  1.13424996e-07  8.00000000e-02 
 9.00000000e-02  3.33582379e-09  4.57853988e-01  3.15216853e-09  4.57853988e-01  3.58033184e-09  3.35147634e-09  4.57853988e-01  1.57767204e-07  1.13424718e-07  9.00000000e-02 
 1.00000000e-01  3.33582379e-09  4.57853988e-01  3.15216847e-09  4.57853988e-01  3.58033184e-09  3.35147634e-09  4.57853988e-01  1.57767199e-07  1.13424458e-07  1.00000000e-01 
 1.10000000e-01  3.33582380e-09  4.57853998e-01  3.15216847e-09  4.57853997e-01  3.58033184e-09  3.35147634e-09  4.57853998e-01  1.57767218e-07  1.13424218e-07  1.10000000e-01 
 1.20000000e-01  3.33582380e-09  4.57853989e-01  3.15216847e-09  4.57853989e-01  3.58033184e-09  3.35147634e-09  4.57853989e-01  1.57767200e-07  1.13423908e-07  1.20000000e-01 
 1.30000000e-01  3.33582379e-09  4.57853974e-01  3.15216847e-09  4.57853974e-01  3.58033184e-09  3.35147628e-09  4.57853974e-01  1.57767169e-07  1.13423550e-07  1.30000000e-01 
 1.40000000e-01  3.33582379e-09  4.57853975e-01  3.15216847e-09  4.57853975e-01  3.58033184e-09  3.35147628e-09  4.57853975e-01  1.57767180e-07  1.13423287e-07  1.40000000e-01 
 1.50000000e-01  3.33582380e-09  4.57853999e-01  3.15216853e-09  4.57853999e-01  3.58033184e-09  3.35147634e-09  4.57853999e-01  1.57767209e-07  1.13423257e-07  1.50000000e-01 
 1.60000000e-01  3.33582380e-09  4.57853997e-01  3.15216853e-09  4.57853997e-01  3.58033184e-09  3.35147634e-09  4.57853997e-01  1.57767211e-07  1.13423130e-07  1.60000000e-01 
 1.70000000e-01  3.33582380e-09  4.57853990e-01  3.15216847e-09  4.57853990e-01  3.58033184e-09  3.35147634e-09  4.57853990e-01  1.57767196e-07  1.13422884e-07  1.70000000e-01 
 1.80000000e-01  3.33582379e-09  4.57853974e-01  3.15216853e-09  4.57853974e-01  3.58033184e-09  3.35147633e-09  4.57853974e-01  1.57767169e-07  1.13422534e-07  1.80000000e-01 
 1.90000000e-01  3.33582379e-09  4.57853985e-01  3.15216847e-09  4.57853984e-01  3.58033184e-09  3.35147634e-09  4.57853984e-01  1.57767188e-07  1.13422407e-07  1.90000000e-01 
 2.00000000e-01  3.33582380e-09  4.57853997e-01  3.15216853e-09  4.57853996e-01  3.58033184e-09  3.35147634e-09  4.57853997e-01  1.57767220e-07  1.13422306e-07  2.00000000e-01 
 2.10000000e-01  3.33582379e-09  4.57853964e-01  3.15216847e-09  4.57853964e-01  3.58033184e-09  3.35147628e-09  4.57853964e-01  1.57767170e-07  1.13422024e-07  2.10000000e-01 
 2.20000000e-01  3.33582379e-09  4.57853981e-01  3.15216847e-09  4.57853981e-01  3.58033184e-09  3.35147634e-09  4.57853981e-01  1.57767170e-07  1.13422074e-07  2.20000000e-01 
 2.30000000e-01  3.33582380e-09  4.57853991e-01  3.15216853e-09  4.57853991e-01  3.58033184e-09  3.35147628e-09  4.57853991e-01  1.57767198e-07  1.13421747e-07  2.30000000e-01 
 2.40000000e-01  3.33582379e-09  4.57853972e-01  3.15216853e-09  4.57853972e-01  3.58033184e-09  3.35147633e-09  4.57853972e-01  1.57767178e-07  1.13421548e-07  2.40000000e-01 
 2.50000000e-01  3.33582379e-09  4.57853986e-01  3.15216847e-09  4.57853986e-01  3.58033184e-09  3.35147634e-09  4.57853986e-01  1.57767202e-07  1.13421423e-07  2.50000000e-01 
 2.60000000e-01  3.33582379e-09  4.57853984e-01  3.15216853e-09  4.57853984e-01  3.58033184e-09  3.35147628e-09  4.57853984e-01  1.57767190e-07  1.13421279e-07  2.60000000e-01 
 2.70000000e-01  3.33582379e-09  4.57853987e-01  3.15216847e-09  4.57853987e-01  3.58033184e-09  3.35147634e-09  4.57853987e-01  1.57767201e-07  1.13421118e-07  2.70000000e-01 
 2.80000000e-01  3.33582379e-09  4.57853987e-01  3.15216853e-09  4.57853987e-01  3.58033184e-09  3.35147634e-09  4.57853987e-01  1.57767192e-07  1.13421072e-07  2.80000000e-01 
 2.90000000e-01  3.33582379e-09  4.57853982e-01  3.15216847e-09  4.57853982e-01  3.58033184e-09  3.35147634e-09  4.57853982e-01  1.57767187e-07  1.13420828e-07  2.90000000e-01 
 3.00000000e-01  3.33582379e-09  4.57853967e-01  3.15216847e-09  4.57853967e-01  3.58033184e-09  3.35147633e-09  4.57853967e-01  1.57767161e-07  1.13420736e-07  3.00000000e-01 
 3.10000000e-01  3.33582379e-09  4.57853973e-01  3.15216853e-09  4.57853972e-01  3.58033184e-09  3.35147628e-09  4.57853973e-01  1.57767181e-07  1.13420619e-07  3.10000000e-01 
 3.20000000e-01  3.33582380e-09  4.57853992e-01  3.15216853e-09  4.57853991e-01  3.58033184e-09  3.35147628e-09  4.57853992e-01  1.57767190e-07  1.13420612e-07  3.20000000e-01 
 3.30000000e-01  3.33582379e-09  4.57853975e-01  3.15216847e-09  4.57853975e-01  3.58033184e-09  3.35147628e-09  4.57853975e-01  1.57767174e-07  1.13420292e-07  3.30000000e-01 
 3.40000000e-01  3.33582380e-09  4.57854001e-01  3.15216853e-09  4.57854001e-01  3.58033184e-09  3.35147634e-09  4.57854001e-01  1.57767227e-07  1.13420377e-07  3.40000000e-01 
 3.50000000e-01  3.33582379e-09  4.57853972e-01  3.15216847e-09  4.57853972e-01  3.58033184e-09  3.35147633e-09  4.57853972e-01  1.57767188e-07  1.13420121e-07  3.50000000e-01 
 3.60000000e-01  3.33582379e-09  4.57853975e-01  3.15216847e-09  4.57853975e-01  3.58033184e-09  3.35147628e-09  4.57853975e-01  1.57767176e-07  1.13420018e-07  3.60000000e-01 
 3.70000000e-01  3.33582380e-09  4.57854000e-01  3.15216853e-09  4.57853999e-01  3.58033184e-09  3.35147628e-09  4.57854000e-01  1.57767211e-07  1.13420079e-07  3.70000000e-01 
 3.80000000e-01  3.33582380e-09  4.57853991e-01  3.15216853e-09  4.57853990e-01  3.58033184e-09  3.35147628e-09  4.57853991e-01  1.57767200e-07  1.13419802e-07  3.80000000e-01 
 3.90000000e-01  3.33582379e-09  4.57853971e-01  3.15216853e-09  4.57853971e-01  3.58033184e-09  3.35147633e-09  4.57853971e-01  1.57767177e-07  1.13419809e-07  3.90000000e-01 
 4.00000000e-01  3.33582379e-09  4.57853986e-01  3.15216847e-09  4.57853986e-01  3.58033184e-09  3.35147634e-09  4.57853986e-01  1.57767206e-07  1.13419599e-07  4.00000000e-01 
 4.10000000e-01  3.33582380e-09  4.57853999e-01  3.15216853e-09  4.57853999e-01  3.58033184e-09  3.35147634e-09  4.57853999e-01  1.57767228e-07  1.13419535e-07  4.10000000e-01 
 4.20000000e-01  3.33582379e-09  4.57853982e-01  3.15216847e-09  4.57853982e-01  3.58033184e-09  3.35147634e-09  4.57853982e-01  1.57767188e-07  1.13419585e-07  4.20000000e-01 
 4.30000000e-01  3.33582380e-09  4.57854009e-01  3.15216853e-09  4.57854009e-01  3.58033184e-09  3.35147628e-09  4.57854009e-01  1.57767244e-07  1.13419500e-07  4.30000000e-01 
 4.40000000e-01  3.33582380e-09  4.57853992e-01  3.15216853e-09  4.57853992e-01  3.58033184e-09  3.35147634e-09  4.57853992e-01  1.57767205e-07  1.13419279e-07  4.40000000e-01 
 4.50000000e-01  3.33582379e-09  4.57853982e-01  3.15216847e-09  4.57853982e-01  3.58033184e-09  3.35147634e-09  4.57853982e-01  1.57767190e-07  1.13419201e-07  4.50000000e-01 
 4.60000000e-01  3.33582379e-09  4.57853968e-01  3.15216853e-09  4.57853967e-01  3.58033184e-09  3.35147633e-09  4.57853968e-01  1.57767163e-07  1.13419116e-07  4.60000000e-01 
 4.70000000e-01  3.33582379e-09  4.57853976e-01  3.15216853e-09  4.57853975e-01  3.58033184e-09  3.35147634e-09  4.57853976e-01  1.57767175e-07  1.13419119e-07  4.70000000e-01 
 4.80000000e-01  3.33582379e-09  4.57853988e-01  3.15216853e-09  4.57853988e-01  3.58033184e-09  3.35147634e-09  4.57853988e-01  1.57767189e-07  1.13418992e-07  4.80000000e-01 
 4.90000000e-01  3.33582379e-09  4.57853983e-01  3.15216853e-09  4.57853982e-01  3.58033184e-09  3.35147628e-09  4.57853983e-01  1.57767193e-07  1.13418952e-07  4.90000000e-01 
 5.00000000e-01  3.33582379e-09  4.57853977e-01  3.15216853e-09  4.57853977e-01  3.58033184e-09  3.35147634e-09  4.57853977e-01  1.57767179e-07  1.13418832e-07  5.00000000e-01 
 5.10000000e-01  3.33582379e-09  4.57853962e-01  3.15216853e-09  4.57853962e-01  3.58033184e-09  3.35147633e-09  4.57853962e-01  1.57767159e-07  1.13418704e-07  5.10000000e-01 
 5.20000000e-01  3.33582385e-09  4.57853980e-01  3.15216847e-09  4.57853980e-01  3.58033184e-09  3.35147634e-09  4.57853980e-01  1.57767193e-07  1.13418746e-07  5.20000000e-01 
 5.30000000e-01  3.33582379e-09  4.57853979e-01  3.15216847e-09  4.57853979e-01  3.58033184e-09  3.35147628e-09  4.57853979e-01  1.57767191e-07  1.13418466e-07  5.30000000e-01 
 5.40000000e-01  3.33582379e-09  4.57853988e-01  3.15216853e-09  4.57853988e-01  3.58033184e-09  3.35147628e-09  4.57853988e-01  1.57767193e-07  1.13418505e-07  5.40000000e-01 
 5.50000000e-01  3.33582379e-09  4.57853966e-01  3.15216847e-09  4.57853966e-01  3.58033184e-09  3.35147633e-09  4.57853966e-01  1.57767179e-07  1.13418295e-07  5.50000000e-01 
 5.60000000e-01  3.33582379e-09  4.57853983e-01  3.15216847e-09  4.57853983e-01  3.58033184e-09  3.35147634e-09  4.57853983e-01  1.57767198e-07  1.13418341e-07  5.60000000e-01 
 5.70000000e-01  3.33582379e-09  4.57853979e-01  3.15216847e-09  4.57853979e-01  3.58033184e-09  3.35147634e-09  4.57853979e-01  1.57767199e-07  1.13418182e-07  5.70000000e-01 
 5.80000000e-01  3.33582380e-09  4.57853997e-01  3.15216853e-09  4.57853997e-01  3.58033184e-09  3.35147634e-09  4.57853997e-01  1.57767202e-07  1.13418210e-07  5.80000000e-01 
 5.90000000e-01  3.33582379e-09  4.57853969e-01  3.15216853e-09  4.57853968e-01  3.58033184e-09  3.35147633e-09  4.57853969e-01  1.57767168e-07  1.13418139e-07  5.90000000e-01 
 6.00000000e-01  3.33582380e-09  4.57854003e-01  3.15216847e-09  4.57854003e-01  3.58033190e-09  3.35147634e-09  4.57854003e-01  1.57767213e-07  1.13418146e-07  6.00000000e-01 
 6.10000000e-01  3.33582380e-09  4.57854000e-01  3.15216847e-09  4.57854000e-01  3.58033184e-09  3.35147634e-09  4.57854000e-01  1.57767235e-07  1.13417940e-07  6.10000000e-01 
 6.20000000e-01  3.33582379e-09  4.57853988e-01  3.15216847e-09  4.57853987e-01  3.58033184e-09  3.35147634e-09  4.57853988e-01  1.57767201e-07  1.13417926e-07  6.20000000e-01 
 6.30000000e-01  3.33582385e-09  4.57853978e-01  3.15216847e-09  4.57853978e-01  3.58033184e-09  3.35147628e-09  4.57853978e-01  1.57767182e-07  1.13417840e-07  6.30000000e-01 
 6.40000000e-01  3.33582379e-09  4.57853980e-01  3.15216853e-09  4.57853980e-01  3.58033184e-09  3.35147634e-09  4.57853980e-01  1.57767190e-07  1.13417634e-07  6.40000000e-01 
 6.50000000e-01  3.33582379e-09  4.57853967e-01  3.15216847e-09  4.57853967e-01  3.58033184e-09  3.35147628e-09  4.57853967e-01  1.57767159e-07  1.13417528e-07  6.50000000e-01 
 6.60000000e-01  3.33582380e-09  4.57853991e-01  3.15216847e-09  4.57853991e-01  3.58033184e-09  3.35147634e-09  4.57853991e-01  1.57767211e-07  1.13417457e-07  6.60000000e-01 
 6.70000000e-01  3.33582380e-09  4.57854008e-01  3.15216853e-09  4.57854008e-01  3.58033184e-09  3.35147628e-09  4.57854008e-01  1.57767231e-07  1.13417457e-07  6.70000000e-01 
 6.80000000e-01  3.33582380e-09  4.57853989e-01  3.15216853e-09  4.57853989e-01  3.58033184e-09  3.35147634e-09  4.57853989e-01  1.57767198e-07  1.13417393e-07  6.80000000e-01 
 6.90000000e-01  3.33582379e-09  4.57853982e-01  3.15216853e-09  4.57853982e-01  3.58033184e-09  3.35147628e-09  4.57853982e-01  1.57767200e-07  1.13417357e-07  6.90000000e-01 
 7.00000000e-01  3.33582380e-09  4.57853991e-01  3.15216847e-09  4.57853991e-01  3.58033184e-09  3.35147634e-09  4.57853991e-01  1.57767208e-07  1.13417151e-07  7.00000000e-01 
 7.10000000e-01  3.33582379e-09  4.57853986e-01  3.15216853e-09  4.57853986e-01  3.58033184e-09  3.35147628e-09  4.57853986e-01  1.57767198e-07  1.13417066e-07  7.10000000e-01 
 7.20000000e-01  3.33582380e-09  4.57853994e-01  3.15216853e-09  4.57853994e-01  3.58033184e-09  3.35147634e-09  4.57853994e-01  1.57767198e-07  1.13417101e-07  7.20000000e-01 
 7.30000000e-01  3.33582379e-09  4.57853979e-01  3.15216847e-09  4.57853979e-01  3.58033184e-09  3.35147634e-09  4.57853979e-01  1.57767181e-07  1.13416952e-07  7.30000000e-01 
 7.40000000e-01  3.33582379e-09  4.57853977e-01  3.15216847e-09  4.57853977e-01  3.58033184e-09  3.35147634e-09  4.57853977e-01  1.57767188e-07  1.13416945e-07  7.40000000e-01 
 7.50000000e-01  3.33582379e-09  4.57853979e-01  3.15216847e-09  4.57853979e-01  3.58033184e-09  3.35147634e-09  4.57853979e-01  1.57767187e-07  1.13416768e-07  7.50000000e-01 
 7.60000000e-01  3.33582379e-09  4.57853973e-01  3.15216853e-09  4.57853972e-01  3.58033184e-09  3.35147633e-09  4.57853973e-01  1.57767164e-07  1.13416782e-07  7.60000000e-01 
 7.70000000e-01  3.33582380e-09  4.57853995e-01  3.15216853e-09  4.57853995e-01  3.58033184e-09  3.35147634e-09  4.57853995e-01  1.57767216e-07  1.13416732e-07  7.70000000e-01 
 7.80000000e-01  3.33582379e-09  4.57853988e-01  3.15216847e-09  4.57853988e-01  3.58033184e-09  3.35147634e-09  4.57853988e-01  1.57767209e-07  1.13416604e-07  7.80000000e-01 
 7.90000000e-01  3.33582380e-09  4.57854008e-01  3.15216853e-09  4.57854008e-01  3.58033184e-09  3.35147628e-09  4.57854008e-01  1.57767226e-07  1.13416561e-07  7.90000000e-01 
 8.00000000e-01  3.33582379e-09  4.57853985e-01  3.15216853e-09  4.57853985e-01  3.58033184e-09  3.35147634e-09  4.57853985e-01  1.57767200e-07  1.13416291e-07  8.00000000e-01 
 8.10000000e-01  3.33582379e-09  4.57853985e-01  3.15216853e-09  4.57853985e-01  3.58033184e-09  3.35147634e-09  4.57853985e-01  1.57767194e-07  1.13416277e-07  8.10000000e-01 
 8.20000000e-01  3.33582379e-09  4.57853979e-01  3.15216847e-09  4.57853979e-01  3.58033184e-09  3.35147634e-09  4.57853979e-01  1.57767195e-07  1.13416156e-07  8.20000000e-01 
 8.30000000e-01  3.33582379e-09  4.57853977e-01  3.15216853e-09  4.57853977e-01  3.58033184e-09  3.35147634e-09  4.57853977e-01  1.57767183e-07  1.13416142e-07  8.30000000e-01 
 8.40000000e-01  3.33582379e-09  4.57853968e-01  3.15216853e-09  4.57853968e-01  3.58033184e-09  3.35147628e-09  4.57853968e-01  1.57767169e-07  1.13416100e-07  8.40000000e-01 
 8.50000000e-01  3.33582380e-09  4.57854001e-01  3.15216847e-09  4.57854001e-01  3.58033184e-09  3.35147634e-09  4.57854001e-01  1.57767217e-07  1.13415950e-07  8.50000000e-01 
 8.60000000e-01  3.33582379e-09  4.57853986e-01  3.15216853e-09  4.57853985e-01  3.58033184e-09  3.35147628e-09  4.57853986e-01  1.57767201e-07  1.13415972e-07  8.60000000e-01 
 8.70000000e-01  3.33582380e-09  4.57853996e-01  3.15216853e-09  4.57853996e-01  3.58033184e-09  3.35147628e-09  4.57853996e-01  1.57767213e-07  1.13416007e-07  8.70000000e-01 
 8.80000000e-01  3.33582379e-09  4.57853974e-01  3.15216847e-09  4.57853973e-01  3.58033184e-09  3.35147628e-09  4.57853974e-01  1.57767183e-07  1.13415645e-07  8.80000000e-01 
 8.90000000e-01  3.33582380e-09  4.57853991e-01  3.15216853e-09  4.57853991e-01  3.58033184e-09  3.35147634e-09  4.57853991e-01  1.57767196e-07  1.13415581e-07  8.90000000e-01 
 9.00000000e-01  3.33582379e-09  4.57853969e-01  3.15216853e-09  4.57853969e-01  3.58033184e-09  3.35147633e-09  4.57853969e-01  1.57767159e-07  1.13415531e-07  9.00000000e-01 
 9.10000000e-01  3.33582379e-09  4.57853963e-01  3.15216853e-09  4.57853962e-01  3.58033184e-09  3.35147633e-09  4.57853963e-01  1.57767146e-07  1.13415418e-07  9.10000000e-01 
 9.20000000e-01  3.33582379e-09  4.57853968e-01  3.15216853e-09  4.57853968e-01  3.58033184e-09  3.35147628e-09  4.57853968e-01  1.57767170e-07  1.13415432e-07  9.20000000e-01 
 9.30000000e-01  3.33582379e-09  4.57853984e-01  3.15216853e-09  4.57853984e-01  3.58033184e-09  3.35147634e-09  4.57853984e-01  1.57767198e-07  1.13415282e-07  9.30000000e-01 
 9.40000000e-01  3.33582380e-09  4.57853999e-01  3.15216847e-09  4.57853998e-01  3.58033184e-09  3.35147634e-09  4.57853999e-01  1.57767212e-07  1.13415275e-07  9.40000000e-01 
 9.50000000e-01  3.33582379e-09  4.57853983e-01  3.15216847e-09  4.57853982e-01  3.58033184e-09  3.35147634e-09  4.57853983e-01  1.57767187e-07  1.13415119e-07  9.50000000e-01 
 9.60000000e-01  3.33582379e-09  4.57853988e-01  3.15216853e-09  4.57853988e-01  3.58033184e-09  3.35147634e-09  4.57853988e-01  1.57767197e-07  1.13414941e-07  9.60000000e-01 
 9.70000000e-01  3.33582379e-09  4.57853959e-01  3.15216847e-09  4.57853958e-01  3.58033184e-09  3.35147633e-09  4.57853959e-01  1.57767147e-07  1.13414977e-07  9.70000000e-01 
 9.80000000e-01  3.33582379e-09  4.57853976e-01  3.15216853e-09  4.57853976e-01  3.58033184e-09  3.35147634e-09  4.57853976e-01  1.57767179e-07  1.13414949e-07  9.80000000e-01 
 9.90000000e-01  3.33582379e-09  4.57853976e-01  3.15216847e-09  4.57853976e-01  3.58033184e-09  3.35147628e-09  4.57853976e-01  1.57767163e-07  1.13414714e-07  9.90000000e-01 
 1.00000000e+00  3.33582380e-09  4.57854001e-01  3.15216853e-09  4.57854000e-01  3.58033184e-09  3.35147634e-09  4.57854001e-01  1.57767226e-07  1.13414693e-07  1.00000000e+00 
 1.01000000e+00  3.33582380e-09  4.57853992e-01  3.15216847e-09  4.57853992e-01  3.58033184e-09  3.35147634e-09  4.57853992e-01  1.57767219e-07  1.13414657e-07  1.01000000e+00 
 1.02000000e+00  3.33582379e-09  4.57853979e-01  3.15216847e-09  4.57853979e-01  3.58033184e-09  3.35147634e-09  4.57853979e-01  1.57767193e-07  1.13414636e-07  1.02000000e+00 
 1.03000000e+00  3.33582379e-09  4.57853974e-01  3.15216847e-09  4.57853974e-01  3.58033184e-09  3.35147628e-09  4.57853974e-01  1.57767169e-07  1.13414444e-07  1.03000000e+00 
 1.04000000e+00  3.33582379e-09  4.57853971e-01  3.15216853e-09  4.57853970e-01  3.58033184e-09  3.35147633e-09  4.57853971e-01  1.57767172e-07  1.13414217e-07  1.04000000e+00 
 1.05000000e+00  3.33582379e-09  4.57853965e-01  3.15216847e-09  4.57853965e-01  3.58033184e-09  3.35147633e-09  4.57853965e-01  1.57767167e-07  1.13414082e-07  1.05000000e+00 
 1.06000000e+00  3.33582379e-09  4.57853962e-01  3.15216847e-09  4.57853961e-01  3.58033184e-09  3.35147633e-09  4.57853962e-01  1.57767168e-07  1.13414046e-07  1.06000000e+00 
 1.07000000e+00  3.33582380e-09  4.57853996e-01  3.15216853e-09  4.57853996e-01  3.58033184e-09  3.35147634e-09  4.57853996e-01  1.57767215e-07  1.13414046e-07  1.07000000e+00 
 1.08000000e+00  3.33582379e-09  4.57853978e-01  3.15216853e-09  4.57853978e-01  3.58033190e-09  3.35147628e-09  4.57853978e-01  1.57767200e-07  1.13413982e-07  1.08000000e+00 
 1.09000000e+00  3.33582379e-09  4.57853982e-01  3.15216847e-09  4.57853982e-01  3.58033184e-09  3.35147634e-09  4.57853982e-01  1.57767187e-07  1.13413854e-07  1.09000000e+00 
 1.10000000e+00  3.33582379e-09  4.57853974e-01  3.15216847e-09  4.57853974e-01  3.58033184e-09  3.35147633e-09  4.57853974e-01  1.57767180e-07  1.13413641e-07  1.10000000e+00 
 1.11000000e+00  3.33582379e-09  4.57853983e-01  3.15216847e-09  4.57853983e-01  3.58033184e-09  3.35147634e-09  4.57853983e-01  1.57767203e-07  1.13413691e-07  1.11000000e+00 
 1.12000000e+00  3.33582380e-09  4.57854007e-01  3.15216847e-09  4.57854007e-01  3.58033184e-09  3.35147634e-09  4.57854007e-01  1.57767238e-07  1.13413527e-07  1.12000000e+00 
 1.13000000e+00  3.33582379e-09  4.57853981e-01  3.15216853e-09  4.57853981e-01  3.58033184e-09  3.35147634e-09  4.57853981e-01  1.57767181e-07  1.13413357e-07  1.13000000e+00 
 1.14000000e+00  3.33582379e-09  4.57853971e-01  3.15216847e-09  4.57853971e-01  3.58033184e-09  3.35147633e-09  4.57853971e-01  1.57767172e-07  1.13413336e-07  1.14000000e+00 
 1.15000000e+00  3.33582379e-09  4.57853966e-01  3.15216853e-09  4.57853966e-01  3.58033184e-09  3.35147633e-09  4.57853966e-01  1.57767165e-07  1.13413158e-07  1.15000000e+00 
 1.16000000e+00  3.33582380e-09  4.57853997e-01  3.15216853e-09  4.57853997e-01  3.58033184e-09  3.35147634e-09  4.57853997e-01  1.57767225e-07  1.13413122e-07  1.16000000e+00 
 1.17000000e+00  3.33582379e-09  4.57853979e-01  3.15216853e-09  4.57853978e-01  3.58033184e-09  3.35147634e-09  4.57853979e-01  1.57767188e-07  1.13413023e-07  1.17000000e+00 
 1.18000000e+00  3.33582379e-09  4.57853986e-01  3.15216847e-09  4.57853986e-01  3.58033184e-09  3.35147634e-09  4.57853986e-01  1.57767201e-07  1.13412881e-07  1.18000000e+00 
 1.19000000e+00  3.33582380e-09  4.57853991e-01  3.15216853e-09  4.57853990e-01  3.58033184e-09  3.35147634e-09  4.57853991e-01  1.57767211e-07  1.13412838e-07  1.19000000e+00 
 1.20000000e+00  3.33582379e-09  4.57853984e-01  3.15216847e-09  4.57853984e-01  3.58033184e-09  3.35147634e-09  4.57853984e-01  1.57767184e-07  1.13412796e-07  1.20000000e+00 
 1.21000000e+00  3.33582379e-09  4.57853989e-01  3.15216847e-09  4.57853988e-01  3.58033184e-09  3.35147634e-09  4.57853989e-01  1.57767176e-07  1.13412526e-07  1.21000000e+00 
 1.22000000e+00  3.33582379e-09  4.57853983e-01  3.15216853e-09  4.57853983e-01  3.58033184e-09  3.35147628e-09  4.57853983e-01  1.57767196e-07  1.13412398e-07  1.22000000e+00 
 1.23000000e+00  3.33582379e-09  4.57853988e-01  3.15216853e-09  4.57853987e-01  3.58033184e-09  3.35147634e-09  4.57853988e-01  1.57767194e-07  1.13412398e-07  1.23000000e+00 
 1.24000000e+00  3.33582385e-09  4.57853971e-01  3.15216847e-09  4.57853971e-01  3.58033184e-09  3.35147633e-09  4.57853971e-01  1.57767172e-07  1.13412199e-07  1.24000000e+00 
 1.25000000e+00  3.33582380e-09  4.57853994e-01  3.15216853e-09  4.57853994e-01  3.58033184e-09  3.35147634e-09  4.57853994e-01  1.57767213e-07  1.13412014e-07  1.25000000e+00 
 1.26000000e+00  3.33582380e-09  4.57853995e-01  3.15216847e-09  4.57853995e-01  3.58033184e-09  3.35147634e-09  4.57853995e-01  1.57767213e-07  1.13412199e-07  1.26000000e+00 
 1.27000000e+00  3.33582380e-09  4.57854006e-01  3.15216853e-09  4.57854006e-01  3.58033184e-09  3.35147634e-09  4.57854006e-01  1.57767217e-07  1.13411957e-07  1.27000000e+00 
 1.28000000e+00  3.33582379e-09  4.57853980e-01  3.15216847e-09  4.57853980e-01  3.58033184e-09  3.35147628e-09  4.57853980e-01  1.57767189e-07  1.13411787e-07  1.28000000e+00 
 1.29000000e+00  3.33582379e-09  4.57853971e-01  3.15216853e-09  4.57853971e-01  3.58033184e-09  3.35147633e-09  4.57853971e-01  1.57767159e-07  1.13411716e-07  1.29000000e+00 
 1.30000000e+00  3.33582379e-09  4.57853989e-01  3.15216847e-09  4.57853988e-01  3.58033184e-09  3.35147634e-09  4.57853989e-01  1.57767193e-07  1.13411659e-07  1.30000000e+00 
 1.31000000e+00  3.33582379e-09  4.57853975e-01  3.15216853e-09  4.57853975e-01  3.58033184e-09  3.35147628e-09  4.57853975e-01  1.57767184e-07  1.13411346e-07  1.31000000e+00 
 1.32000000e+00  3.33582379e-09  4.57853985e-01  3.15216853e-09  4.57853985e-01  3.58033184e-09  3.35147634e-09  4.57853985e-01  1.57767194e-07  1.13411176e-07  1.32000000e+00 
 1.33000000e+00  3.33582380e-09  4.57853990e-01  3.15216853e-09  4.57853989e-01  3.58033184e-09  3.35147634e-09  4.57853990e-01  1.57767198e-07  1.13411005e-07  1.33000000e+00 
 1.34000000e+00  3.33582379e-09  4.57853980e-01  3.15216847e-09  4.57853980e-01  3.58033184e-09  3.35147634e-09  4.57853980e-01  1.57767195e-07  1.13410792e-07  1.34000000e+00 
 1.35000000e+00  3.33582380e-09  4.57854015e-01  3.15216847e-09  4.57854014e-01  3.58033184e-09  3.35147628e-09  4.57854015e-01  1.57767240e-07  1.13410991e-07  1.35000000e+00 
 1.36000000e+00  3.33582379e-09  4.57853986e-01  3.15216847e-09  4.57853986e-01  3.58033184e-09  3.35147634e-09  4.57853986e-01  1.57767195e-07  1.13410564e-07  1.36000000e+00 
 1.37000000e+00  3.33582380e-09  4.57853994e-01  3.15216853e-09  4.57853994e-01  3.58033184e-09  3.35147628e-09  4.57853994e-01  1.57767203e-07  1.13410366e-07  1.37000000e+00 
 1.38000000e+00  3.33582379e-09  4.57853984e-01  3.15216847e-09  4.57853983e-01  3.58033184e-09  3.35147634e-09  4.57853983e-01  1.57767186e-07  1.13410280e-07  1.38000000e+00 
 1.39000000e+00  3.33582379e-09  4.57853988e-01  3.15216853e-09  4.57853988e-01  3.58033184e-09  3.35147634e-09  4.57853988e-01  1.57767205e-07  1.13410024e-07  1.39000000e+00 
 1.40000000e+00  3.33582379e-09  4.57853975e-01  3.15216853e-09  4.57853975e-01  3.58033184e-09  3.35147634e-09  4.57853975e-01  1.57767179e-07  1.13409911e-07  1.40000000e+00 
 1.41000000e+00  3.33582379e-09  4.57853980e-01  3.15216853e-09  4.57853980e-01  3.58033184e-09  3.35147634e-09  4.57853980e-01  1.57767186e-07  1.13409527e-07  1.41000000e+00 
 1.42000000e+00  3.33582380e-09  4.57853993e-01  3.15216847e-09  4.57853993e-01  3.58033190e-09  3.35147634e-09  4.57853993e-01  1.57767189e-07  1.13409257e-07  1.42000000e+00 
 1.43000000e+00  3.33582379e-09  4.57853967e-01  3.15216847e-09  4.57853967e-01  3.58033184e-09  3.35147633e-09  4.57853967e-01  1.57767174e-07  1.13408845e-07  1.43000000e+00 
 1.44000000e+00  3.33582380e-09  4.57853998e-01  3.15216853e-09  4.57853998e-01  3.58033184e-09  3.35147634e-09  4.57853998e-01  1.57767220e-07  1.13408746e-07  1.44000000e+00 
 1.45000000e+00  3.33582379e-09  4.57853974e-01  3.15216847e-09  4.57853974e-01  3.58033184e-09  3.35147633e-09  4.57853974e-01  1.57767197e-07  1.13408390e-07  1.45000000e+00 
 1.46000000e+00  3.33582379e-09  4.57853982e-01  3.15216853e-09  4.57853982e-01  3.58033184e-09  3.35147628e-09  4.57853982e-01  1.57767193e-07  1.13407921e-07  1.46000000e+00 
 1.47000000e+00  3.33582380e-09  4.57853996e-01  3.15216853e-09  4.57853996e-01  3.58033184e-09  3.35147634e-09  4.57853996e-01  1.57767213e-07  1.13407552e-07  1.47000000e+00 
 1.48000000e+00  3.33582380e-09  4.57854005e-01  3.15216853e-09  4.57854005e-01  3.58033184e-09  3.35147634e-09  4.57854005e-01  1.57767218e-07  1.13406941e-07  1.48000000e+00 
 1.49000000e+00  3.33582379e-09  4.57853984e-01  3.15216847e-09  4.57853984e-01  3.58033184e-09  3.35147634e-09  4.57853984e-01  1.57767199e-07  1.13406273e-07  1.49000000e+00 
 1.50000000e+00  3.33582379e-09  4.57853975e-01  3.15216853e-09  4.57853975e-01  3.58033184e-09  3.35147634e-09  4.57853975e-01  1.57767181e-07  1.13405335e-07  1.50000000e+00 
 1.51000000e+00  3.33582380e-09  4.57853992e-01  3.15216847e-09  4.57853992e-01  3.58033184e-09  3.35147628e-09  4.57853992e-01  1.57767195e-07  1.13404298e-07  1.51000000e+00 
 1.52000000e+00  3.33582379e-09  4.57853978e-01  3.15216853e-09  4.57853978e-01  3.58033184e-09  3.35147634e-09  4.57853978e-01  1.57767193e-07  1.13403019e-07  1.52000000e+00 
 1.53000000e+00  3.33582379e-09  4.57853968e-01  3.15216853e-09  4.57853968e-01  3.58033184e-09  3.35147633e-09  4.57853968e-01  1.57767173e-07  1.13400731e-07  1.53000000e+00 
 1.54000000e+00  3.33582380e-09  4.57854005e-01  3.15216853e-09  4.57854005e-01  3.58033184e-09  3.35147628e-09  4.57854005e-01  1.57767224e-07  1.13398215e-07  1.54000000e+00 
 1.55000000e+00  3.33582379e-09  4.57853966e-01  3.15216847e-09  4.57853965e-01  3.58033184e-09  3.35147633e-09  4.57853966e-01  1.57767167e-07  1.13393909e-07  1.55000000e+00 
 1.56000000e+00  3.33582380e-09  4.57853991e-01  3.15216853e-09  4.57853991e-01  3.58033184e-09  3.35147634e-09  4.57853991e-01  1.57767218e-07  1.13387330e-07  1.56000000e+00 
 1.57000000e+00  3.33582379e-09  4.57853987e-01  3.15216847e-09  4.57853987e-01  3.58033184e-09  3.35147634e-09  4.57853987e-01  1.57767188e-07  1.13376544e-07  1.57000000e+00 
 1.58000000e+00  3.33582380e-09  4.57854000e-01  3.15216853e-09  4.57853999e-01  3.58033184e-09  3.35147634e-09  4.57854000e-01  1.57767199e-07  1.13357757e-07  1.58000000e+00 
 1.59000000e+00  3.33582379e-09  4.57853982e-01  3.15216847e-09  4.57853982e-01  3.58033184e-09  3.35147634e-09  4.57853982e-01  1.57767175e-07  1.13322940e-07  1.59000000e+00 
 1.60000000e+00  3.33582385e-09  4.57853981e-01  3.15216847e-09  4.57853981e-01  3.58033184e-09  3.35147634e-09  4.57853981e-01  1.57767196e-07  1.13256732e-07  1.60000000e+00 
 1.61000000e+00  3.33582379e-09  4.57853980e-01  3.15216853e-09  4.57853979e-01  3.58033184e-09  3.35147634e-09  4.57853980e-01  1.57767182e-07  1.13112961e-07  1.61000000e+00 
 1.62000000e+00  3.33582379e-09  4.57853981e-01  3.15216853e-09  4.57853981e-01  3.58033184e-09  3.35147634e-09  4.57853981e-01  1.57767190e-07  1.12700079e-07  1.62000000e+00 
 1.63000000e+00  3.33582379e-09  4.57853973e-01  3.15216847e-09  4.57853972e-01  3.58033184e-09  3.35147628e-09  4.57853973e-01  1.57767175e-07  1.11603470e-07  1.63000000e+00 
 1.64000000e+00  3.33582379e-09  4.57853983e-01  3.15216847e-09  4.57853983e-01  3.58033184e-09  3.35147634e-09  4.57853983e-01  1.57767188e-07  1.07317035e-07  1.64000000e+00 
 1.65000000e+00  3.33582379e-09  4.57853975e-01  3.15216847e-09  4.57853975e-01  3.58033184e-09  3.35147634e-09  4.57853975e-01  1.57767186e-07  8.81344988e-08  1.65000000e+00 
 1.66000000e+00  3.33582379e-09  4.57853988e-01  3.15216853e-09  4.57853988e-01  3.58033184e-09  3.35147634e-09  4.57853988e-01  1.57767199e-07  7.16850792e-08  1.66000000e+00 
 1.67000000e+00  3.33582380e-09  4.57854003e-01  3.15216847e-09  4.57854003e-01  3.58033184e-09  3.35147634e-09  4.57854003e-01  1.57767223e-07  5.78006194e-08  1.67000000e+00 
 1.68000000e+00  3.33582380e-09  4.57853992e-01  3.15216847e-09  4.57853992e-01  3.58033184e-09  3.35147634e-09  4.57853992e-01  1.57767207e-07  4.62134011e-08  1.68000000e+00 
 1.69000000e+00  3.33582380e-09  4.57854000e-01  3.15216847e-09  4.57854000e-01  3.58033184e-09  3.35147634e-09  4.57854000e-01  1.57767207e-07  3.66235753e-08  1.69000000e+00 
 1.70000000e+00  3.33582379e-09  4.57853986e-01  3.15216853e-09  4.57853986e-01  3.58033184e-09  3.35147634e-09  4.57853986e-01  1.57767197e-07  2.87312929e-08  1.70000000e+00 
 1.71000000e+00  3.33582379e-09  4.57853965e-01  3.15216853e-09  4.57853965e-01  3.58033184e-09  3.35147633e-09  4.57853965e-01  1.57767166e-07  2.22629524e-08  1.71000000e+00 
 1.72000000e+00  3.33582385e-09  4.57853983e-01  3.15216853e-09  4.57853983e-01  3.58033184e-09  3.35147634e-09  4.57853983e-01  1.57767180e-07  1.69764718e-08  1.72000000e+00 
 1.73000000e+00  3.33582379e-09  4.57853989e-01  3.15216847e-09  4.57853989e-01  3.58033184e-09  3.35147628e-09  4.57853989e-01  1.57767194e-07  1.26615873e-08  1.73000000e+00 
 1.74000000e+00  3.33582379e-09  4.57853988e-01  3.15216847e-09  4.57853988e-01  3.58033184e-09  3.35147628e-09  4.57853988e-01  1.57767200e-07  9.13640008e-09  1.74000000e+00 
 1.75000000e+00  3.33582380e-09  4.57853994e-01  3.15216853e-09  4.57853994e-01  3.58033184e-09  3.35147634e-09  4.57853994e-01  1.57767207e-07  6.24311269e-09  1.75000000e+00 
 1.76000000e+00  3.33582380e-09  4.57854002e-01  3.15216853e-09  4.57854001e-01  3.58033184e-09  3.35147634e-09  4.57854002e-01  1.57767213e-07  3.84662258e-09  1.76000000e+00 
 1.77000000e+00  3.33582380e-09  4.57853998e-01  3.15216853e-09  4.57853998e-01  3.58033184e-09  3.35147634e-09  4.57853998e-01  1.57767220e-07  1.84068938e-09  1.77000000e+00 
 1.78000000e+00  3.33582379e-09  4.57853978e-01  3.15216853e-09  4.57853978e-01  3.58033184e-09  3.35147634e-09  4.57853978e-01  1.57767188e-07  1.61023195e-10  1.78000000e+00 
 1.79000000e+00  3.33582380e-09  4.57853990e-01  3.15216847e-09  4.57853990e-01  3.58033184e-09  3.35147628e-09  4.57853990e-01  1.57767206e-07 -1.21227117e-09  1.79000000e+00 
 1.80000000e+00  3.33582379e-09  4.57853987e-01  3.15216853e-09  4.57853987e-01  3.58033184e-09  3.35147628e-09  4.57853987e-01  1.57767190e-07 -2.27655050e-09  1.80000000e+00 
