 v-sweep         v(b0)           v(b1)           v(b2)           v(b3)           v(b4)           v(b5)           v(b6)           i(vbias)        i(viout)        v(vout)        
 0.00000000e+00  3.36318085e-09  3.41342632e-09  4.60757233e-01  3.54388340e-09  4.60757233e-01  3.38444620e-09  3.37936059e-09  1.62538717e-07  3.26008388e-08  0.00000000e+00 
 1.00000000e-02  3.36318088e-09  3.41342629e-09  4.60757238e-01  3.54388338e-09  4.60757238e-01  3.38444618e-09  3.37936063e-09  1.62538746e-07  3.26004138e-08  1.00000000e-02 
 2.00000000e-02  3.36318082e-09  3.41342630e-09  4.60757248e-01  3.54388338e-09  4.60757248e-01  3.38444618e-09  3.37936063e-09  1.62538770e-07  3.26000995e-08  2.00000000e-02 
 3.00000000e-02  3.36318082e-09  3.41342624e-09  4.60757250e-01  3.54388338e-09  4.60757250e-01  3.38444618e-09  3.37936063e-09  1.62538780e-07  3.25997636e-08  3.00000000e-02 
 4.00000000e-02  3.36318088e-09  3.41342630e-09  4.60757244e-01  3.54388338e-09  4.60757244e-01  3.38444618e-09  3.37936063e-09  1.62538759e-07  3.25994018e-08  4.00000000e-02 
 5.00000000e-02  3.36318088e-09  3.41342630e-09  4.60757231e-01  3.54388338e-09  4.60757231e-01  3.38444618e-09  3.37936062e-09  1.62538737e-07  3.25989848e-08  5.00000000e-02 
 6.00000000e-02  3.36318082e-09  3.41342630e-09  4.60757225e-01  3.54388337e-09  4.60757225e-01  3.38444618e-09  3.37936062e-09  1.62538737e-07  3.25986265e-08  6.00000000e-02 
 7.00000000e-02  3.36318088e-09  3.41342630e-09  4.60757236e-01  3.54388332e-09  4.60757236e-01  3.38444618e-09  3.37936063e-09  1.62538743e-07  3.25984133e-08  7.00000000e-02 
 8.00000000e-02  3.36318088e-09  3.41342630e-09  4.60757220e-01  3.54388337e-09  4.60757220e-01  3.38444618e-09  3.37936062e-09  1.62538723e-07  3.25979945e-08  8.00000000e-02 
 9.00000000e-02  3.36318088e-09  3.41342630e-09  4.60757221e-01  3.54388337e-09  4.60757221e-01  3.38444618e-09  3.37936062e-09  1.62538728e-07  3.25979030e-08  9.00000000e-02 
 1.00000000e-01  3.36318088e-09  3.41342630e-09  4.60757231e-01  3.54388338e-09  4.60757231e-01  3.38444618e-09  3.37936062e-09  1.62538750e-07  3.25976410e-08  1.00000000e-01 
 1.10000000e-01  3.36318088e-09  3.41342630e-09  4.60757215e-01  3.54388337e-09  4.60757215e-01  3.38444618e-09  3.37936062e-09  1.62538714e-07  3.25973843e-08  1.10000000e-01 
 1.20000000e-01  3.36318088e-09  3.41342630e-09  4.60757214e-01  3.54388337e-09  4.60757214e-01  3.38444618e-09  3.37936062e-09  1.62538709e-07  3.25971143e-08  1.20000000e-01 
 1.30000000e-01  3.36318082e-09  3.41342624e-09  4.60757236e-01  3.54388338e-09  4.60757235e-01  3.38444618e-09  3.37936063e-09  1.62538750e-07  3.25969189e-08  1.30000000e-01 
 1.40000000e-01  3.36318088e-09  3.41342630e-09  4.60757245e-01  3.54388338e-09  4.60757245e-01  3.38444618e-09  3.37936063e-09  1.62538759e-07  3.25966276e-08  1.40000000e-01 
 1.50000000e-01  3.36318088e-09  3.41342630e-09  4.60757226e-01  3.54388337e-09  4.60757226e-01  3.38444618e-09  3.37936062e-09  1.62538744e-07  3.25964749e-08  1.50000000e-01 
 1.60000000e-01  3.36318082e-09  3.41342630e-09  4.60757230e-01  3.54388332e-09  4.60757229e-01  3.38444618e-09  3.37936062e-09  1.62538742e-07  3.25962635e-08  1.60000000e-01 
 1.70000000e-01  3.36318082e-09  3.41342630e-09  4.60757248e-01  3.54388338e-09  4.60757248e-01  3.38444618e-09  3.37936063e-09  1.62538763e-07  3.25959881e-08  1.70000000e-01 
 1.80000000e-01  3.36318088e-09  3.41342624e-09  4.60757212e-01  3.54388337e-09  4.60757211e-01  3.38444618e-09  3.37936062e-09  1.62538708e-07  3.25958833e-08  1.80000000e-01 
 1.90000000e-01  3.36318082e-09  3.41342630e-09  4.60757237e-01  3.54388332e-09  4.60757237e-01  3.38444618e-09  3.37936063e-09  1.62538751e-07  3.25956488e-08  1.90000000e-01 
 2.00000000e-01  3.36318082e-09  3.41342630e-09  4.60757212e-01  3.54388337e-09  4.60757212e-01  3.38444618e-09  3.37936068e-09  1.62538721e-07  3.25956453e-08  2.00000000e-01 
 2.10000000e-01  3.36318088e-09  3.41342630e-09  4.60757246e-01  3.54388338e-09  4.60757246e-01  3.38444618e-09  3.37936063e-09  1.62538759e-07  3.25954694e-08  2.10000000e-01 
 2.20000000e-01  3.36318082e-09  3.41342630e-09  4.60757244e-01  3.54388338e-09  4.60757244e-01  3.38444618e-09  3.37936063e-09  1.62538755e-07  3.25954019e-08  2.20000000e-01 
 2.30000000e-01  3.36318082e-09  3.41342624e-09  4.60757245e-01  3.54388332e-09  4.60757245e-01  3.38444618e-09  3.37936063e-09  1.62538766e-07  3.25950857e-08  2.30000000e-01 
 2.40000000e-01  3.36318082e-09  3.41342630e-09  4.60757209e-01  3.54388337e-09  4.60757209e-01  3.38444618e-09  3.37936062e-09  1.62538694e-07  3.25950236e-08  2.40000000e-01 
 2.50000000e-01  3.36318088e-09  3.41342624e-09  4.60757258e-01  3.54388338e-09  4.60757258e-01  3.38444618e-09  3.37936063e-09  1.62538780e-07  3.25950023e-08  2.50000000e-01 
 2.60000000e-01  3.36318082e-09  3.41342630e-09  4.60757238e-01  3.54388338e-09  4.60757238e-01  3.38444618e-09  3.37936063e-09  1.62538736e-07  3.25947660e-08  2.60000000e-01 
 2.70000000e-01  3.36318082e-09  3.41342630e-09  4.60757227e-01  3.54388332e-09  4.60757227e-01  3.38444618e-09  3.37936062e-09  1.62538728e-07  3.25946932e-08  2.70000000e-01 
 2.80000000e-01  3.36318088e-09  3.41342630e-09  4.60757242e-01  3.54388338e-09  4.60757242e-01  3.38444618e-09  3.37936063e-09  1.62538749e-07  3.25945830e-08  2.80000000e-01 
 2.90000000e-01  3.36318088e-09  3.41342630e-09  4.60757228e-01  3.54388338e-09  4.60757228e-01  3.38444618e-09  3.37936062e-09  1.62538743e-07  3.25944640e-08  2.90000000e-01 
 3.00000000e-01  3.36318082e-09  3.41342630e-09  4.60757227e-01  3.54388337e-09  4.60757227e-01  3.38444618e-09  3.37936062e-09  1.62538732e-07  3.25943468e-08  3.00000000e-01 
 3.10000000e-01  3.36318088e-09  3.41342630e-09  4.60757238e-01  3.54388338e-09  4.60757238e-01  3.38444618e-09  3.37936063e-09  1.62538757e-07  3.25943006e-08  3.10000000e-01 
 3.20000000e-01  3.36318088e-09  3.41342624e-09  4.60757227e-01  3.54388338e-09  4.60757227e-01  3.38444618e-09  3.37936062e-09  1.62538726e-07  3.25941301e-08  3.20000000e-01 
 3.30000000e-01  3.36318082e-09  3.41342624e-09  4.60757252e-01  3.54388338e-09  4.60757252e-01  3.38444618e-09  3.37936063e-09  1.62538760e-07  3.25940910e-08  3.30000000e-01 
 3.40000000e-01  3.36318082e-09  3.41342630e-09  4.60757234e-01  3.54388338e-09  4.60757234e-01  3.38444618e-09  3.37936063e-09  1.62538752e-07  3.25939595e-08  3.40000000e-01 
 3.50000000e-01  3.36318088e-09  3.41342630e-09  4.60757239e-01  3.54388338e-09  4.60757239e-01  3.38444618e-09  3.37936063e-09  1.62538747e-07  3.25938174e-08  3.50000000e-01 
 3.60000000e-01  3.36318088e-09  3.41342630e-09  4.60757248e-01  3.54388338e-09  4.60757248e-01  3.38444618e-09  3.37936063e-09  1.62538773e-07  3.25938672e-08  3.60000000e-01 
 3.70000000e-01  3.36318088e-09  3.41342630e-09  4.60757216e-01  3.54388337e-09  4.60757216e-01  3.38444618e-09  3.37936062e-09  1.62538730e-07  3.25937108e-08  3.70000000e-01 
 3.80000000e-01  3.36318088e-09  3.41342630e-09  4.60757241e-01  3.54388338e-09  4.60757240e-01  3.38444618e-09  3.37936063e-09  1.62538754e-07  3.25935936e-08  3.80000000e-01 
 3.90000000e-01  3.36318088e-09  3.41342630e-09  4.60757227e-01  3.54388337e-09  4.60757227e-01  3.38444618e-09  3.37936062e-09  1.62538733e-07  3.25935723e-08  3.90000000e-01 
 4.00000000e-01  3.36318082e-09  3.41342630e-09  4.60757235e-01  3.54388338e-09  4.60757235e-01  3.38444618e-09  3.37936063e-09  1.62538734e-07  3.25933875e-08  4.00000000e-01 
 4.10000000e-01  3.36318088e-09  3.41342630e-09  4.60757203e-01  3.54388337e-09  4.60757203e-01  3.38444618e-09  3.37936062e-09  1.62538700e-07  3.25934764e-08  4.10000000e-01 
 4.20000000e-01  3.36318088e-09  3.41342630e-09  4.60757244e-01  3.54388338e-09  4.60757244e-01  3.38444618e-09  3.37936063e-09  1.62538757e-07  3.25934302e-08  4.20000000e-01 
 4.30000000e-01  3.36318088e-09  3.41342630e-09  4.60757242e-01  3.54388332e-09  4.60757242e-01  3.38444618e-09  3.37936063e-09  1.62538760e-07  3.25932135e-08  4.30000000e-01 
 4.40000000e-01  3.36318088e-09  3.41342630e-09  4.60757222e-01  3.54388337e-09  4.60757222e-01  3.38444618e-09  3.37936062e-09  1.62538720e-07  3.25932383e-08  4.40000000e-01 
 4.50000000e-01  3.36318088e-09  3.41342624e-09  4.60757221e-01  3.54388337e-09  4.60757221e-01  3.38444618e-09  3.37936062e-09  1.62538721e-07  3.25931317e-08  4.50000000e-01 
 4.60000000e-01  3.36318088e-09  3.41342624e-09  4.60757246e-01  3.54388338e-09  4.60757246e-01  3.38444618e-09  3.37936063e-09  1.62538768e-07  3.25931708e-08  4.60000000e-01 
 4.70000000e-01  3.36318082e-09  3.41342630e-09  4.60757223e-01  3.54388332e-09  4.60757223e-01  3.38444618e-09  3.37936062e-09  1.62538729e-07  3.25930039e-08  4.70000000e-01 
 4.80000000e-01  3.36318082e-09  3.41342630e-09  4.60757211e-01  3.54388337e-09  4.60757211e-01  3.38444618e-09  3.37936062e-09  1.62538702e-07  3.25929115e-08  4.80000000e-01 
 4.90000000e-01  3.36318088e-09  3.41342630e-09  4.60757242e-01  3.54388338e-09  4.60757242e-01  3.38444618e-09  3.37936063e-09  1.62538759e-07  3.25928688e-08  4.90000000e-01 
 5.00000000e-01  3.36318082e-09  3.41342630e-09  4.60757235e-01  3.54388332e-09  4.60757235e-01  3.38444618e-09  3.37936063e-09  1.62538746e-07  3.25927232e-08  5.00000000e-01 
 5.10000000e-01  3.36318088e-09  3.41342630e-09  4.60757221e-01  3.54388337e-09  4.60757221e-01  3.38444618e-09  3.37936062e-09  1.62538726e-07  3.25926877e-08  5.10000000e-01 
 5.20000000e-01  3.36318088e-09  3.41342630e-09  4.60757236e-01  3.54388338e-09  4.60757236e-01  3.38444618e-09  3.37936063e-09  1.62538749e-07  3.25928582e-08  5.20000000e-01 
 5.30000000e-01  3.36318082e-09  3.41342630e-09  4.60757230e-01  3.54388338e-09  4.60757230e-01  3.38444618e-09  3.37936062e-09  1.62538736e-07  3.25926663e-08  5.30000000e-01 
 5.40000000e-01  3.36318088e-09  3.41342630e-09  4.60757232e-01  3.54388338e-09  4.60757232e-01  3.38444618e-09  3.37936063e-09  1.62538745e-07  3.25926450e-08  5.40000000e-01 
 5.50000000e-01  3.36318088e-09  3.41342630e-09  4.60757234e-01  3.54388332e-09  4.60757234e-01  3.38444618e-09  3.37936063e-09  1.62538759e-07  3.25925669e-08  5.50000000e-01 
 5.60000000e-01  3.36318088e-09  3.41342630e-09  4.60757234e-01  3.54388338e-09  4.60757234e-01  3.38444618e-09  3.37936068e-09  1.62538754e-07  3.25925349e-08  5.60000000e-01 
 5.70000000e-01  3.36318088e-09  3.41342630e-09  4.60757231e-01  3.54388338e-09  4.60757231e-01  3.38444618e-09  3.37936063e-09  1.62538748e-07  3.25923750e-08  5.70000000e-01 
 5.80000000e-01  3.36318082e-09  3.41342624e-09  4.60757234e-01  3.54388338e-09  4.60757234e-01  3.38444618e-09  3.37936063e-09  1.62538745e-07  3.25924532e-08  5.80000000e-01 
 5.90000000e-01  3.36318082e-09  3.41342624e-09  4.60757246e-01  3.54388338e-09  4.60757246e-01  3.38444618e-09  3.37936063e-09  1.62538764e-07  3.25923040e-08  5.90000000e-01 
 6.00000000e-01  3.36318082e-09  3.41342630e-09  4.60757247e-01  3.54388338e-09  4.60757246e-01  3.38444618e-09  3.37936063e-09  1.62538761e-07  3.25922827e-08  6.00000000e-01 
 6.10000000e-01  3.36318082e-09  3.41342630e-09  4.60757247e-01  3.54388338e-09  4.60757246e-01  3.38444618e-09  3.37936063e-09  1.62538752e-07  3.25922898e-08  6.10000000e-01 
 6.20000000e-01  3.36318088e-09  3.41342630e-09  4.60757253e-01  3.54388338e-09  4.60757253e-01  3.38444618e-09  3.37936063e-09  1.62538776e-07  3.25921476e-08  6.20000000e-01 
 6.30000000e-01  3.36318088e-09  3.41342630e-09  4.60757228e-01  3.54388338e-09  4.60757228e-01  3.38444618e-09  3.37936062e-09  1.62538738e-07  3.25921476e-08  6.30000000e-01 
 6.40000000e-01  3.36318088e-09  3.41342630e-09  4.60757253e-01  3.54388338e-09  4.60757253e-01  3.38444618e-09  3.37936063e-09  1.62538764e-07  3.25921476e-08  6.40000000e-01 
 6.50000000e-01  3.36318088e-09  3.41342630e-09  4.60757235e-01  3.54388338e-09  4.60757235e-01  3.38444618e-09  3.37936063e-09  1.62538744e-07  3.25920482e-08  6.50000000e-01 
 6.60000000e-01  3.36318088e-09  3.41342630e-09  4.60757209e-01  3.54388337e-09  4.60757208e-01  3.38444618e-09  3.37936068e-09  1.62538702e-07  3.25919771e-08  6.60000000e-01 
 6.70000000e-01  3.36318088e-09  3.41342624e-09  4.60757231e-01  3.54388332e-09  4.60757231e-01  3.38444618e-09  3.37936063e-09  1.62538752e-07  3.25918421e-08  6.70000000e-01 
 6.80000000e-01  3.36318088e-09  3.41342630e-09  4.60757225e-01  3.54388337e-09  4.60757225e-01  3.38444618e-09  3.37936062e-09  1.62538726e-07  3.25917924e-08  6.80000000e-01 
 6.90000000e-01  3.36318088e-09  3.41342630e-09  4.60757223e-01  3.54388337e-09  4.60757223e-01  3.38444618e-09  3.37936062e-09  1.62538713e-07  3.25916929e-08  6.90000000e-01 
 7.00000000e-01  3.36318082e-09  3.41342624e-09  4.60757222e-01  3.54388337e-09  4.60757222e-01  3.38444618e-09  3.37936062e-09  1.62538724e-07  3.25916290e-08  7.00000000e-01 
 7.10000000e-01  3.36318082e-09  3.41342630e-09  4.60757215e-01  3.54388337e-09  4.60757215e-01  3.38444618e-09  3.37936062e-09  1.62538724e-07  3.25915579e-08  7.10000000e-01 
 7.20000000e-01  3.36318088e-09  3.41342630e-09  4.60757216e-01  3.54388337e-09  4.60757216e-01  3.38444618e-09  3.37936062e-09  1.62538718e-07  3.25916076e-08  7.20000000e-01 
 7.30000000e-01  3.36318088e-09  3.41342630e-09  4.60757256e-01  3.54388338e-09  4.60757255e-01  3.38444618e-09  3.37936063e-09  1.62538769e-07  3.25915650e-08  7.30000000e-01 
 7.40000000e-01  3.36318082e-09  3.41342630e-09  4.60757230e-01  3.54388338e-09  4.60757230e-01  3.38444618e-09  3.37936062e-09  1.62538740e-07  3.25915792e-08  7.40000000e-01 
 7.50000000e-01  3.36318088e-09  3.41342630e-09  4.60757223e-01  3.54388337e-09  4.60757223e-01  3.38444618e-09  3.37936062e-09  1.62538728e-07  3.25914655e-08  7.50000000e-01 
 7.60000000e-01  3.36318082e-09  3.41342630e-09  4.60757241e-01  3.54388338e-09  4.60757241e-01  3.38444618e-09  3.37936063e-09  1.62538751e-07  3.25914158e-08  7.60000000e-01 
 7.70000000e-01  3.36318082e-09  3.41342630e-09  4.60757228e-01  3.54388338e-09  4.60757228e-01  3.38444618e-09  3.37936062e-09  1.62538726e-07  3.25912453e-08  7.70000000e-01 
 7.80000000e-01  3.36318082e-09  3.41342624e-09  4.60757239e-01  3.54388338e-09  4.60757238e-01  3.38444618e-09  3.37936063e-09  1.62538757e-07  3.25913589e-08  7.80000000e-01 
 7.90000000e-01  3.36318082e-09  3.41342630e-09  4.60757236e-01  3.54388338e-09  4.60757236e-01  3.38444618e-09  3.37936063e-09  1.62538755e-07  3.25911955e-08  7.90000000e-01 
 8.00000000e-01  3.36318082e-09  3.41342630e-09  4.60757238e-01  3.54388338e-09  4.60757238e-01  3.38444618e-09  3.37936063e-09  1.62538748e-07  3.25910392e-08  8.00000000e-01 
 8.10000000e-01  3.36318088e-09  3.41342630e-09  4.60757254e-01  3.54388338e-09  4.60757254e-01  3.38444618e-09  3.37936068e-09  1.62538770e-07  3.25911103e-08  8.10000000e-01 
 8.20000000e-01  3.36318088e-09  3.41342630e-09  4.60757215e-01  3.54388337e-09  4.60757215e-01  3.38444618e-09  3.37936062e-09  1.62538715e-07  3.25910179e-08  8.20000000e-01 
 8.30000000e-01  3.36318082e-09  3.41342630e-09  4.60757238e-01  3.54388338e-09  4.60757238e-01  3.38444618e-09  3.37936063e-09  1.62538747e-07  3.25910321e-08  8.30000000e-01 
 8.40000000e-01  3.36318082e-09  3.41342630e-09  4.60757211e-01  3.54388337e-09  4.60757211e-01  3.38444618e-09  3.37936062e-09  1.62538715e-07  3.25909184e-08  8.40000000e-01 
 8.50000000e-01  3.36318088e-09  3.41342630e-09  4.60757222e-01  3.54388332e-09  4.60757222e-01  3.38444618e-09  3.37936062e-09  1.62538728e-07  3.25908687e-08  8.50000000e-01 
 8.60000000e-01  3.36318088e-09  3.41342630e-09  4.60757233e-01  3.54388338e-09  4.60757233e-01  3.38444618e-09  3.37936063e-09  1.62538753e-07  3.25907976e-08  8.60000000e-01 
 8.70000000e-01  3.36318082e-09  3.41342630e-09  4.60757236e-01  3.54388338e-09  4.60757236e-01  3.38444618e-09  3.37936063e-09  1.62538739e-07  3.25906058e-08  8.70000000e-01 
 8.80000000e-01  3.36318088e-09  3.41342630e-09  4.60757221e-01  3.54388337e-09  4.60757221e-01  3.38444618e-09  3.37936062e-09  1.62538731e-07  3.25906413e-08  8.80000000e-01 
 8.90000000e-01  3.36318082e-09  3.41342630e-09  4.60757230e-01  3.54388332e-09  4.60757230e-01  3.38444618e-09  3.37936062e-09  1.62538726e-07  3.25906768e-08  8.90000000e-01 
 9.00000000e-01  3.36318082e-09  3.41342630e-09  4.60757223e-01  3.54388337e-09  4.60757223e-01  3.38444618e-09  3.37936068e-09  1.62538733e-07  3.25905987e-08  9.00000000e-01 
 9.10000000e-01  3.36318082e-09  3.41342630e-09  4.60757237e-01  3.54388338e-09  4.60757237e-01  3.38444618e-09  3.37936063e-09  1.62538759e-07  3.25904423e-08  9.10000000e-01 
 9.20000000e-01  3.36318088e-09  3.41342630e-09  4.60757233e-01  3.54388338e-09  4.60757233e-01  3.38444618e-09  3.37936063e-09  1.62538745e-07  3.25904423e-08  9.20000000e-01 
 9.30000000e-01  3.36318082e-09  3.41342630e-09  4.60757231e-01  3.54388338e-09  4.60757231e-01  3.38444618e-09  3.37936062e-09  1.62538746e-07  3.25903784e-08  9.30000000e-01 
 9.40000000e-01  3.36318088e-09  3.41342630e-09  4.60757266e-01  3.54388338e-09  4.60757266e-01  3.38444618e-09  3.37936063e-09  1.62538798e-07  3.25903216e-08  9.40000000e-01 
 9.50000000e-01  3.36318088e-09  3.41342630e-09  4.60757222e-01  3.54388337e-09  4.60757222e-01  3.38444618e-09  3.37936062e-09  1.62538717e-07  3.25903144e-08  9.50000000e-01 
 9.60000000e-01  3.36318082e-09  3.41342630e-09  4.60757260e-01  3.54388338e-09  4.60757260e-01  3.38444618e-09  3.37936063e-09  1.62538778e-07  3.25901084e-08  9.60000000e-01 
 9.70000000e-01  3.36318088e-09  3.41342630e-09  4.60757226e-01  3.54388337e-09  4.60757225e-01  3.38444618e-09  3.37936062e-09  1.62538713e-07  3.25901652e-08  9.70000000e-01 
 9.80000000e-01  3.36318082e-09  3.41342630e-09  4.60757234e-01  3.54388338e-09  4.60757234e-01  3.38444618e-09  3.37936063e-09  1.62538727e-07  3.25900871e-08  9.80000000e-01 
 9.90000000e-01  3.36318082e-09  3.41342624e-09  4.60757240e-01  3.54388332e-09  4.60757240e-01  3.38444618e-09  3.37936063e-09  1.62538763e-07  3.25900373e-08  9.90000000e-01 
 1.00000000e+00  3.36318088e-09  3.41342630e-09  4.60757240e-01  3.54388338e-09  4.60757240e-01  3.38444618e-09  3.37936063e-09  1.62538755e-07  3.25899734e-08  1.00000000e+00 
 1.01000000e+00  3.36318088e-09  3.41342630e-09  4.60757218e-01  3.54388337e-09  4.60757217e-01  3.38444618e-09  3.37936062e-09  1.62538727e-07  3.25900658e-08  1.01000000e+00 
 1.02000000e+00  3.36318088e-09  3.41342630e-09  4.60757236e-01  3.54388338e-09  4.60757236e-01  3.38444618e-09  3.37936063e-09  1.62538743e-07  3.25898455e-08  1.02000000e+00 
 1.03000000e+00  3.36318082e-09  3.41342630e-09  4.60757252e-01  3.54388338e-09  4.60757252e-01  3.38444618e-09  3.37936063e-09  1.62538764e-07  3.25898881e-08  1.03000000e+00 
 1.04000000e+00  3.36318088e-09  3.41342630e-09  4.60757238e-01  3.54388338e-09  4.60757238e-01  3.38444618e-09  3.37936063e-09  1.62538747e-07  3.25897886e-08  1.04000000e+00 
 1.05000000e+00  3.36318082e-09  3.41342630e-09  4.60757235e-01  3.54388338e-09  4.60757235e-01  3.38444618e-09  3.37936063e-09  1.62538758e-07  3.25896039e-08  1.05000000e+00 
 1.06000000e+00  3.36318088e-09  3.41342630e-09  4.60757229e-01  3.54388338e-09  4.60757229e-01  3.38444618e-09  3.37936062e-09  1.62538746e-07  3.25897105e-08  1.06000000e+00 
 1.07000000e+00  3.36318082e-09  3.41342630e-09  4.60757246e-01  3.54388338e-09  4.60757246e-01  3.38444618e-09  3.37936063e-09  1.62538757e-07  3.25896039e-08  1.07000000e+00 
 1.08000000e+00  3.36318088e-09  3.41342630e-09  4.60757229e-01  3.54388338e-09  4.60757229e-01  3.38444618e-09  3.37936062e-09  1.62538737e-07  3.25894405e-08  1.08000000e+00 
 1.09000000e+00  3.36318082e-09  3.41342624e-09  4.60757250e-01  3.54388338e-09  4.60757250e-01  3.38444618e-09  3.37936063e-09  1.62538765e-07  3.25895257e-08  1.09000000e+00 
 1.10000000e+00  3.36318082e-09  3.41342630e-09  4.60757193e-01  3.54388331e-09  4.60757193e-01  3.38444618e-09  3.37936062e-09  1.62538691e-07  3.25894902e-08  1.10000000e+00 
 1.11000000e+00  3.36318082e-09  3.41342624e-09  4.60757240e-01  3.54388338e-09  4.60757240e-01  3.38444618e-09  3.37936063e-09  1.62538747e-07  3.25894050e-08  1.11000000e+00 
 1.12000000e+00  3.36318088e-09  3.41342630e-09  4.60757233e-01  3.54388338e-09  4.60757233e-01  3.38444618e-09  3.37936063e-09  1.62538735e-07  3.25892699e-08  1.12000000e+00 
 1.13000000e+00  3.36318088e-09  3.41342630e-09  4.60757229e-01  3.54388338e-09  4.60757229e-01  3.38444618e-09  3.37936062e-09  1.62538732e-07  3.25892131e-08  1.13000000e+00 
 1.14000000e+00  3.36318082e-09  3.41342630e-09  4.60757218e-01  3.54388337e-09  4.60757218e-01  3.38444618e-09  3.37936062e-09  1.62538713e-07  3.25892415e-08  1.14000000e+00 
 1.15000000e+00  3.36318088e-09  3.41342630e-09  4.60757216e-01  3.54388337e-09  4.60757216e-01  3.38444618e-09  3.37936062e-09  1.62538713e-07  3.25890568e-08  1.15000000e+00 
 1.16000000e+00  3.36318088e-09  3.41342630e-09  4.60757240e-01  3.54388338e-09  4.60757240e-01  3.38444618e-09  3.37936063e-09  1.62538756e-07  3.25891421e-08  1.16000000e+00 
 1.17000000e+00  3.36318088e-09  3.41342630e-09  4.60757241e-01  3.54388338e-09  4.60757241e-01  3.38444618e-09  3.37936063e-09  1.62538752e-07  3.25890284e-08  1.17000000e+00 
 1.18000000e+00  3.36318082e-09  3.41342630e-09  4.60757230e-01  3.54388338e-09  4.60757230e-01  3.38444618e-09  3.37936062e-09  1.62538738e-07  3.25889999e-08  1.18000000e+00 
 1.19000000e+00  3.36318082e-09  3.41342630e-09  4.60757223e-01  3.54388337e-09  4.60757223e-01  3.38444618e-09  3.37936062e-09  1.62538737e-07  3.25889147e-08  1.19000000e+00 
 1.20000000e+00  3.36318082e-09  3.41342630e-09  4.60757233e-01  3.54388338e-09  4.60757233e-01  3.38444618e-09  3.37936063e-09  1.62538729e-07  3.25889999e-08  1.20000000e+00 
 1.21000000e+00  3.36318082e-09  3.41342630e-09  4.60757235e-01  3.54388332e-09  4.60757235e-01  3.38444618e-09  3.37936063e-09  1.62538751e-07  3.25887868e-08  1.21000000e+00 
 1.22000000e+00  3.36318082e-09  3.41342630e-09  4.60757225e-01  3.54388337e-09  4.60757225e-01  3.38444618e-09  3.37936062e-09  1.62538729e-07  3.25887584e-08  1.22000000e+00 
 1.23000000e+00  3.36318088e-09  3.41342630e-09  4.60757232e-01  3.54388338e-09  4.60757232e-01  3.38444618e-09  3.37936063e-09  1.62538732e-07  3.25887015e-08  1.23000000e+00 
 1.24000000e+00  3.36318082e-09  3.41342630e-09  4.60757224e-01  3.54388337e-09  4.60757224e-01  3.38444618e-09  3.37936062e-09  1.62538744e-07  3.25885594e-08  1.24000000e+00 
 1.25000000e+00  3.36318082e-09  3.41342624e-09  4.60757230e-01  3.54388338e-09  4.60757230e-01  3.38444618e-09  3.37936062e-09  1.62538738e-07  3.25885026e-08  1.25000000e+00 
 1.26000000e+00  3.36318088e-09  3.41342630e-09  4.60757233e-01  3.54388338e-09  4.60757233e-01  3.38444618e-09  3.37936063e-09  1.62538750e-07  3.25884315e-08  1.26000000e+00 
 1.27000000e+00  3.36318088e-09  3.41342630e-09  4.60757224e-01  3.54388337e-09  4.60757224e-01  3.38444618e-09  3.37936062e-09  1.62538743e-07  3.25882894e-08  1.27000000e+00 
 1.28000000e+00  3.36318082e-09  3.41342630e-09  4.60757233e-01  3.54388338e-09  4.60757233e-01  3.38444618e-09  3.37936063e-09  1.62538741e-07  3.25882041e-08  1.28000000e+00 
 1.29000000e+00  3.36318088e-09  3.41342630e-09  4.60757222e-01  3.54388337e-09  4.60757222e-01  3.38444618e-09  3.37936062e-09  1.62538734e-07  3.25881757e-08  1.29000000e+00 
 1.30000000e+00  3.36318088e-09  3.41342630e-09  4.60757252e-01  3.54388338e-09  4.60757251e-01  3.38444618e-09  3.37936063e-09  1.62538784e-07  3.25882041e-08  1.30000000e+00 
 1.31000000e+00  3.36318082e-09  3.41342630e-09  4.60757226e-01  3.54388337e-09  4.60757226e-01  3.38444618e-09  3.37936062e-09  1.62538738e-07  3.25880620e-08  1.31000000e+00 
 1.32000000e+00  3.36318088e-09  3.41342624e-09  4.60757210e-01  3.54388337e-09  4.60757210e-01  3.38444618e-09  3.37936062e-09  1.62538699e-07  3.25880194e-08  1.32000000e+00 
 1.33000000e+00  3.36318082e-09  3.41342630e-09  4.60757233e-01  3.54388338e-09  4.60757233e-01  3.38444618e-09  3.37936063e-09  1.62538738e-07  3.25879626e-08  1.33000000e+00 
 1.34000000e+00  3.36318088e-09  3.41342630e-09  4.60757235e-01  3.54388338e-09  4.60757235e-01  3.38444618e-09  3.37936063e-09  1.62538755e-07  3.25879341e-08  1.34000000e+00 
 1.35000000e+00  3.36318082e-09  3.41342630e-09  4.60757230e-01  3.54388332e-09  4.60757230e-01  3.38444618e-09  3.37936062e-09  1.62538731e-07  3.25878347e-08  1.35000000e+00 
 1.36000000e+00  3.36318082e-09  3.41342630e-09  4.60757237e-01  3.54388332e-09  4.60757237e-01  3.38444618e-09  3.37936063e-09  1.62538743e-07  3.25876783e-08  1.36000000e+00 
 1.37000000e+00  3.36318082e-09  3.41342630e-09  4.60757214e-01  3.54388337e-09  4.60757214e-01  3.38444618e-09  3.37936062e-09  1.62538708e-07  3.25877352e-08  1.37000000e+00 
 1.38000000e+00  3.36318082e-09  3.41342630e-09  4.60757257e-01  3.54388338e-09  4.60757257e-01  3.38444618e-09  3.37936063e-09  1.62538784e-07  3.25876641e-08  1.38000000e+00 
 1.39000000e+00  3.36318088e-09  3.41342624e-09  4.60757243e-01  3.54388338e-09  4.60757243e-01  3.38444618e-09  3.37936063e-09  1.62538752e-07  3.25874367e-08  1.39000000e+00 
 1.40000000e+00  3.36318082e-09  3.41342630e-09  4.60757234e-01  3.54388338e-09  4.60757234e-01  3.38444618e-09  3.37936063e-09  1.62538744e-07  3.25875362e-08  1.40000000e+00 
 1.41000000e+00  3.36318088e-09  3.41342630e-09  4.60757238e-01  3.54388338e-09  4.60757238e-01  3.38444618e-09  3.37936063e-09  1.62538753e-07  3.25873799e-08  1.41000000e+00 
 1.42000000e+00  3.36318082e-09  3.41342630e-09  4.60757214e-01  3.54388337e-09  4.60757214e-01  3.38444618e-09  3.37936062e-09  1.62538706e-07  3.25871810e-08  1.42000000e+00 
 1.43000000e+00  3.36318088e-09  3.41342630e-09  4.60757226e-01  3.54388337e-09  4.60757226e-01  3.38444618e-09  3.37936062e-09  1.62538721e-07  3.25871667e-08  1.43000000e+00 
 1.44000000e+00  3.36318082e-09  3.41342624e-09  4.60757247e-01  3.54388338e-09  4.60757247e-01  3.38444618e-09  3.37936063e-09  1.62538770e-07  3.25871099e-08  1.44000000e+00 
 1.45000000e+00  3.36318088e-09  3.41342624e-09  4.60757213e-01  3.54388337e-09  4.60757213e-01  3.38444618e-09  3.37936062e-09  1.62538713e-07  3.25869820e-08  1.45000000e+00 
 1.46000000e+00  3.36318082e-09  3.41342630e-09  4.60757226e-01  3.54388337e-09  4.60757226e-01  3.38444618e-09  3.37936062e-09  1.62538721e-07  3.25869109e-08  1.46000000e+00 
 1.47000000e+00  3.36318088e-09  3.41342630e-09  4.60757236e-01  3.54388338e-09  4.60757236e-01  3.38444618e-09  3.37936063e-09  1.62538752e-07  3.25867973e-08  1.47000000e+00 
 1.48000000e+00  3.36318082e-09  3.41342630e-09  4.60757241e-01  3.54388338e-09  4.60757241e-01  3.38444618e-09  3.37936063e-09  1.62538748e-07  3.25865557e-08  1.48000000e+00 
 1.49000000e+00  3.36318082e-09  3.41342630e-09  4.60757234e-01  3.54388338e-09  4.60757234e-01  3.38444618e-09  3.37936063e-09  1.62538741e-07  3.25864988e-08  1.49000000e+00 
 1.50000000e+00  3.36318082e-09  3.41342630e-09  4.60757225e-01  3.54388337e-09  4.60757225e-01  3.38444618e-09  3.37936062e-09  1.62538729e-07  3.25863994e-08  1.50000000e+00 
 1.51000000e+00  3.36318082e-09  3.41342624e-09  4.60757247e-01  3.54388338e-09  4.60757247e-01  3.38444618e-09  3.37936063e-09  1.62538763e-07  3.25862572e-08  1.51000000e+00 
 1.52000000e+00  3.36318082e-09  3.41342630e-09  4.60757238e-01  3.54388338e-09  4.60757238e-01  3.38444618e-09  3.37936063e-09  1.62538740e-07  3.25860867e-08  1.52000000e+00 
 1.53000000e+00  3.36318088e-09  3.41342630e-09  4.60757219e-01  3.54388337e-09  4.60757219e-01  3.38444618e-09  3.37936062e-09  1.62538731e-07  3.25858451e-08  1.53000000e+00 
 1.54000000e+00  3.36318082e-09  3.41342630e-09  4.60757228e-01  3.54388332e-09  4.60757228e-01  3.38444618e-09  3.37936062e-09  1.62538736e-07  3.25857172e-08  1.54000000e+00 
 1.55000000e+00  3.36318088e-09  3.41342630e-09  4.60757236e-01  3.54388338e-09  4.60757236e-01  3.38444618e-09  3.37936063e-09  1.62538771e-07  3.25853193e-08  1.55000000e+00 
 1.56000000e+00  3.36318082e-09  3.41342630e-09  4.60757236e-01  3.54388338e-09  4.60757236e-01  3.38444618e-09  3.37936063e-09  1.62538754e-07  3.25850920e-08  1.56000000e+00 
 1.57000000e+00  3.36318082e-09  3.41342630e-09  4.60757241e-01  3.54388332e-09  4.60757241e-01  3.38444618e-09  3.37936063e-09  1.62538759e-07  3.25845946e-08  1.57000000e+00 
 1.58000000e+00  3.36318082e-09  3.41342630e-09  4.60757242e-01  3.54388338e-09  4.60757242e-01  3.38444618e-09  3.37936063e-09  1.62538758e-07  3.25840404e-08  1.58000000e+00 
 1.59000000e+00  3.36318082e-09  3.41342624e-09  4.60757223e-01  3.54388332e-09  4.60757223e-01  3.38444618e-09  3.37936062e-09  1.62538734e-07  3.25834293e-08  1.59000000e+00 
 1.60000000e+00  3.36318082e-09  3.41342624e-09  4.60757258e-01  3.54388338e-09  4.60757258e-01  3.38444618e-09  3.37936063e-09  1.62538784e-07  3.25822924e-08  1.60000000e+00 
 1.61000000e+00  3.36318082e-09  3.41342630e-09  4.60757240e-01  3.54388338e-09  4.60757240e-01  3.38444618e-09  3.37936063e-09  1.62538730e-07  3.25807861e-08  1.61000000e+00 
 1.62000000e+00  3.36318088e-09  3.41342630e-09  4.60757240e-01  3.54388338e-09  4.60757240e-01  3.38444618e-09  3.37936063e-09  1.62538766e-07  3.25784555e-08  1.62000000e+00 
 1.63000000e+00  3.36318082e-09  3.41342630e-09  4.60757223e-01  3.54388332e-09  4.60757223e-01  3.38444618e-09  3.37936062e-09  1.62538728e-07  3.25741354e-08  1.63000000e+00 
 1.64000000e+00  3.36318088e-09  3.41342624e-09  4.60757218e-01  3.54388337e-09  4.60757218e-01  3.38444618e-09  3.37936062e-09  1.62538718e-07  3.25670726e-08  1.64000000e+00 
 1.65000000e+00  3.36318088e-09  3.41342630e-09  4.60757229e-01  3.54388338e-09  4.60757229e-01  3.38444618e-09  3.37936062e-09  1.62538728e-07  3.25542118e-08  1.65000000e+00 
 1.66000000e+00  3.36318082e-09  3.41342630e-09  4.60757230e-01  3.54388338e-09  4.60757230e-01  3.38444618e-09  3.37936062e-09  1.62538748e-07  3.25299681e-08  1.66000000e+00 
 1.67000000e+00  3.36318082e-09  3.41342630e-09  4.60757239e-01  3.54388338e-09  4.60757239e-01  3.38444618e-09  3.37936063e-09  1.62538742e-07  3.24834701e-08  1.67000000e+00 
 1.68000000e+00  3.36318082e-09  3.41342630e-09  4.60757231e-01  3.54388332e-09  4.60757231e-01  3.38444618e-09  3.37936062e-09  1.62538749e-07  3.23635305e-08  1.68000000e+00 
 1.69000000e+00  3.36318082e-09  3.41342630e-09  4.60757237e-01  3.54388338e-09  4.60757237e-01  3.38444618e-09  3.37936063e-09  1.62538745e-07  3.12999049e-08  1.69000000e+00 
 1.70000000e+00  3.36318088e-09  3.41342630e-09  4.60757227e-01  3.54388332e-09  4.60757227e-01  3.38444618e-09  3.37936062e-09  1.62538740e-07  2.93319573e-08  1.70000000e+00 
 1.71000000e+00  3.36318088e-09  3.41342630e-09  4.60757243e-01  3.54388338e-09  4.60757243e-01  3.38444618e-09  3.37936063e-09  1.62538752e-07  2.28055512e-08  1.71000000e+00 
 1.72000000e+00  3.36318088e-09  3.41342630e-09  4.60757219e-01  3.54388337e-09  4.60757219e-01  3.38444618e-09  3.37936062e-09  1.62538715e-07  1.73908461e-08  1.72000000e+00 
 1.73000000e+00  3.36318082e-09  3.41342630e-09  4.60757233e-01  3.54388338e-09  4.60757233e-01  3.38444618e-09  3.37936063e-09  1.62538742e-07  1.29687550e-08  1.73000000e+00 
 1.74000000e+00  3.36318088e-09  3.41342630e-09  4.60757229e-01  3.54388338e-09  4.60757229e-01  3.38444618e-09  3.37936062e-09  1.62538739e-07  9.35348510e-09  1.74000000e+00 
 1.75000000e+00  3.36318088e-09  3.41342630e-09  4.60757220e-01  3.54388337e-09  4.60757220e-01  3.38444618e-09  3.37936062e-09  1.62538733e-07  6.38314646e-09  1.75000000e+00 
 1.76000000e+00  3.36318088e-09  3.41342630e-09  4.60757228e-01  3.54388338e-09  4.60757228e-01  3.38444618e-09  3.37936062e-09  1.62538736e-07  3.91970900e-09  1.76000000e+00 
 1.77000000e+00  3.36318082e-09  3.41342630e-09  4.60757236e-01  3.54388338e-09  4.60757236e-01  3.38444618e-09  3.37936063e-09  1.62538742e-07  1.85460181e-09  1.77000000e+00 
 1.78000000e+00  3.36318082e-09  3.41342630e-09  4.60757216e-01  3.54388337e-09  4.60757216e-01  3.38444618e-09  3.37936062e-09  1.62538726e-07  1.22000188e-10  1.78000000e+00 
 1.79000000e+00  3.36318088e-09  3.41342624e-09  4.60757238e-01  3.54388338e-09  4.60757237e-01  3.38444618e-09  3.37936063e-09  1.62538744e-07 -1.29763578e-09  1.79000000e+00 
 1.80000000e+00  3.36318088e-09  3.41342630e-09  4.60757230e-01  3.54388338e-09  4.60757230e-01  3.38444618e-09  3.37936062e-09  1.62538744e-07 -2.40039810e-09  1.80000000e+00 
