 v-sweep         v(b0)           v(b1)           v(b2)           v(b3)           v(b4)           v(b5)           v(b6)           i(vbias)        i(viout)        v(vout)        
 0.00000000e+00  4.61033430e-01  3.62194084e-09  4.61033430e-01  3.18980347e-09  3.62501865e-09  4.61033430e-01  4.61033430e-01  1.62333107e-07  1.57906337e-07  0.00000000e+00 
 1.00000000e-02  4.61033423e-01  3.62194090e-09  4.61033423e-01  3.18980347e-09  3.62501865e-09  4.61033423e-01  4.61033423e-01  1.62333105e-07  1.57905785e-07  1.00000000e-02 
 2.00000000e-02  4.61033431e-01  3.62194084e-09  4.61033431e-01  3.18980347e-09  3.62501865e-09  4.61033431e-01  4.61033431e-01  1.62333111e-07  1.57905397e-07  2.00000000e-02 
 3.00000000e-02  4.61033406e-01  3.62194084e-09  4.61033406e-01  3.18980347e-09  3.62501865e-09  4.61033406e-01  4.61033406e-01  1.62333094e-07  1.57904921e-07  3.00000000e-02 
 4.00000000e-02  4.61033400e-01  3.62194084e-09  4.61033401e-01  3.18980347e-09  3.62501865e-09  4.61033401e-01  4.61033400e-01  1.62333085e-07  1.57904419e-07  4.00000000e-02 
 5.00000000e-02  4.61033433e-01  3.62194090e-09  4.61033433e-01  3.18980347e-09  3.62501865e-09  4.61033433e-01  4.61033433e-01  1.62333136e-07  1.57904086e-07  5.00000000e-02 
 6.00000000e-02  4.61033421e-01  3.62194084e-09  4.61033421e-01  3.18980347e-09  3.62501865e-09  4.61033421e-01  4.61033421e-01  1.62333111e-07  1.57903961e-07  6.00000000e-02 
 7.00000000e-02  4.61033401e-01  3.62194084e-09  4.61033401e-01  3.18980347e-09  3.62501865e-09  4.61033401e-01  4.61033401e-01  1.62333072e-07  1.57903382e-07  7.00000000e-02 
 8.00000000e-02  4.61033406e-01  3.62194084e-09  4.61033406e-01  3.18980347e-09  3.62501865e-09  4.61033406e-01  4.61033406e-01  1.62333087e-07  1.57903085e-07  8.00000000e-02 
 9.00000000e-02  4.61033422e-01  3.62194084e-09  4.61033422e-01  3.18980347e-09  3.62501865e-09  4.61033422e-01  4.61033422e-01  1.62333108e-07  1.57902865e-07  9.00000000e-02 
 1.00000000e-01  4.61033436e-01  3.62194090e-09  4.61033436e-01  3.18980347e-09  3.62501865e-09  4.61033436e-01  4.61033436e-01  1.62333131e-07  1.57902541e-07  1.00000000e-01 
 1.10000000e-01  4.61033417e-01  3.62194084e-09  4.61033417e-01  3.18980347e-09  3.62501865e-09  4.61033417e-01  4.61033417e-01  1.62333101e-07  1.57902160e-07  1.10000000e-01 
 1.20000000e-01  4.61033412e-01  3.62194090e-09  4.61033412e-01  3.18980347e-09  3.62501865e-09  4.61033412e-01  4.61033412e-01  1.62333103e-07  1.57901941e-07  1.20000000e-01 
 1.30000000e-01  4.61033432e-01  3.62194084e-09  4.61033432e-01  3.18980347e-09  3.62501865e-09  4.61033432e-01  4.61033432e-01  1.62333119e-07  1.57901673e-07  1.30000000e-01 
 1.40000000e-01  4.61033418e-01  3.62194084e-09  4.61033418e-01  3.18980347e-09  3.62501865e-09  4.61033418e-01  4.61033418e-01  1.62333098e-07  1.57901272e-07  1.40000000e-01 
 1.50000000e-01  4.61033409e-01  3.62194084e-09  4.61033409e-01  3.18980347e-09  3.62501865e-09  4.61033409e-01  4.61033409e-01  1.62333087e-07  1.57901049e-07  1.50000000e-01 
 1.60000000e-01  4.61033431e-01  3.62194084e-09  4.61033431e-01  3.18980347e-09  3.62501865e-09  4.61033431e-01  4.61033431e-01  1.62333118e-07  1.57900928e-07  1.60000000e-01 
 1.70000000e-01  4.61033418e-01  3.62194084e-09  4.61033419e-01  3.18980347e-09  3.62501865e-09  4.61033419e-01  4.61033418e-01  1.62333104e-07  1.57900589e-07  1.70000000e-01 
 1.80000000e-01  4.61033420e-01  3.62194084e-09  4.61033420e-01  3.18980347e-09  3.62501865e-09  4.61033420e-01  4.61033420e-01  1.62333109e-07  1.57900471e-07  1.80000000e-01 
 1.90000000e-01  4.61033417e-01  3.62194090e-09  4.61033417e-01  3.18980347e-09  3.62501865e-09  4.61033417e-01  4.61033417e-01  1.62333098e-07  1.57900143e-07  1.90000000e-01 
 2.00000000e-01  4.61033431e-01  3.62194084e-09  4.61033431e-01  3.18980347e-09  3.62501865e-09  4.61033431e-01  4.61033431e-01  1.62333120e-07  1.57900056e-07  2.00000000e-01 
 2.10000000e-01  4.61033418e-01  3.62194084e-09  4.61033418e-01  3.18980347e-09  3.62501865e-09  4.61033418e-01  4.61033418e-01  1.62333103e-07  1.57899887e-07  2.10000000e-01 
 2.20000000e-01  4.61033420e-01  3.62194084e-09  4.61033420e-01  3.18980347e-09  3.62501865e-09  4.61033420e-01  4.61033420e-01  1.62333094e-07  1.57899580e-07  2.20000000e-01 
 2.30000000e-01  4.61033428e-01  3.62194084e-09  4.61033428e-01  3.18980347e-09  3.62501865e-09  4.61033428e-01  4.61033428e-01  1.62333112e-07  1.57899413e-07  2.30000000e-01 
 2.40000000e-01  4.61033424e-01  3.62194084e-09  4.61033424e-01  3.18980347e-09  3.62501865e-09  4.61033424e-01  4.61033424e-01  1.62333121e-07  1.57899205e-07  2.40000000e-01 
 2.50000000e-01  4.61033427e-01  3.62194084e-09  4.61033428e-01  3.18980347e-09  3.62501865e-09  4.61033428e-01  4.61033427e-01  1.62333104e-07  1.57899038e-07  2.50000000e-01 
 2.60000000e-01  4.61033427e-01  3.62194084e-09  4.61033427e-01  3.18980342e-09  3.62501865e-09  4.61033427e-01  4.61033427e-01  1.62333109e-07  1.57898915e-07  2.60000000e-01 
 2.70000000e-01  4.61033429e-01  3.62194084e-09  4.61033429e-01  3.18980347e-09  3.62501865e-09  4.61033429e-01  4.61033429e-01  1.62333117e-07  1.57898846e-07  2.70000000e-01 
 2.80000000e-01  4.61033417e-01  3.62194084e-09  4.61033417e-01  3.18980347e-09  3.62501865e-09  4.61033417e-01  4.61033417e-01  1.62333110e-07  1.57898649e-07  2.80000000e-01 
 2.90000000e-01  4.61033414e-01  3.62194084e-09  4.61033414e-01  3.18980347e-09  3.62501865e-09  4.61033414e-01  4.61033414e-01  1.62333102e-07  1.57898366e-07  2.90000000e-01 
 3.00000000e-01  4.61033416e-01  3.62194084e-09  4.61033417e-01  3.18980347e-09  3.62501865e-09  4.61033417e-01  4.61033417e-01  1.62333094e-07  1.57898207e-07  3.00000000e-01 
 3.10000000e-01  4.61033417e-01  3.62194090e-09  4.61033417e-01  3.18980347e-09  3.62501865e-09  4.61033417e-01  4.61033417e-01  1.62333106e-07  1.57898103e-07  3.10000000e-01 
 3.20000000e-01  4.61033446e-01  3.62194085e-09  4.61033446e-01  3.18980347e-09  3.62501865e-09  4.61033446e-01  4.61033446e-01  1.62333143e-07  1.57897972e-07  3.20000000e-01 
 3.30000000e-01  4.61033417e-01  3.62194084e-09  4.61033417e-01  3.18980347e-09  3.62501865e-09  4.61033417e-01  4.61033417e-01  1.62333105e-07  1.57897773e-07  3.30000000e-01 
 3.40000000e-01  4.61033428e-01  3.62194084e-09  4.61033428e-01  3.18980347e-09  3.62501865e-09  4.61033428e-01  4.61033428e-01  1.62333122e-07  1.57897670e-07  3.40000000e-01 
 3.50000000e-01  4.61033404e-01  3.62194084e-09  4.61033404e-01  3.18980347e-09  3.62501865e-09  4.61033404e-01  4.61033404e-01  1.62333077e-07  1.57897436e-07  3.50000000e-01 
 3.60000000e-01  4.61033430e-01  3.62194084e-09  4.61033430e-01  3.18980347e-09  3.62501865e-09  4.61033430e-01  4.61033430e-01  1.62333124e-07  1.57897496e-07  3.60000000e-01 
 3.70000000e-01  4.61033436e-01  3.62194084e-09  4.61033436e-01  3.18980347e-09  3.62501865e-09  4.61033436e-01  4.61033436e-01  1.62333138e-07  1.57897087e-07  3.70000000e-01 
 3.80000000e-01  4.61033408e-01  3.62194084e-09  4.61033408e-01  3.18980347e-09  3.62501865e-09  4.61033409e-01  4.61033408e-01  1.62333087e-07  1.57896924e-07  3.80000000e-01 
 3.90000000e-01  4.61033433e-01  3.62194090e-09  4.61033433e-01  3.18980347e-09  3.62501865e-09  4.61033433e-01  4.61033433e-01  1.62333128e-07  1.57896977e-07  3.90000000e-01 
 4.00000000e-01  4.61033419e-01  3.62194084e-09  4.61033419e-01  3.18980347e-09  3.62501865e-09  4.61033419e-01  4.61033419e-01  1.62333116e-07  1.57896856e-07  4.00000000e-01 
 4.10000000e-01  4.61033422e-01  3.62194084e-09  4.61033422e-01  3.18980347e-09  3.62501865e-09  4.61033422e-01  4.61033422e-01  1.62333115e-07  1.57896761e-07  4.10000000e-01 
 4.20000000e-01  4.61033418e-01  3.62194084e-09  4.61033418e-01  3.18980347e-09  3.62501865e-09  4.61033418e-01  4.61033418e-01  1.62333110e-07  1.57896494e-07  4.20000000e-01 
 4.30000000e-01  4.61033413e-01  3.62194084e-09  4.61033413e-01  3.18980347e-09  3.62501865e-09  4.61033413e-01  4.61033413e-01  1.62333085e-07  1.57896437e-07  4.30000000e-01 
 4.40000000e-01  4.61033408e-01  3.62194084e-09  4.61033408e-01  3.18980347e-09  3.62501865e-09  4.61033408e-01  4.61033408e-01  1.62333093e-07  1.57896395e-07  4.40000000e-01 
 4.50000000e-01  4.61033407e-01  3.62194084e-09  4.61033407e-01  3.18980347e-09  3.62501865e-09  4.61033407e-01  4.61033407e-01  1.62333081e-07  1.57896189e-07  4.50000000e-01 
 4.60000000e-01  4.61033429e-01  3.62194084e-09  4.61033429e-01  3.18980347e-09  3.62501865e-09  4.61033429e-01  4.61033429e-01  1.62333123e-07  1.57896057e-07  4.60000000e-01 
 4.70000000e-01  4.61033400e-01  3.62194084e-09  4.61033400e-01  3.18980347e-09  3.62501865e-09  4.61033400e-01  4.61033400e-01  1.62333071e-07  1.57895879e-07  4.70000000e-01 
 4.80000000e-01  4.61033398e-01  3.62194084e-09  4.61033398e-01  3.18980347e-09  3.62501865e-09  4.61033398e-01  4.61033398e-01  1.62333074e-07  1.57895641e-07  4.80000000e-01 
 4.90000000e-01  4.61033413e-01  3.62194090e-09  4.61033413e-01  3.18980347e-09  3.62501865e-09  4.61033413e-01  4.61033413e-01  1.62333097e-07  1.57895624e-07  4.90000000e-01 
 5.00000000e-01  4.61033427e-01  3.62194084e-09  4.61033427e-01  3.18980347e-09  3.62501865e-09  4.61033427e-01  4.61033427e-01  1.62333110e-07  1.57895538e-07  5.00000000e-01 
 5.10000000e-01  4.61033431e-01  3.62194084e-09  4.61033431e-01  3.18980347e-09  3.62501865e-09  4.61033431e-01  4.61033431e-01  1.62333135e-07  1.57895528e-07  5.10000000e-01 
 5.20000000e-01  4.61033445e-01  3.62194085e-09  4.61033445e-01  3.18980347e-09  3.62501865e-09  4.61033445e-01  4.61033445e-01  1.62333145e-07  1.57895368e-07  5.20000000e-01 
 5.30000000e-01  4.61033418e-01  3.62194084e-09  4.61033418e-01  3.18980347e-09  3.62501865e-09  4.61033418e-01  4.61033418e-01  1.62333107e-07  1.57895187e-07  5.30000000e-01 
 5.40000000e-01  4.61033436e-01  3.62194084e-09  4.61033437e-01  3.18980347e-09  3.62501865e-09  4.61033437e-01  4.61033436e-01  1.62333134e-07  1.57895130e-07  5.40000000e-01 
 5.50000000e-01  4.61033435e-01  3.62194084e-09  4.61033435e-01  3.18980342e-09  3.62501865e-09  4.61033435e-01  4.61033435e-01  1.62333136e-07  1.57894984e-07  5.50000000e-01 
 5.60000000e-01  4.61033443e-01  3.62194084e-09  4.61033443e-01  3.18980342e-09  3.62501865e-09  4.61033443e-01  4.61033443e-01  1.62333144e-07  1.57894927e-07  5.60000000e-01 
 5.70000000e-01  4.61033438e-01  3.62194084e-09  4.61033438e-01  3.18980347e-09  3.62501865e-09  4.61033438e-01  4.61033438e-01  1.62333127e-07  1.57894895e-07  5.70000000e-01 
 5.80000000e-01  4.61033442e-01  3.62194090e-09  4.61033442e-01  3.18980347e-09  3.62501865e-09  4.61033442e-01  4.61033442e-01  1.62333131e-07  1.57894668e-07  5.80000000e-01 
 5.90000000e-01  4.61033405e-01  3.62194084e-09  4.61033405e-01  3.18980347e-09  3.62501865e-09  4.61033405e-01  4.61033405e-01  1.62333086e-07  1.57894462e-07  5.90000000e-01 
 6.00000000e-01  4.61033420e-01  3.62194084e-09  4.61033421e-01  3.18980347e-09  3.62501865e-09  4.61033421e-01  4.61033420e-01  1.62333114e-07  1.57894405e-07  6.00000000e-01 
 6.10000000e-01  4.61033419e-01  3.62194084e-09  4.61033419e-01  3.18980347e-09  3.62501865e-09  4.61033419e-01  4.61033419e-01  1.62333106e-07  1.57894249e-07  6.10000000e-01 
 6.20000000e-01  4.61033409e-01  3.62194084e-09  4.61033409e-01  3.18980347e-09  3.62501865e-09  4.61033409e-01  4.61033409e-01  1.62333096e-07  1.57894128e-07  6.20000000e-01 
 6.30000000e-01  4.61033421e-01  3.62194084e-09  4.61033421e-01  3.18980342e-09  3.62501865e-09  4.61033421e-01  4.61033421e-01  1.62333112e-07  1.57894036e-07  6.30000000e-01 
 6.40000000e-01  4.61033424e-01  3.62194084e-09  4.61033424e-01  3.18980347e-09  3.62501865e-09  4.61033424e-01  4.61033424e-01  1.62333118e-07  1.57893915e-07  6.40000000e-01 
 6.50000000e-01  4.61033429e-01  3.62194084e-09  4.61033429e-01  3.18980347e-09  3.62501865e-09  4.61033429e-01  4.61033429e-01  1.62333112e-07  1.57893837e-07  6.50000000e-01 
 6.60000000e-01  4.61033423e-01  3.62194084e-09  4.61033423e-01  3.18980347e-09  3.62501865e-09  4.61033423e-01  4.61033423e-01  1.62333104e-07  1.57893702e-07  6.60000000e-01 
 6.70000000e-01  4.61033408e-01  3.62194084e-09  4.61033408e-01  3.18980347e-09  3.62501865e-09  4.61033408e-01  4.61033408e-01  1.62333077e-07  1.57893489e-07  6.70000000e-01 
 6.80000000e-01  4.61033426e-01  3.62194084e-09  4.61033427e-01  3.18980347e-09  3.62501865e-09  4.61033427e-01  4.61033426e-01  1.62333126e-07  1.57893467e-07  6.80000000e-01 
 6.90000000e-01  4.61033383e-01  3.62194084e-09  4.61033383e-01  3.18980347e-09  3.62501865e-09  4.61033383e-01  4.61033383e-01  1.62333056e-07  1.57893240e-07  6.90000000e-01 
 7.00000000e-01  4.61033438e-01  3.62194084e-09  4.61033438e-01  3.18980347e-09  3.62501865e-09  4.61033438e-01  4.61033438e-01  1.62333153e-07  1.57893176e-07  7.00000000e-01 
 7.10000000e-01  4.61033440e-01  3.62194084e-09  4.61033440e-01  3.18980347e-09  3.62501865e-09  4.61033440e-01  4.61033440e-01  1.62333137e-07  1.57893083e-07  7.10000000e-01 
 7.20000000e-01  4.61033410e-01  3.62194084e-09  4.61033410e-01  3.18980347e-09  3.62501865e-09  4.61033410e-01  4.61033410e-01  1.62333094e-07  1.57892913e-07  7.20000000e-01 
 7.30000000e-01  4.61033402e-01  3.62194084e-09  4.61033402e-01  3.18980347e-09  3.62501865e-09  4.61033402e-01  4.61033402e-01  1.62333071e-07  1.57892920e-07  7.30000000e-01 
 7.40000000e-01  4.61033426e-01  3.62194084e-09  4.61033427e-01  3.18980353e-09  3.62501865e-09  4.61033427e-01  4.61033427e-01  1.62333124e-07  1.57892849e-07  7.40000000e-01 
 7.50000000e-01  4.61033407e-01  3.62194084e-09  4.61033408e-01  3.18980347e-09  3.62501865e-09  4.61033408e-01  4.61033408e-01  1.62333091e-07  1.57892579e-07  7.50000000e-01 
 7.60000000e-01  4.61033420e-01  3.62194084e-09  4.61033420e-01  3.18980347e-09  3.62501865e-09  4.61033420e-01  4.61033420e-01  1.62333102e-07  1.57892536e-07  7.60000000e-01 
 7.70000000e-01  4.61033442e-01  3.62194084e-09  4.61033442e-01  3.18980347e-09  3.62501865e-09  4.61033442e-01  4.61033442e-01  1.62333149e-07  1.57892465e-07  7.70000000e-01 
 7.80000000e-01  4.61033422e-01  3.62194084e-09  4.61033422e-01  3.18980347e-09  3.62501865e-09  4.61033422e-01  4.61033422e-01  1.62333118e-07  1.57892195e-07  7.80000000e-01 
 7.90000000e-01  4.61033396e-01  3.62194084e-09  4.61033396e-01  3.18980347e-09  3.62501865e-09  4.61033396e-01  4.61033396e-01  1.62333070e-07  1.57891989e-07  7.90000000e-01 
 8.00000000e-01  4.61033434e-01  3.62194090e-09  4.61033434e-01  3.18980347e-09  3.62501865e-09  4.61033434e-01  4.61033434e-01  1.62333140e-07  1.57892011e-07  8.00000000e-01 
 8.10000000e-01  4.61033438e-01  3.62194090e-09  4.61033438e-01  3.18980347e-09  3.62501865e-09  4.61033438e-01  4.61033438e-01  1.62333140e-07  1.57891940e-07  8.10000000e-01 
 8.20000000e-01  4.61033407e-01  3.62194084e-09  4.61033407e-01  3.18980347e-09  3.62501865e-09  4.61033407e-01  4.61033407e-01  1.62333085e-07  1.57891648e-07  8.20000000e-01 
 8.30000000e-01  4.61033402e-01  3.62194084e-09  4.61033402e-01  3.18980347e-09  3.62501865e-09  4.61033402e-01  4.61033402e-01  1.62333092e-07  1.57891485e-07  8.30000000e-01 
 8.40000000e-01  4.61033412e-01  3.62194084e-09  4.61033412e-01  3.18980347e-09  3.62501865e-09  4.61033412e-01  4.61033412e-01  1.62333099e-07  1.57891556e-07  8.40000000e-01 
 8.50000000e-01  4.61033403e-01  3.62194084e-09  4.61033403e-01  3.18980347e-09  3.62501865e-09  4.61033403e-01  4.61033403e-01  1.62333075e-07  1.57891229e-07  8.50000000e-01 
 8.60000000e-01  4.61033430e-01  3.62194090e-09  4.61033430e-01  3.18980347e-09  3.62501865e-09  4.61033430e-01  4.61033430e-01  1.62333118e-07  1.57891222e-07  8.60000000e-01 
 8.70000000e-01  4.61033445e-01  3.62194085e-09  4.61033445e-01  3.18980347e-09  3.62501865e-09  4.61033445e-01  4.61033445e-01  1.62333151e-07  1.57891229e-07  8.70000000e-01 
 8.80000000e-01  4.61033424e-01  3.62194090e-09  4.61033424e-01  3.18980347e-09  3.62501865e-09  4.61033424e-01  4.61033424e-01  1.62333117e-07  1.57890874e-07  8.80000000e-01 
 8.90000000e-01  4.61033424e-01  3.62194090e-09  4.61033424e-01  3.18980347e-09  3.62501865e-09  4.61033425e-01  4.61033424e-01  1.62333121e-07  1.57890810e-07  8.90000000e-01 
 9.00000000e-01  4.61033415e-01  3.62194090e-09  4.61033415e-01  3.18980347e-09  3.62501865e-09  4.61033415e-01  4.61033415e-01  1.62333087e-07  1.57890696e-07  9.00000000e-01 
 9.10000000e-01  4.61033432e-01  3.62194084e-09  4.61033432e-01  3.18980347e-09  3.62501865e-09  4.61033432e-01  4.61033432e-01  1.62333125e-07  1.57890653e-07  9.10000000e-01 
 9.20000000e-01  4.61033421e-01  3.62194084e-09  4.61033421e-01  3.18980347e-09  3.62501865e-09  4.61033421e-01  4.61033421e-01  1.62333110e-07  1.57890419e-07  9.20000000e-01 
 9.30000000e-01  4.61033417e-01  3.62194084e-09  4.61033417e-01  3.18980347e-09  3.62501865e-09  4.61033417e-01  4.61033417e-01  1.62333102e-07  1.57890305e-07  9.30000000e-01 
 9.40000000e-01  4.61033402e-01  3.62194084e-09  4.61033402e-01  3.18980347e-09  3.62501865e-09  4.61033402e-01  4.61033402e-01  1.62333083e-07  1.57890035e-07  9.40000000e-01 
 9.50000000e-01  4.61033413e-01  3.62194084e-09  4.61033413e-01  3.18980347e-09  3.62501865e-09  4.61033413e-01  4.61033413e-01  1.62333087e-07  1.57889964e-07  9.50000000e-01 
 9.60000000e-01  4.61033422e-01  3.62194090e-09  4.61033422e-01  3.18980347e-09  3.62501865e-09  4.61033422e-01  4.61033422e-01  1.62333109e-07  1.57889886e-07  9.60000000e-01 
 9.70000000e-01  4.61033404e-01  3.62194084e-09  4.61033404e-01  3.18980347e-09  3.62501865e-09  4.61033404e-01  4.61033404e-01  1.62333085e-07  1.57889815e-07  9.70000000e-01 
 9.80000000e-01  4.61033425e-01  3.62194084e-09  4.61033425e-01  3.18980347e-09  3.62501865e-09  4.61033425e-01  4.61033425e-01  1.62333123e-07  1.57889595e-07  9.80000000e-01 
 9.90000000e-01  4.61033414e-01  3.62194084e-09  4.61033414e-01  3.18980347e-09  3.62501870e-09  4.61033414e-01  4.61033414e-01  1.62333105e-07  1.57889453e-07  9.90000000e-01 
 1.00000000e+00  4.61033405e-01  3.62194084e-09  4.61033405e-01  3.18980347e-09  3.62501869e-09  4.61033405e-01  4.61033405e-01  1.62333077e-07  1.57889346e-07  1.00000000e+00 
 1.01000000e+00  4.61033423e-01  3.62194084e-09  4.61033423e-01  3.18980347e-09  3.62501864e-09  4.61033423e-01  4.61033423e-01  1.62333104e-07  1.57889218e-07  1.01000000e+00 
 1.02000000e+00  4.61033389e-01  3.62194084e-09  4.61033390e-01  3.18980347e-09  3.62501865e-09  4.61033390e-01  4.61033389e-01  1.62333054e-07  1.57888927e-07  1.02000000e+00 
 1.03000000e+00  4.61033397e-01  3.62194084e-09  4.61033397e-01  3.18980347e-09  3.62501865e-09  4.61033397e-01  4.61033397e-01  1.62333089e-07  1.57888941e-07  1.03000000e+00 
 1.04000000e+00  4.61033404e-01  3.62194084e-09  4.61033404e-01  3.18980347e-09  3.62501865e-09  4.61033404e-01  4.61033404e-01  1.62333078e-07  1.57888756e-07  1.04000000e+00 
 1.05000000e+00  4.61033410e-01  3.62194084e-09  4.61033410e-01  3.18980347e-09  3.62501865e-09  4.61033410e-01  4.61033410e-01  1.62333102e-07  1.57888621e-07  1.05000000e+00 
 1.06000000e+00  4.61033423e-01  3.62194084e-09  4.61033423e-01  3.18980347e-09  3.62501865e-09  4.61033423e-01  4.61033423e-01  1.62333105e-07  1.57888593e-07  1.06000000e+00 
 1.07000000e+00  4.61033407e-01  3.62194084e-09  4.61033407e-01  3.18980347e-09  3.62501865e-09  4.61033407e-01  4.61033407e-01  1.62333075e-07  1.57888238e-07  1.07000000e+00 
 1.08000000e+00  4.61033441e-01  3.62194084e-09  4.61033441e-01  3.18980347e-09  3.62501865e-09  4.61033441e-01  4.61033441e-01  1.62333131e-07  1.57888252e-07  1.08000000e+00 
 1.09000000e+00  4.61033433e-01  3.62194090e-09  4.61033433e-01  3.18980347e-09  3.62501865e-09  4.61033433e-01  4.61033433e-01  1.62333131e-07  1.57888088e-07  1.09000000e+00 
 1.10000000e+00  4.61033418e-01  3.62194084e-09  4.61033418e-01  3.18980347e-09  3.62501865e-09  4.61033418e-01  4.61033418e-01  1.62333098e-07  1.57887868e-07  1.10000000e+00 
 1.11000000e+00  4.61033414e-01  3.62194090e-09  4.61033414e-01  3.18980347e-09  3.62501865e-09  4.61033414e-01  4.61033414e-01  1.62333097e-07  1.57887655e-07  1.11000000e+00 
 1.12000000e+00  4.61033421e-01  3.62194084e-09  4.61033421e-01  3.18980347e-09  3.62501865e-09  4.61033421e-01  4.61033421e-01  1.62333107e-07  1.57887612e-07  1.12000000e+00 
 1.13000000e+00  4.61033433e-01  3.62194084e-09  4.61033433e-01  3.18980347e-09  3.62501865e-09  4.61033433e-01  4.61033433e-01  1.62333126e-07  1.57887413e-07  1.13000000e+00 
 1.14000000e+00  4.61033411e-01  3.62194084e-09  4.61033411e-01  3.18980347e-09  3.62501865e-09  4.61033411e-01  4.61033411e-01  1.62333084e-07  1.57887264e-07  1.14000000e+00 
 1.15000000e+00  4.61033449e-01  3.62194085e-09  4.61033449e-01  3.18980347e-09  3.62501865e-09  4.61033449e-01  4.61033449e-01  1.62333165e-07  1.57887108e-07  1.15000000e+00 
 1.16000000e+00  4.61033434e-01  3.62194090e-09  4.61033434e-01  3.18980347e-09  3.62501865e-09  4.61033434e-01  4.61033434e-01  1.62333127e-07  1.57887001e-07  1.16000000e+00 
 1.17000000e+00  4.61033382e-01  3.62194084e-09  4.61033382e-01  3.18980347e-09  3.62501865e-09  4.61033382e-01  4.61033382e-01  1.62333044e-07  1.57886603e-07  1.17000000e+00 
 1.18000000e+00  4.61033413e-01  3.62194090e-09  4.61033413e-01  3.18980347e-09  3.62501865e-09  4.61033413e-01  4.61033413e-01  1.62333117e-07  1.57886561e-07  1.18000000e+00 
 1.19000000e+00  4.61033442e-01  3.62194084e-09  4.61033443e-01  3.18980347e-09  3.62501865e-09  4.61033443e-01  4.61033443e-01  1.62333145e-07  1.57886475e-07  1.19000000e+00 
 1.20000000e+00  4.61033422e-01  3.62194084e-09  4.61033422e-01  3.18980347e-09  3.62501865e-09  4.61033422e-01  4.61033422e-01  1.62333122e-07  1.57886191e-07  1.20000000e+00 
 1.21000000e+00  4.61033421e-01  3.62194084e-09  4.61033421e-01  3.18980347e-09  3.62501865e-09  4.61033421e-01  4.61033421e-01  1.62333107e-07  1.57886021e-07  1.21000000e+00 
 1.22000000e+00  4.61033438e-01  3.62194090e-09  4.61033438e-01  3.18980347e-09  3.62501865e-09  4.61033438e-01  4.61033438e-01  1.62333131e-07  1.57885808e-07  1.22000000e+00 
 1.23000000e+00  4.61033411e-01  3.62194084e-09  4.61033411e-01  3.18980347e-09  3.62501865e-09  4.61033411e-01  4.61033411e-01  1.62333093e-07  1.57885523e-07  1.23000000e+00 
 1.24000000e+00  4.61033423e-01  3.62194084e-09  4.61033423e-01  3.18980347e-09  3.62501865e-09  4.61033423e-01  4.61033423e-01  1.62333100e-07  1.57885452e-07  1.24000000e+00 
 1.25000000e+00  4.61033413e-01  3.62194084e-09  4.61033413e-01  3.18980347e-09  3.62501865e-09  4.61033413e-01  4.61033413e-01  1.62333092e-07  1.57885268e-07  1.25000000e+00 
 1.26000000e+00  4.61033403e-01  3.62194084e-09  4.61033403e-01  3.18980347e-09  3.62501865e-09  4.61033403e-01  4.61033403e-01  1.62333087e-07  1.57884955e-07  1.26000000e+00 
 1.27000000e+00  4.61033446e-01  3.62194085e-09  4.61033446e-01  3.18980347e-09  3.62501865e-09  4.61033446e-01  4.61033446e-01  1.62333138e-07  1.57884855e-07  1.27000000e+00 
 1.28000000e+00  4.61033430e-01  3.62194084e-09  4.61033430e-01  3.18980347e-09  3.62501865e-09  4.61033430e-01  4.61033430e-01  1.62333120e-07  1.57884557e-07  1.28000000e+00 
 1.29000000e+00  4.61033428e-01  3.62194084e-09  4.61033428e-01  3.18980347e-09  3.62501865e-09  4.61033428e-01  4.61033428e-01  1.62333101e-07  1.57884344e-07  1.29000000e+00 
 1.30000000e+00  4.61033420e-01  3.62194084e-09  4.61033420e-01  3.18980341e-09  3.62501865e-09  4.61033420e-01  4.61033420e-01  1.62333098e-07  1.57884159e-07  1.30000000e+00 
 1.31000000e+00  4.61033425e-01  3.62194090e-09  4.61033425e-01  3.18980347e-09  3.62501865e-09  4.61033425e-01  4.61033425e-01  1.62333114e-07  1.57883790e-07  1.31000000e+00 
 1.32000000e+00  4.61033419e-01  3.62194090e-09  4.61033419e-01  3.18980347e-09  3.62501865e-09  4.61033419e-01  4.61033419e-01  1.62333104e-07  1.57883477e-07  1.32000000e+00 
 1.33000000e+00  4.61033438e-01  3.62194084e-09  4.61033438e-01  3.18980347e-09  3.62501865e-09  4.61033438e-01  4.61033438e-01  1.62333130e-07  1.57883349e-07  1.33000000e+00 
 1.34000000e+00  4.61033416e-01  3.62194084e-09  4.61033416e-01  3.18980347e-09  3.62501865e-09  4.61033416e-01  4.61033416e-01  1.62333106e-07  1.57882823e-07  1.34000000e+00 
 1.35000000e+00  4.61033448e-01  3.62194085e-09  4.61033448e-01  3.18980347e-09  3.62501865e-09  4.61033448e-01  4.61033448e-01  1.62333149e-07  1.57882667e-07  1.35000000e+00 
 1.36000000e+00  4.61033417e-01  3.62194084e-09  4.61033417e-01  3.18980347e-09  3.62501865e-09  4.61033417e-01  4.61033417e-01  1.62333095e-07  1.57882340e-07  1.36000000e+00 
 1.37000000e+00  4.61033431e-01  3.62194084e-09  4.61033431e-01  3.18980347e-09  3.62501865e-09  4.61033431e-01  4.61033431e-01  1.62333120e-07  1.57881885e-07  1.37000000e+00 
 1.38000000e+00  4.61033402e-01  3.62194084e-09  4.61033402e-01  3.18980347e-09  3.62501865e-09  4.61033402e-01  4.61033402e-01  1.62333074e-07  1.57881445e-07  1.38000000e+00 
 1.39000000e+00  4.61033426e-01  3.62194084e-09  4.61033426e-01  3.18980347e-09  3.62501865e-09  4.61033426e-01  4.61033426e-01  1.62333118e-07  1.57881274e-07  1.39000000e+00 
 1.40000000e+00  4.61033395e-01  3.62194084e-09  4.61033395e-01  3.18980347e-09  3.62501865e-09  4.61033395e-01  4.61033395e-01  1.62333078e-07  1.57880621e-07  1.40000000e+00 
 1.41000000e+00  4.61033437e-01  3.62194084e-09  4.61033437e-01  3.18980347e-09  3.62501865e-09  4.61033437e-01  4.61033437e-01  1.62333150e-07  1.57880251e-07  1.41000000e+00 
 1.42000000e+00  4.61033420e-01  3.62194090e-09  4.61033420e-01  3.18980347e-09  3.62501865e-09  4.61033420e-01  4.61033420e-01  1.62333101e-07  1.57879668e-07  1.42000000e+00 
 1.43000000e+00  4.61033409e-01  3.62194084e-09  4.61033409e-01  3.18980347e-09  3.62501865e-09  4.61033409e-01  4.61033409e-01  1.62333099e-07  1.57878915e-07  1.43000000e+00 
 1.44000000e+00  4.61033422e-01  3.62194090e-09  4.61033422e-01  3.18980347e-09  3.62501865e-09  4.61033422e-01  4.61033422e-01  1.62333120e-07  1.57878176e-07  1.44000000e+00 
 1.45000000e+00  4.61033438e-01  3.62194084e-09  4.61033438e-01  3.18980347e-09  3.62501865e-09  4.61033438e-01  4.61033438e-01  1.62333132e-07  1.57877437e-07  1.45000000e+00 
 1.46000000e+00  4.61033440e-01  3.62194090e-09  4.61033440e-01  3.18980347e-09  3.62501865e-09  4.61033440e-01  4.61033440e-01  1.62333146e-07  1.57876485e-07  1.46000000e+00 
 1.47000000e+00  4.61033407e-01  3.62194090e-09  4.61033408e-01  3.18980347e-09  3.62501865e-09  4.61033408e-01  4.61033408e-01  1.62333082e-07  1.57875107e-07  1.47000000e+00 
 1.48000000e+00  4.61033418e-01  3.62194084e-09  4.61033418e-01  3.18980347e-09  3.62501865e-09  4.61033418e-01  4.61033418e-01  1.62333114e-07  1.57873487e-07  1.48000000e+00 
 1.49000000e+00  4.61033414e-01  3.62194084e-09  4.61033414e-01  3.18980347e-09  3.62501865e-09  4.61033414e-01  4.61033414e-01  1.62333095e-07  1.57871526e-07  1.49000000e+00 
 1.50000000e+00  4.61033410e-01  3.62194084e-09  4.61033410e-01  3.18980347e-09  3.62501865e-09  4.61033410e-01  4.61033410e-01  1.62333086e-07  1.57868953e-07  1.50000000e+00 
 1.51000000e+00  4.61033408e-01  3.62194084e-09  4.61033408e-01  3.18980347e-09  3.62501865e-09  4.61033408e-01  4.61033408e-01  1.62333098e-07  1.57865429e-07  1.51000000e+00 
 1.52000000e+00  4.61033444e-01  3.62194084e-09  4.61033444e-01  3.18980347e-09  3.62501865e-09  4.61033444e-01  4.61033444e-01  1.62333144e-07  1.57860512e-07  1.52000000e+00 
 1.53000000e+00  4.61033412e-01  3.62194084e-09  4.61033412e-01  3.18980347e-09  3.62501865e-09  4.61033412e-01  4.61033412e-01  1.62333091e-07  1.57852924e-07  1.53000000e+00 
 1.54000000e+00  4.61033425e-01  3.62194084e-09  4.61033425e-01  3.18980347e-09  3.62501865e-09  4.61033425e-01  4.61033425e-01  1.62333122e-07  1.57841527e-07  1.54000000e+00 
 1.55000000e+00  4.61033417e-01  3.62194084e-09  4.61033417e-01  3.18980347e-09  3.62501865e-09  4.61033417e-01  4.61033417e-01  1.62333097e-07  1.57822697e-07  1.55000000e+00 
 1.56000000e+00  4.61033423e-01  3.62194084e-09  4.61033423e-01  3.18980347e-09  3.62501865e-09  4.61033423e-01  4.61033423e-01  1.62333111e-07  1.57790097e-07  1.56000000e+00 
 1.57000000e+00  4.61033417e-01  3.62194084e-09  4.61033417e-01  3.18980347e-09  3.62501865e-09  4.61033417e-01  4.61033417e-01  1.62333084e-07  1.57730355e-07  1.57000000e+00 
 1.58000000e+00  4.61033406e-01  3.62194090e-09  4.61033406e-01  3.18980347e-09  3.62501865e-09  4.61033406e-01  4.61033406e-01  1.62333097e-07  1.57615148e-07  1.58000000e+00 
 1.59000000e+00  4.61033432e-01  3.62194084e-09  4.61033432e-01  3.18980347e-09  3.62501865e-09  4.61033432e-01  4.61033432e-01  1.62333123e-07  1.57379930e-07  1.59000000e+00 
 1.60000000e+00  4.61033423e-01  3.62194084e-09  4.61033424e-01  3.18980347e-09  3.62501870e-09  4.61033424e-01  4.61033424e-01  1.62333119e-07  1.56885037e-07  1.60000000e+00 
 1.61000000e+00  4.61033426e-01  3.62194084e-09  4.61033426e-01  3.18980347e-09  3.62501863e-09  4.61033426e-01  4.61033426e-01  1.62333107e-07  1.55910215e-07  1.61000000e+00 
 1.62000000e+00  4.61033424e-01  3.62194084e-09  4.61033424e-01  3.18980347e-09  3.62501865e-09  4.61033424e-01  4.61033424e-01  1.62333110e-07  1.52575126e-07  1.62000000e+00 
 1.63000000e+00  4.61033413e-01  3.62194090e-09  4.61033413e-01  3.18980347e-09  3.62501865e-09  4.61033413e-01  4.61033413e-01  1.62333106e-07  1.28574143e-07  1.63000000e+00 
 1.64000000e+00  4.61033422e-01  3.62194084e-09  4.61033423e-01  3.18980347e-09  3.62501865e-09  4.61033423e-01  4.61033422e-01  1.62333101e-07  1.06898568e-07  1.64000000e+00 
 1.65000000e+00  4.61033425e-01  3.62194084e-09  4.61033425e-01  3.18980347e-09  3.62501865e-09  4.61033425e-01  4.61033425e-01  1.62333110e-07  8.78596182e-08  1.65000000e+00 
 1.66000000e+00  4.61033421e-01  3.62194090e-09  4.61033421e-01  3.18980347e-09  3.62501865e-09  4.61033421e-01  4.61033421e-01  1.62333093e-07  7.14916837e-08  1.66000000e+00 
 1.67000000e+00  4.61033419e-01  3.62194084e-09  4.61033420e-01  3.18980347e-09  3.62501870e-09  4.61033420e-01  4.61033419e-01  1.62333099e-07  5.76571324e-08  1.67000000e+00 
 1.68000000e+00  4.61033395e-01  3.62194084e-09  4.61033395e-01  3.18980347e-09  3.62501863e-09  4.61033395e-01  4.61033395e-01  1.62333063e-07  4.60978100e-08  1.68000000e+00 
 1.69000000e+00  4.61033428e-01  3.62194084e-09  4.61033428e-01  3.18980347e-09  3.62501865e-09  4.61033428e-01  4.61033428e-01  1.62333121e-07  3.65218824e-08  1.69000000e+00 
 1.70000000e+00  4.61033417e-01  3.62194084e-09  4.61033417e-01  3.18980347e-09  3.62501865e-09  4.61033417e-01  4.61033417e-01  1.62333099e-07  2.86363218e-08  1.70000000e+00 
 1.71000000e+00  4.61033415e-01  3.62194084e-09  4.61033415e-01  3.18980347e-09  3.62501865e-09  4.61033415e-01  4.61033415e-01  1.62333107e-07  2.21709087e-08  1.71000000e+00 
 1.72000000e+00  4.61033422e-01  3.62194084e-09  4.61033423e-01  3.18980347e-09  3.62501865e-09  4.61033423e-01  4.61033422e-01  1.62333096e-07  1.68856502e-08  1.72000000e+00 
 1.73000000e+00  4.61033411e-01  3.62194084e-09  4.61033411e-01  3.18980347e-09  3.62501865e-09  4.61033411e-01  4.61033411e-01  1.62333096e-07  1.25706379e-08  1.73000000e+00 
 1.74000000e+00  4.61033414e-01  3.62194084e-09  4.61033414e-01  3.18980347e-09  3.62501865e-09  4.61033414e-01  4.61033414e-01  1.62333104e-07  9.04442743e-09  1.74000000e+00 
 1.75000000e+00  4.61033416e-01  3.62194084e-09  4.61033416e-01  3.18980347e-09  3.62501865e-09  4.61033416e-01  4.61033416e-01  1.62333091e-07  6.14959106e-09  1.75000000e+00 
 1.76000000e+00  4.61033393e-01  3.62194084e-09  4.61033393e-01  3.18980347e-09  3.62501865e-09  4.61033393e-01  4.61033393e-01  1.62333062e-07  3.75104037e-09  1.76000000e+00 
 1.77000000e+00  4.61033424e-01  3.62194090e-09  4.61033424e-01  3.18980347e-09  3.62501865e-09  4.61033424e-01  4.61033424e-01  1.62333128e-07  1.74271975e-09  1.77000000e+00 
 1.78000000e+00  4.61033429e-01  3.62194084e-09  4.61033429e-01  3.18980347e-09  3.62501865e-09  4.61033429e-01  4.61033429e-01  1.62333106e-07  6.01829697e-11  1.78000000e+00 
 1.79000000e+00  4.61033420e-01  3.62194084e-09  4.61033420e-01  3.18980347e-09  3.62501865e-09  4.61033420e-01  4.61033420e-01  1.62333100e-07 -1.31596778e-09  1.79000000e+00 
 1.80000000e+00  4.61033436e-01  3.62194084e-09  4.61033436e-01  3.18980347e-09  3.62501865e-09  4.61033436e-01  4.61033436e-01  1.62333126e-07 -2.38314612e-09  1.80000000e+00 
