 v-sweep         v(b0)           v(b1)           v(b2)           v(b3)           v(b4)           v(b5)           v(b6)           i(vbias)        i(viout)        v(vout)        
 0.00000000e+00  4.57425431e-01  3.43339602e-09  4.57425431e-01  4.57425431e-01  4.57425431e-01  3.10422783e-09  4.57425431e-01  1.56797931e-07  1.33832120e-07  0.00000000e+00 
 1.00000000e-02  4.57425447e-01  3.43339600e-09  4.57425447e-01  4.57425447e-01  4.57425447e-01  3.10422786e-09  4.57425447e-01  1.56797973e-07  1.33831725e-07  1.00000000e-02 
 2.00000000e-02  4.57425441e-01  3.43339600e-09  4.57425441e-01  4.57425441e-01  4.57425441e-01  3.10422780e-09  4.57425441e-01  1.56797959e-07  1.33831332e-07  2.00000000e-02 
 3.00000000e-02  4.57425426e-01  3.43339600e-09  4.57425425e-01  4.57425426e-01  4.57425426e-01  3.10422786e-09  4.57425426e-01  1.56797923e-07  1.33830816e-07  3.00000000e-02 
 4.00000000e-02  4.57425416e-01  3.43339600e-09  4.57425415e-01  4.57425416e-01  4.57425416e-01  3.10422786e-09  4.57425416e-01  1.56797913e-07  1.33830429e-07  4.00000000e-02 
 5.00000000e-02  4.57425472e-01  3.43339600e-09  4.57425472e-01  4.57425472e-01  4.57425472e-01  3.10422786e-09  4.57425472e-01  1.56797994e-07  1.33830259e-07  5.00000000e-02 
 6.00000000e-02  4.57425458e-01  3.43339600e-09  4.57425457e-01  4.57425457e-01  4.57425457e-01  3.10422786e-09  4.57425458e-01  1.56797974e-07  1.33829866e-07  6.00000000e-02 
 7.00000000e-02  4.57425421e-01  3.43339600e-09  4.57425421e-01  4.57425421e-01  4.57425421e-01  3.10422786e-09  4.57425421e-01  1.56797922e-07  1.33829473e-07  7.00000000e-02 
 8.00000000e-02  4.57425452e-01  3.43339605e-09  4.57425452e-01  4.57425452e-01  4.57425452e-01  3.10422786e-09  4.57425452e-01  1.56797966e-07  1.33829316e-07  8.00000000e-02 
 9.00000000e-02  4.57425433e-01  3.43339600e-09  4.57425433e-01  4.57425433e-01  4.57425433e-01  3.10422786e-09  4.57425433e-01  1.56797940e-07  1.33828891e-07  9.00000000e-02 
 1.00000000e-01  4.57425448e-01  3.43339600e-09  4.57425448e-01  4.57425448e-01  4.57425448e-01  3.10422780e-09  4.57425448e-01  1.56797970e-07  1.33828650e-07  1.00000000e-01 
 1.10000000e-01  4.57425423e-01  3.43339600e-09  4.57425423e-01  4.57425423e-01  4.57425423e-01  3.10422786e-09  4.57425423e-01  1.56797922e-07  1.33828294e-07  1.10000000e-01 
 1.20000000e-01  4.57425440e-01  3.43339605e-09  4.57425440e-01  4.57425440e-01  4.57425440e-01  3.10422786e-09  4.57425440e-01  1.56797940e-07  1.33828070e-07  1.20000000e-01 
 1.30000000e-01  4.57425443e-01  3.43339600e-09  4.57425443e-01  4.57425443e-01  4.57425443e-01  3.10422786e-09  4.57425443e-01  1.56797951e-07  1.33827805e-07  1.30000000e-01 
 1.40000000e-01  4.57425467e-01  3.43339600e-09  4.57425467e-01  4.57425467e-01  4.57425467e-01  3.10422786e-09  4.57425467e-01  1.56797988e-07  1.33827658e-07  1.40000000e-01 
 1.50000000e-01  4.57425429e-01  3.43339600e-09  4.57425429e-01  4.57425429e-01  4.57425429e-01  3.10422786e-09  4.57425429e-01  1.56797934e-07  1.33827363e-07  1.50000000e-01 
 1.60000000e-01  4.57425440e-01  3.43339600e-09  4.57425440e-01  4.57425440e-01  4.57425440e-01  3.10422786e-09  4.57425440e-01  1.56797961e-07  1.33827095e-07  1.60000000e-01 
 1.70000000e-01  4.57425416e-01  3.43339600e-09  4.57425416e-01  4.57425416e-01  4.57425416e-01  3.10422786e-09  4.57425416e-01  1.56797907e-07  1.33826852e-07  1.70000000e-01 
 1.80000000e-01  4.57425439e-01  3.43339600e-09  4.57425439e-01  4.57425439e-01  4.57425439e-01  3.10422786e-09  4.57425439e-01  1.56797951e-07  1.33826637e-07  1.80000000e-01 
 1.90000000e-01  4.57425417e-01  3.43339600e-09  4.57425416e-01  4.57425416e-01  4.57425416e-01  3.10422786e-09  4.57425416e-01  1.56797910e-07  1.33826505e-07  1.90000000e-01 
 2.00000000e-01  4.57425435e-01  3.43339600e-09  4.57425435e-01  4.57425435e-01  4.57425435e-01  3.10422786e-09  4.57425435e-01  1.56797942e-07  1.33826255e-07  2.00000000e-01 
 2.10000000e-01  4.57425442e-01  3.43339600e-09  4.57425442e-01  4.57425442e-01  4.57425442e-01  3.10422786e-09  4.57425442e-01  1.56797945e-07  1.33826148e-07  2.10000000e-01 
 2.20000000e-01  4.57425426e-01  3.43339605e-09  4.57425425e-01  4.57425426e-01  4.57425426e-01  3.10422786e-09  4.57425426e-01  1.56797932e-07  1.33825878e-07  2.20000000e-01 
 2.30000000e-01  4.57425440e-01  3.43339600e-09  4.57425440e-01  4.57425440e-01  4.57425440e-01  3.10422780e-09  4.57425440e-01  1.56797955e-07  1.33825694e-07  2.30000000e-01 
 2.40000000e-01  4.57425421e-01  3.43339600e-09  4.57425421e-01  4.57425421e-01  4.57425421e-01  3.10422786e-09  4.57425421e-01  1.56797925e-07  1.33825528e-07  2.40000000e-01 
 2.50000000e-01  4.57425447e-01  3.43339600e-09  4.57425447e-01  4.57425447e-01  4.57425447e-01  3.10422786e-09  4.57425447e-01  1.56797959e-07  1.33825468e-07  2.50000000e-01 
 2.60000000e-01  4.57425430e-01  3.43339600e-09  4.57425430e-01  4.57425430e-01  4.57425430e-01  3.10422786e-09  4.57425430e-01  1.56797930e-07  1.33825253e-07  2.60000000e-01 
 2.70000000e-01  4.57425450e-01  3.43339600e-09  4.57425450e-01  4.57425450e-01  4.57425450e-01  3.10422786e-09  4.57425450e-01  1.56797965e-07  1.33825194e-07  2.70000000e-01 
 2.80000000e-01  4.57425441e-01  3.43339605e-09  4.57425441e-01  4.57425441e-01  4.57425441e-01  3.10422786e-09  4.57425441e-01  1.56797957e-07  1.33825008e-07  2.80000000e-01 
 2.90000000e-01  4.57425434e-01  3.43339600e-09  4.57425434e-01  4.57425434e-01  4.57425434e-01  3.10422786e-09  4.57425434e-01  1.56797957e-07  1.33824845e-07  2.90000000e-01 
 3.00000000e-01  4.57425431e-01  3.43339600e-09  4.57425431e-01  4.57425431e-01  4.57425431e-01  3.10422786e-09  4.57425431e-01  1.56797945e-07  1.33824702e-07  3.00000000e-01 
 3.10000000e-01  4.57425436e-01  3.43339600e-09  4.57425436e-01  4.57425436e-01  4.57425436e-01  3.10422786e-09  4.57425436e-01  1.56797954e-07  1.33824560e-07  3.10000000e-01 
 3.20000000e-01  4.57425440e-01  3.43339600e-09  4.57425440e-01  4.57425440e-01  4.57425440e-01  3.10422786e-09  4.57425440e-01  1.56797969e-07  1.33824496e-07  3.20000000e-01 
 3.30000000e-01  4.57425441e-01  3.43339605e-09  4.57425441e-01  4.57425441e-01  4.57425441e-01  3.10422786e-09  4.57425441e-01  1.56797953e-07  1.33824187e-07  3.30000000e-01 
 3.40000000e-01  4.57425417e-01  3.43339600e-09  4.57425416e-01  4.57425416e-01  4.57425416e-01  3.10422786e-09  4.57425416e-01  1.56797918e-07  1.33824020e-07  3.40000000e-01 
 3.50000000e-01  4.57425439e-01  3.43339600e-09  4.57425439e-01  4.57425439e-01  4.57425439e-01  3.10422786e-09  4.57425439e-01  1.56797943e-07  1.33824109e-07  3.50000000e-01 
 3.60000000e-01  4.57425428e-01  3.43339605e-09  4.57425428e-01  4.57425428e-01  4.57425428e-01  3.10422780e-09  4.57425428e-01  1.56797919e-07  1.33823935e-07  3.60000000e-01 
 3.70000000e-01  4.57425433e-01  3.43339600e-09  4.57425433e-01  4.57425433e-01  4.57425433e-01  3.10422780e-09  4.57425433e-01  1.56797941e-07  1.33823846e-07  3.70000000e-01 
 3.80000000e-01  4.57425459e-01  3.43339600e-09  4.57425459e-01  4.57425459e-01  4.57425459e-01  3.10422786e-09  4.57425459e-01  1.56797985e-07  1.33823772e-07  3.80000000e-01 
 3.90000000e-01  4.57425442e-01  3.43339600e-09  4.57425442e-01  4.57425442e-01  4.57425442e-01  3.10422786e-09  4.57425442e-01  1.56797946e-07  1.33823622e-07  3.90000000e-01 
 4.00000000e-01  4.57425428e-01  3.43339605e-09  4.57425428e-01  4.57425428e-01  4.57425428e-01  3.10422786e-09  4.57425428e-01  1.56797941e-07  1.33823484e-07  4.00000000e-01 
 4.10000000e-01  4.57425436e-01  3.43339600e-09  4.57425436e-01  4.57425436e-01  4.57425436e-01  3.10422786e-09  4.57425436e-01  1.56797952e-07  1.33823423e-07  4.10000000e-01 
 4.20000000e-01  4.57425403e-01  3.43339599e-09  4.57425403e-01  4.57425403e-01  4.57425403e-01  3.10422786e-09  4.57425403e-01  1.56797906e-07  1.33823203e-07  4.20000000e-01 
 4.30000000e-01  4.57425460e-01  3.43339600e-09  4.57425460e-01  4.57425460e-01  4.57425460e-01  3.10422780e-09  4.57425460e-01  1.56797988e-07  1.33823264e-07  4.30000000e-01 
 4.40000000e-01  4.57425442e-01  3.43339600e-09  4.57425442e-01  4.57425442e-01  4.57425442e-01  3.10422780e-09  4.57425442e-01  1.56797962e-07  1.33823132e-07  4.40000000e-01 
 4.50000000e-01  4.57425441e-01  3.43339605e-09  4.57425441e-01  4.57425441e-01  4.57425441e-01  3.10422786e-09  4.57425441e-01  1.56797941e-07  1.33823121e-07  4.50000000e-01 
 4.60000000e-01  4.57425445e-01  3.43339600e-09  4.57425445e-01  4.57425445e-01  4.57425445e-01  3.10422786e-09  4.57425445e-01  1.56797955e-07  1.33823022e-07  4.60000000e-01 
 4.70000000e-01  4.57425425e-01  3.43339605e-09  4.57425425e-01  4.57425425e-01  4.57425425e-01  3.10422786e-09  4.57425425e-01  1.56797933e-07  1.33822741e-07  4.70000000e-01 
 4.80000000e-01  4.57425435e-01  3.43339605e-09  4.57425434e-01  4.57425434e-01  4.57425434e-01  3.10422786e-09  4.57425435e-01  1.56797946e-07  1.33822798e-07  4.80000000e-01 
 4.90000000e-01  4.57425424e-01  3.43339600e-09  4.57425424e-01  4.57425424e-01  4.57425424e-01  3.10422786e-09  4.57425424e-01  1.56797936e-07  1.33822507e-07  4.90000000e-01 
 5.00000000e-01  4.57425408e-01  3.43339600e-09  4.57425407e-01  4.57425407e-01  4.57425407e-01  3.10422786e-09  4.57425408e-01  1.56797909e-07  1.33822393e-07  5.00000000e-01 
 5.10000000e-01  4.57425429e-01  3.43339600e-09  4.57425428e-01  4.57425429e-01  4.57425429e-01  3.10422786e-09  4.57425429e-01  1.56797942e-07  1.33822478e-07  5.10000000e-01 
 5.20000000e-01  4.57425411e-01  3.43339600e-09  4.57425411e-01  4.57425411e-01  4.57425411e-01  3.10422786e-09  4.57425411e-01  1.56797914e-07  1.33822287e-07  5.20000000e-01 
 5.30000000e-01  4.57425426e-01  3.43339600e-09  4.57425426e-01  4.57425426e-01  4.57425426e-01  3.10422780e-09  4.57425426e-01  1.56797938e-07  1.33822279e-07  5.30000000e-01 
 5.40000000e-01  4.57425439e-01  3.43339600e-09  4.57425439e-01  4.57425439e-01  4.57425439e-01  3.10422786e-09  4.57425439e-01  1.56797955e-07  1.33822191e-07  5.40000000e-01 
 5.50000000e-01  4.57425420e-01  3.43339600e-09  4.57425420e-01  4.57425420e-01  4.57425420e-01  3.10422786e-09  4.57425420e-01  1.56797915e-07  1.33821938e-07  5.50000000e-01 
 5.60000000e-01  4.57425450e-01  3.43339605e-09  4.57425449e-01  4.57425449e-01  4.57425449e-01  3.10422786e-09  4.57425449e-01  1.56797968e-07  1.33821917e-07  5.60000000e-01 
 5.70000000e-01  4.57425434e-01  3.43339600e-09  4.57425434e-01  4.57425434e-01  4.57425434e-01  3.10422786e-09  4.57425434e-01  1.56797948e-07  1.33821917e-07  5.70000000e-01 
 5.80000000e-01  4.57425439e-01  3.43339605e-09  4.57425439e-01  4.57425439e-01  4.57425439e-01  3.10422786e-09  4.57425439e-01  1.56797943e-07  1.33821743e-07  5.80000000e-01 
 5.90000000e-01  4.57425427e-01  3.43339600e-09  4.57425426e-01  4.57425426e-01  4.57425426e-01  3.10422786e-09  4.57425426e-01  1.56797938e-07  1.33821601e-07  5.90000000e-01 
 6.00000000e-01  4.57425425e-01  3.43339600e-09  4.57425425e-01  4.57425425e-01  4.57425425e-01  3.10422786e-09  4.57425425e-01  1.56797925e-07  1.33821629e-07  6.00000000e-01 
 6.10000000e-01  4.57425468e-01  3.43339600e-09  4.57425468e-01  4.57425468e-01  4.57425468e-01  3.10422780e-09  4.57425468e-01  1.56797989e-07  1.33821587e-07  6.10000000e-01 
 6.20000000e-01  4.57425421e-01  3.43339600e-09  4.57425420e-01  4.57425421e-01  4.57425421e-01  3.10422786e-09  4.57425421e-01  1.56797916e-07  1.33821302e-07  6.20000000e-01 
 6.30000000e-01  4.57425428e-01  3.43339605e-09  4.57425427e-01  4.57425428e-01  4.57425428e-01  3.10422786e-09  4.57425428e-01  1.56797936e-07  1.33821331e-07  6.30000000e-01 
 6.40000000e-01  4.57425453e-01  3.43339600e-09  4.57425453e-01  4.57425453e-01  4.57425453e-01  3.10422780e-09  4.57425453e-01  1.56797980e-07  1.33821324e-07  6.40000000e-01 
 6.50000000e-01  4.57425431e-01  3.43339600e-09  4.57425431e-01  4.57425431e-01  4.57425431e-01  3.10422786e-09  4.57425431e-01  1.56797926e-07  1.33821139e-07  6.50000000e-01 
 6.60000000e-01  4.57425446e-01  3.43339600e-09  4.57425445e-01  4.57425445e-01  4.57425445e-01  3.10422786e-09  4.57425445e-01  1.56797955e-07  1.33821089e-07  6.60000000e-01 
 6.70000000e-01  4.57425460e-01  3.43339600e-09  4.57425460e-01  4.57425460e-01  4.57425460e-01  3.10422780e-09  4.57425460e-01  1.56797980e-07  1.33821118e-07  6.70000000e-01 
 6.80000000e-01  4.57425457e-01  3.43339605e-09  4.57425456e-01  4.57425456e-01  4.57425456e-01  3.10422786e-09  4.57425456e-01  1.56797982e-07  1.33820940e-07  6.80000000e-01 
 6.90000000e-01  4.57425437e-01  3.43339600e-09  4.57425437e-01  4.57425437e-01  4.57425437e-01  3.10422786e-09  4.57425437e-01  1.56797954e-07  1.33820834e-07  6.90000000e-01 
 7.00000000e-01  4.57425425e-01  3.43339600e-09  4.57425425e-01  4.57425425e-01  4.57425425e-01  3.10422786e-09  4.57425425e-01  1.56797919e-07  1.33820642e-07  7.00000000e-01 
 7.10000000e-01  4.57425458e-01  3.43339605e-09  4.57425458e-01  4.57425458e-01  4.57425458e-01  3.10422786e-09  4.57425458e-01  1.56797974e-07  1.33820663e-07  7.10000000e-01 
 7.20000000e-01  4.57425432e-01  3.43339600e-09  4.57425432e-01  4.57425432e-01  4.57425432e-01  3.10422786e-09  4.57425432e-01  1.56797944e-07  1.33820578e-07  7.20000000e-01 
 7.30000000e-01  4.57425475e-01  3.43339600e-09  4.57425475e-01  4.57425475e-01  4.57425475e-01  3.10422780e-09  4.57425475e-01  1.56798009e-07  1.33820578e-07  7.30000000e-01 
 7.40000000e-01  4.57425413e-01  3.43339600e-09  4.57425413e-01  4.57425413e-01  4.57425413e-01  3.10422786e-09  4.57425413e-01  1.56797919e-07  1.33820180e-07  7.40000000e-01 
 7.50000000e-01  4.57425432e-01  3.43339600e-09  4.57425432e-01  4.57425432e-01  4.57425432e-01  3.10422786e-09  4.57425432e-01  1.56797947e-07  1.33820180e-07  7.50000000e-01 
 7.60000000e-01  4.57425429e-01  3.43339600e-09  4.57425429e-01  4.57425429e-01  4.57425429e-01  3.10422780e-09  4.57425429e-01  1.56797927e-07  1.33820066e-07  7.60000000e-01 
 7.70000000e-01  4.57425448e-01  3.43339605e-09  4.57425447e-01  4.57425448e-01  4.57425448e-01  3.10422780e-09  4.57425448e-01  1.56797955e-07  1.33820080e-07  7.70000000e-01 
 7.80000000e-01  4.57425443e-01  3.43339600e-09  4.57425442e-01  4.57425443e-01  4.57425443e-01  3.10422786e-09  4.57425443e-01  1.56797960e-07  1.33820016e-07  7.80000000e-01 
 7.90000000e-01  4.57425443e-01  3.43339600e-09  4.57425442e-01  4.57425442e-01  4.57425442e-01  3.10422786e-09  4.57425442e-01  1.56797950e-07  1.33819960e-07  7.90000000e-01 
 8.00000000e-01  4.57425429e-01  3.43339600e-09  4.57425428e-01  4.57425428e-01  4.57425428e-01  3.10422786e-09  4.57425429e-01  1.56797934e-07  1.33819690e-07  8.00000000e-01 
 8.10000000e-01  4.57425446e-01  3.43339600e-09  4.57425446e-01  4.57425446e-01  4.57425446e-01  3.10422786e-09  4.57425446e-01  1.56797957e-07  1.33819768e-07  8.10000000e-01 
 8.20000000e-01  4.57425421e-01  3.43339600e-09  4.57425421e-01  4.57425421e-01  4.57425421e-01  3.10422786e-09  4.57425421e-01  1.56797936e-07  1.33819590e-07  8.20000000e-01 
 8.30000000e-01  4.57425429e-01  3.43339600e-09  4.57425429e-01  4.57425429e-01  4.57425429e-01  3.10422786e-09  4.57425429e-01  1.56797941e-07  1.33819384e-07  8.30000000e-01 
 8.40000000e-01  4.57425450e-01  3.43339600e-09  4.57425450e-01  4.57425450e-01  4.57425450e-01  3.10422786e-09  4.57425450e-01  1.56797954e-07  1.33819412e-07  8.40000000e-01 
 8.50000000e-01  4.57425415e-01  3.43339600e-09  4.57425415e-01  4.57425415e-01  4.57425415e-01  3.10422786e-09  4.57425415e-01  1.56797919e-07  1.33819242e-07  8.50000000e-01 
 8.60000000e-01  4.57425426e-01  3.43339600e-09  4.57425426e-01  4.57425426e-01  4.57425426e-01  3.10422786e-09  4.57425426e-01  1.56797933e-07  1.33819064e-07  8.60000000e-01 
 8.70000000e-01  4.57425450e-01  3.43339600e-09  4.57425450e-01  4.57425450e-01  4.57425450e-01  3.10422780e-09  4.57425450e-01  1.56797975e-07  1.33819015e-07  8.70000000e-01 
 8.80000000e-01  4.57425455e-01  3.43339600e-09  4.57425455e-01  4.57425455e-01  4.57425455e-01  3.10422786e-09  4.57425455e-01  1.56797979e-07  1.33818951e-07  8.80000000e-01 
 8.90000000e-01  4.57425441e-01  3.43339600e-09  4.57425441e-01  4.57425441e-01  4.57425441e-01  3.10422786e-09  4.57425441e-01  1.56797949e-07  1.33818851e-07  8.90000000e-01 
 9.00000000e-01  4.57425419e-01  3.43339600e-09  4.57425419e-01  4.57425419e-01  4.57425419e-01  3.10422780e-09  4.57425419e-01  1.56797927e-07  1.33818631e-07  9.00000000e-01 
 9.10000000e-01  4.57425415e-01  3.43339600e-09  4.57425415e-01  4.57425415e-01  4.57425415e-01  3.10422786e-09  4.57425415e-01  1.56797911e-07  1.33818567e-07  9.10000000e-01 
 9.20000000e-01  4.57425425e-01  3.43339605e-09  4.57425424e-01  4.57425425e-01  4.57425425e-01  3.10422786e-09  4.57425425e-01  1.56797941e-07  1.33818588e-07  9.20000000e-01 
 9.30000000e-01  4.57425443e-01  3.43339600e-09  4.57425443e-01  4.57425443e-01  4.57425443e-01  3.10422780e-09  4.57425443e-01  1.56797959e-07  1.33818538e-07  9.30000000e-01 
 9.40000000e-01  4.57425465e-01  3.43339600e-09  4.57425465e-01  4.57425465e-01  4.57425465e-01  3.10422786e-09  4.57425465e-01  1.56797978e-07  1.33818446e-07  9.40000000e-01 
 9.50000000e-01  4.57425437e-01  3.43339600e-09  4.57425437e-01  4.57425437e-01  4.57425437e-01  3.10422786e-09  4.57425437e-01  1.56797942e-07  1.33818261e-07  9.50000000e-01 
 9.60000000e-01  4.57425435e-01  3.43339600e-09  4.57425434e-01  4.57425434e-01  4.57425434e-01  3.10422786e-09  4.57425434e-01  1.56797957e-07  1.33818112e-07  9.60000000e-01 
 9.70000000e-01  4.57425417e-01  3.43339600e-09  4.57425417e-01  4.57425417e-01  4.57425417e-01  3.10422786e-09  4.57425417e-01  1.56797928e-07  1.33817984e-07  9.70000000e-01 
 9.80000000e-01  4.57425441e-01  3.43339600e-09  4.57425441e-01  4.57425441e-01  4.57425441e-01  3.10422786e-09  4.57425441e-01  1.56797963e-07  1.33817949e-07  9.80000000e-01 
 9.90000000e-01  4.57425433e-01  3.43339600e-09  4.57425433e-01  4.57425433e-01  4.57425433e-01  3.10422786e-09  4.57425433e-01  1.56797948e-07  1.33817743e-07  9.90000000e-01 
 1.00000000e+00  4.57425449e-01  3.43339600e-09  4.57425449e-01  4.57425449e-01  4.57425449e-01  3.10422780e-09  4.57425449e-01  1.56797969e-07  1.33817757e-07  1.00000000e+00 
 1.01000000e+00  4.57425435e-01  3.43339605e-09  4.57425434e-01  4.57425435e-01  4.57425435e-01  3.10422786e-09  4.57425435e-01  1.56797941e-07  1.33817636e-07  1.01000000e+00 
 1.02000000e+00  4.57425442e-01  3.43339600e-09  4.57425442e-01  4.57425442e-01  4.57425442e-01  3.10422786e-09  4.57425442e-01  1.56797958e-07  1.33817522e-07  1.02000000e+00 
 1.03000000e+00  4.57425450e-01  3.43339605e-09  4.57425450e-01  4.57425450e-01  4.57425450e-01  3.10422786e-09  4.57425450e-01  1.56797975e-07  1.33817430e-07  1.03000000e+00 
 1.04000000e+00  4.57425433e-01  3.43339600e-09  4.57425433e-01  4.57425433e-01  4.57425433e-01  3.10422786e-09  4.57425433e-01  1.56797951e-07  1.33817224e-07  1.04000000e+00 
 1.05000000e+00  4.57425437e-01  3.43339600e-09  4.57425437e-01  4.57425437e-01  4.57425437e-01  3.10422786e-09  4.57425437e-01  1.56797955e-07  1.33817267e-07  1.05000000e+00 
 1.06000000e+00  4.57425435e-01  3.43339600e-09  4.57425435e-01  4.57425435e-01  4.57425435e-01  3.10422786e-09  4.57425435e-01  1.56797946e-07  1.33816989e-07  1.06000000e+00 
 1.07000000e+00  4.57425433e-01  3.43339600e-09  4.57425432e-01  4.57425432e-01  4.57425432e-01  3.10422786e-09  4.57425432e-01  1.56797943e-07  1.33816890e-07  1.07000000e+00 
 1.08000000e+00  4.57425421e-01  3.43339600e-09  4.57425420e-01  4.57425421e-01  4.57425421e-01  3.10422786e-09  4.57425421e-01  1.56797931e-07  1.33816862e-07  1.08000000e+00 
 1.09000000e+00  4.57425442e-01  3.43339600e-09  4.57425442e-01  4.57425442e-01  4.57425442e-01  3.10422786e-09  4.57425442e-01  1.56797949e-07  1.33816748e-07  1.09000000e+00 
 1.10000000e+00  4.57425414e-01  3.43339600e-09  4.57425414e-01  4.57425414e-01  4.57425414e-01  3.10422786e-09  4.57425414e-01  1.56797905e-07  1.33816513e-07  1.10000000e+00 
 1.11000000e+00  4.57425427e-01  3.43339605e-09  4.57425427e-01  4.57425427e-01  4.57425427e-01  3.10422786e-09  4.57425427e-01  1.56797936e-07  1.33816435e-07  1.11000000e+00 
 1.12000000e+00  4.57425468e-01  3.43339600e-09  4.57425468e-01  4.57425468e-01  4.57425468e-01  3.10422786e-09  4.57425468e-01  1.56797997e-07  1.33816457e-07  1.12000000e+00 
 1.13000000e+00  4.57425454e-01  3.43339600e-09  4.57425453e-01  4.57425453e-01  4.57425453e-01  3.10422786e-09  4.57425454e-01  1.56797970e-07  1.33816371e-07  1.13000000e+00 
 1.14000000e+00  4.57425427e-01  3.43339600e-09  4.57425426e-01  4.57425426e-01  4.57425426e-01  3.10422786e-09  4.57425426e-01  1.56797914e-07  1.33816137e-07  1.14000000e+00 
 1.15000000e+00  4.57425431e-01  3.43339600e-09  4.57425431e-01  4.57425431e-01  4.57425431e-01  3.10422780e-09  4.57425431e-01  1.56797935e-07  1.33816137e-07  1.15000000e+00 
 1.16000000e+00  4.57425436e-01  3.43339600e-09  4.57425436e-01  4.57425436e-01  4.57425436e-01  3.10422786e-09  4.57425436e-01  1.56797957e-07  1.33815959e-07  1.16000000e+00 
 1.17000000e+00  4.57425442e-01  3.43339600e-09  4.57425442e-01  4.57425442e-01  4.57425442e-01  3.10422786e-09  4.57425442e-01  1.56797948e-07  1.33815860e-07  1.17000000e+00 
 1.18000000e+00  4.57425424e-01  3.43339600e-09  4.57425424e-01  4.57425424e-01  4.57425424e-01  3.10422786e-09  4.57425424e-01  1.56797929e-07  1.33815647e-07  1.18000000e+00 
 1.19000000e+00  4.57425444e-01  3.43339600e-09  4.57425444e-01  4.57425444e-01  4.57425444e-01  3.10422786e-09  4.57425444e-01  1.56797954e-07  1.33815547e-07  1.19000000e+00 
 1.20000000e+00  4.57425436e-01  3.43339605e-09  4.57425436e-01  4.57425436e-01  4.57425436e-01  3.10422786e-09  4.57425436e-01  1.56797953e-07  1.33815377e-07  1.20000000e+00 
 1.21000000e+00  4.57425404e-01  3.43339599e-09  4.57425404e-01  4.57425404e-01  4.57425404e-01  3.10422786e-09  4.57425404e-01  1.56797895e-07  1.33815206e-07  1.21000000e+00 
 1.22000000e+00  4.57425446e-01  3.43339600e-09  4.57425446e-01  4.57425446e-01  4.57425446e-01  3.10422786e-09  4.57425446e-01  1.56797959e-07  1.33815163e-07  1.22000000e+00 
 1.23000000e+00  4.57425430e-01  3.43339600e-09  4.57425430e-01  4.57425430e-01  4.57425430e-01  3.10422780e-09  4.57425430e-01  1.56797932e-07  1.33814879e-07  1.23000000e+00 
 1.24000000e+00  4.57425443e-01  3.43339605e-09  4.57425442e-01  4.57425443e-01  4.57425443e-01  3.10422786e-09  4.57425443e-01  1.56797958e-07  1.33814780e-07  1.24000000e+00 
 1.25000000e+00  4.57425424e-01  3.43339600e-09  4.57425424e-01  4.57425424e-01  4.57425424e-01  3.10422786e-09  4.57425424e-01  1.56797927e-07  1.33814581e-07  1.25000000e+00 
 1.26000000e+00  4.57425427e-01  3.43339600e-09  4.57425427e-01  4.57425427e-01  4.57425427e-01  3.10422786e-09  4.57425427e-01  1.56797944e-07  1.33814453e-07  1.26000000e+00 
 1.27000000e+00  4.57425427e-01  3.43339600e-09  4.57425427e-01  4.57425427e-01  4.57425427e-01  3.10422786e-09  4.57425427e-01  1.56797936e-07  1.33814396e-07  1.27000000e+00 
 1.28000000e+00  4.57425454e-01  3.43339600e-09  4.57425453e-01  4.57425454e-01  4.57425454e-01  3.10422786e-09  4.57425454e-01  1.56797972e-07  1.33814325e-07  1.28000000e+00 
 1.29000000e+00  4.57425431e-01  3.43339600e-09  4.57425431e-01  4.57425431e-01  4.57425431e-01  3.10422786e-09  4.57425431e-01  1.56797945e-07  1.33814055e-07  1.29000000e+00 
 1.30000000e+00  4.57425451e-01  3.43339600e-09  4.57425451e-01  4.57425451e-01  4.57425451e-01  3.10422786e-09  4.57425451e-01  1.56797971e-07  1.33814055e-07  1.30000000e+00 
 1.31000000e+00  4.57425448e-01  3.43339600e-09  4.57425448e-01  4.57425448e-01  4.57425448e-01  3.10422786e-09  4.57425448e-01  1.56797967e-07  1.33813757e-07  1.31000000e+00 
 1.32000000e+00  4.57425430e-01  3.43339600e-09  4.57425430e-01  4.57425430e-01  4.57425430e-01  3.10422786e-09  4.57425430e-01  1.56797930e-07  1.33813529e-07  1.32000000e+00 
 1.33000000e+00  4.57425449e-01  3.43339600e-09  4.57425449e-01  4.57425449e-01  4.57425449e-01  3.10422786e-09  4.57425449e-01  1.56797974e-07  1.33813458e-07  1.33000000e+00 
 1.34000000e+00  4.57425440e-01  3.43339600e-09  4.57425440e-01  4.57425440e-01  4.57425440e-01  3.10422780e-09  4.57425440e-01  1.56797943e-07  1.33813103e-07  1.34000000e+00 
 1.35000000e+00  4.57425444e-01  3.43339600e-09  4.57425444e-01  4.57425444e-01  4.57425444e-01  3.10422786e-09  4.57425444e-01  1.56797964e-07  1.33812989e-07  1.35000000e+00 
 1.36000000e+00  4.57425414e-01  3.43339600e-09  4.57425414e-01  4.57425414e-01  4.57425414e-01  3.10422786e-09  4.57425414e-01  1.56797925e-07  1.33812648e-07  1.36000000e+00 
 1.37000000e+00  4.57425443e-01  3.43339600e-09  4.57425443e-01  4.57425443e-01  4.57425443e-01  3.10422780e-09  4.57425443e-01  1.56797943e-07  1.33812478e-07  1.37000000e+00 
 1.38000000e+00  4.57425456e-01  3.43339600e-09  4.57425456e-01  4.57425456e-01  4.57425456e-01  3.10422786e-09  4.57425456e-01  1.56797973e-07  1.33812264e-07  1.38000000e+00 
 1.39000000e+00  4.57425445e-01  3.43339600e-09  4.57425445e-01  4.57425445e-01  4.57425445e-01  3.10422786e-09  4.57425445e-01  1.56797963e-07  1.33812065e-07  1.39000000e+00 
 1.40000000e+00  4.57425440e-01  3.43339600e-09  4.57425440e-01  4.57425440e-01  4.57425440e-01  3.10422786e-09  4.57425440e-01  1.56797947e-07  1.33811611e-07  1.40000000e+00 
 1.41000000e+00  4.57425454e-01  3.43339600e-09  4.57425454e-01  4.57425454e-01  4.57425454e-01  3.10422786e-09  4.57425454e-01  1.56797975e-07  1.33811440e-07  1.41000000e+00 
 1.42000000e+00  4.57425449e-01  3.43339600e-09  4.57425449e-01  4.57425449e-01  4.57425449e-01  3.10422780e-09  4.57425449e-01  1.56797962e-07  1.33811028e-07  1.42000000e+00 
 1.43000000e+00  4.57425436e-01  3.43339600e-09  4.57425436e-01  4.57425436e-01  4.57425436e-01  3.10422786e-09  4.57425436e-01  1.56797952e-07  1.33810630e-07  1.43000000e+00 
 1.44000000e+00  4.57425446e-01  3.43339600e-09  4.57425446e-01  4.57425446e-01  4.57425446e-01  3.10422786e-09  4.57425446e-01  1.56797950e-07  1.33810190e-07  1.44000000e+00 
 1.45000000e+00  4.57425424e-01  3.43339600e-09  4.57425424e-01  4.57425424e-01  4.57425424e-01  3.10422786e-09  4.57425424e-01  1.56797929e-07  1.33809493e-07  1.45000000e+00 
 1.46000000e+00  4.57425469e-01  3.43339605e-09  4.57425469e-01  4.57425469e-01  4.57425469e-01  3.10422780e-09  4.57425469e-01  1.56797992e-07  1.33809166e-07  1.46000000e+00 
 1.47000000e+00  4.57425427e-01  3.43339600e-09  4.57425427e-01  4.57425427e-01  4.57425427e-01  3.10422780e-09  4.57425427e-01  1.56797934e-07  1.33808200e-07  1.47000000e+00 
 1.48000000e+00  4.57425452e-01  3.43339600e-09  4.57425452e-01  4.57425452e-01  4.57425452e-01  3.10422780e-09  4.57425452e-01  1.56797974e-07  1.33807447e-07  1.48000000e+00 
 1.49000000e+00  4.57425438e-01  3.43339600e-09  4.57425437e-01  4.57425438e-01  4.57425438e-01  3.10422780e-09  4.57425438e-01  1.56797945e-07  1.33806395e-07  1.49000000e+00 
 1.50000000e+00  4.57425453e-01  3.43339600e-09  4.57425453e-01  4.57425453e-01  4.57425453e-01  3.10422786e-09  4.57425453e-01  1.56797961e-07  1.33805003e-07  1.50000000e+00 
 1.51000000e+00  4.57425436e-01  3.43339600e-09  4.57425436e-01  4.57425436e-01  4.57425436e-01  3.10422780e-09  4.57425436e-01  1.56797953e-07  1.33802970e-07  1.51000000e+00 
 1.52000000e+00  4.57425440e-01  3.43339600e-09  4.57425440e-01  4.57425440e-01  4.57425440e-01  3.10422786e-09  4.57425440e-01  1.56797957e-07  1.33800555e-07  1.52000000e+00 
 1.53000000e+00  4.57425461e-01  3.43339600e-09  4.57425461e-01  4.57425461e-01  4.57425461e-01  3.10422786e-09  4.57425461e-01  1.56797981e-07  1.33796917e-07  1.53000000e+00 
 1.54000000e+00  4.57425423e-01  3.43339600e-09  4.57425423e-01  4.57425423e-01  4.57425423e-01  3.10422786e-09  4.57425423e-01  1.56797935e-07  1.33791303e-07  1.54000000e+00 
 1.55000000e+00  4.57425445e-01  3.43339605e-09  4.57425445e-01  4.57425445e-01  4.57425445e-01  3.10422786e-09  4.57425445e-01  1.56797964e-07  1.33782933e-07  1.55000000e+00 
 1.56000000e+00  4.57425423e-01  3.43339600e-09  4.57425423e-01  4.57425423e-01  4.57425423e-01  3.10422786e-09  4.57425423e-01  1.56797931e-07  1.33768637e-07  1.56000000e+00 
 1.57000000e+00  4.57425433e-01  3.43339600e-09  4.57425433e-01  4.57425433e-01  4.57425433e-01  3.10422780e-09  4.57425433e-01  1.56797953e-07  1.33743711e-07  1.57000000e+00 
 1.58000000e+00  4.57425425e-01  3.43339600e-09  4.57425425e-01  4.57425425e-01  4.57425425e-01  3.10422780e-09  4.57425425e-01  1.56797931e-07  1.33697469e-07  1.58000000e+00 
 1.59000000e+00  4.57425442e-01  3.43339600e-09  4.57425442e-01  4.57425442e-01  4.57425442e-01  3.10422786e-09  4.57425442e-01  1.56797966e-07  1.33605980e-07  1.59000000e+00 
 1.60000000e+00  4.57425426e-01  3.43339600e-09  4.57425425e-01  4.57425425e-01  4.57425425e-01  3.10422786e-09  4.57425425e-01  1.56797936e-07  1.33403191e-07  1.60000000e+00 
 1.61000000e+00  4.57425421e-01  3.43339605e-09  4.57425421e-01  4.57425421e-01  4.57425421e-01  3.10422786e-09  4.57425421e-01  1.56797909e-07  1.32905370e-07  1.61000000e+00 
 1.62000000e+00  4.57425421e-01  3.43339600e-09  4.57425421e-01  4.57425421e-01  4.57425421e-01  3.10422780e-09  4.57425421e-01  1.56797915e-07  1.31808690e-07  1.62000000e+00 
 1.63000000e+00  4.57425451e-01  3.43339600e-09  4.57425451e-01  4.57425451e-01  4.57425451e-01  3.10422786e-09  4.57425451e-01  1.56797962e-07  1.25010089e-07  1.63000000e+00 
 1.64000000e+00  4.57425437e-01  3.43339605e-09  4.57425437e-01  4.57425437e-01  4.57425437e-01  3.10422786e-09  4.57425437e-01  1.56797950e-07  1.03755298e-07  1.64000000e+00 
 1.65000000e+00  4.57425428e-01  3.43339600e-09  4.57425428e-01  4.57425428e-01  4.57425428e-01  3.10422780e-09  4.57425428e-01  1.56797926e-07  8.51618012e-08  1.65000000e+00 
 1.66000000e+00  4.57425446e-01  3.43339600e-09  4.57425446e-01  4.57425446e-01  4.57425446e-01  3.10422786e-09  4.57425446e-01  1.56797967e-07  6.92292872e-08  1.66000000e+00 
 1.67000000e+00  4.57425424e-01  3.43339600e-09  4.57425423e-01  4.57425423e-01  4.57425423e-01  3.10422786e-09  4.57425424e-01  1.56797933e-07  5.57860034e-08  1.67000000e+00 
 1.68000000e+00  4.57425423e-01  3.43339600e-09  4.57425423e-01  4.57425423e-01  4.57425423e-01  3.10422780e-09  4.57425423e-01  1.56797925e-07  4.45742359e-08  1.68000000e+00 
 1.69000000e+00  4.57425435e-01  3.43339605e-09  4.57425434e-01  4.57425434e-01  4.57425434e-01  3.10422786e-09  4.57425434e-01  1.56797925e-07  3.52965941e-08  1.69000000e+00 
 1.70000000e+00  4.57425413e-01  3.43339600e-09  4.57425412e-01  4.57425412e-01  4.57425412e-01  3.10422786e-09  4.57425412e-01  1.56797919e-07  2.76629493e-08  1.70000000e+00 
 1.71000000e+00  4.57425449e-01  3.43339600e-09  4.57425449e-01  4.57425449e-01  4.57425449e-01  3.10422786e-09  4.57425449e-01  1.56797980e-07  2.14086811e-08  1.71000000e+00 
 1.72000000e+00  4.57425429e-01  3.43339605e-09  4.57425429e-01  4.57425429e-01  4.57425429e-01  3.10422786e-09  4.57425429e-01  1.56797933e-07  1.62992677e-08  1.72000000e+00 
 1.73000000e+00  4.57425428e-01  3.43339600e-09  4.57425428e-01  4.57425428e-01  4.57425428e-01  3.10422786e-09  4.57425428e-01  1.56797943e-07  1.21310535e-08  1.73000000e+00 
 1.74000000e+00  4.57425444e-01  3.43339600e-09  4.57425444e-01  4.57425444e-01  4.57425444e-01  3.10422786e-09  4.57425444e-01  1.56797954e-07  8.72843486e-09  1.74000000e+00 
 1.75000000e+00  4.57425422e-01  3.43339600e-09  4.57425422e-01  4.57425422e-01  4.57425422e-01  3.10422780e-09  4.57425422e-01  1.56797910e-07  5.93838934e-09  1.75000000e+00 
 1.76000000e+00  4.57425450e-01  3.43339600e-09  4.57425450e-01  4.57425450e-01  4.57425450e-01  3.10422786e-09  4.57425450e-01  1.56797974e-07  3.63053232e-09  1.76000000e+00 
 1.77000000e+00  4.57425443e-01  3.43339600e-09  4.57425443e-01  4.57425443e-01  4.57425443e-01  3.10422786e-09  4.57425443e-01  1.56797944e-07  1.70199144e-09  1.77000000e+00 
 1.78000000e+00  4.57425459e-01  3.43339600e-09  4.57425458e-01  4.57425458e-01  4.57425458e-01  3.10422786e-09  4.57425459e-01  1.56797981e-07  9.02531383e-11  1.78000000e+00 
 1.79000000e+00  4.57425448e-01  3.43339600e-09  4.57425447e-01  4.57425448e-01  4.57425448e-01  3.10422786e-09  4.57425448e-01  1.56797967e-07 -1.22436461e-09  1.79000000e+00 
 1.80000000e+00  4.57425454e-01  3.43339600e-09  4.57425454e-01  4.57425454e-01  4.57425454e-01  3.10422786e-09  4.57425454e-01  1.56797970e-07 -2.24102337e-09  1.80000000e+00 
