 v-sweep         v(b0)           v(b1)           v(b2)           v(b3)           v(b4)           v(b5)           v(b6)           i(vbias)        i(viout)        v(vout)        
 0.00000000e+00  3.29634932e-09  3.36972724e-09  4.58781535e-01  3.43563856e-09  3.40977394e-09  4.58781535e-01  3.33505189e-09  1.58587843e-07  5.58032191e-08  0.00000000e+00 
 1.00000000e-02  3.29634935e-09  3.36972727e-09  4.58781537e-01  3.43563858e-09  3.40977403e-09  4.58781538e-01  3.33505187e-09  1.58587854e-07  5.58027566e-08  1.00000000e-02 
 2.00000000e-02  3.29634935e-09  3.36972727e-09  4.58781546e-01  3.43563858e-09  3.40977403e-09  4.58781546e-01  3.33505187e-09  1.58587845e-07  5.58023652e-08  2.00000000e-02 
 3.00000000e-02  3.29634935e-09  3.36972727e-09  4.58781542e-01  3.43563858e-09  3.40977403e-09  4.58781542e-01  3.33505187e-09  1.58587857e-07  5.58019730e-08  3.00000000e-02 
 4.00000000e-02  3.29634935e-09  3.36972727e-09  4.58781532e-01  3.43563858e-09  3.40977403e-09  4.58781532e-01  3.33505187e-09  1.58587844e-07  5.58016331e-08  4.00000000e-02 
 5.00000000e-02  3.29634935e-09  3.36972727e-09  4.58781551e-01  3.43563858e-09  3.40977397e-09  4.58781551e-01  3.33505187e-09  1.58587869e-07  5.58013022e-08  5.00000000e-02 
 6.00000000e-02  3.29634935e-09  3.36972727e-09  4.58781521e-01  3.43563858e-09  3.40977397e-09  4.58781521e-01  3.33505187e-09  1.58587806e-07  5.58009821e-08  6.00000000e-02 
 7.00000000e-02  3.29634935e-09  3.36972727e-09  4.58781545e-01  3.43563853e-09  3.40977403e-09  4.58781545e-01  3.33505187e-09  1.58587855e-07  5.58006854e-08  7.00000000e-02 
 8.00000000e-02  3.29634935e-09  3.36972727e-09  4.58781549e-01  3.43563858e-09  3.40977397e-09  4.58781550e-01  3.33505187e-09  1.58587852e-07  5.58005073e-08  8.00000000e-02 
 9.00000000e-02  3.29634935e-09  3.36972727e-09  4.58781556e-01  3.43563853e-09  3.40977403e-09  4.58781556e-01  3.33505187e-09  1.58587869e-07  5.58000623e-08  9.00000000e-02 
 1.00000000e-01  3.29634935e-09  3.36972733e-09  4.58781518e-01  3.43563852e-09  3.40977403e-09  4.58781518e-01  3.33505187e-09  1.58587808e-07  5.57998154e-08  1.00000000e-01 
 1.10000000e-01  3.29634935e-09  3.36972727e-09  4.58781552e-01  3.43563853e-09  3.40977403e-09  4.58781552e-01  3.33505187e-09  1.58587862e-07  5.57996316e-08  1.10000000e-01 
 1.20000000e-01  3.29634935e-09  3.36972727e-09  4.58781543e-01  3.43563853e-09  3.40977403e-09  4.58781543e-01  3.33505187e-09  1.58587841e-07  5.57995046e-08  1.20000000e-01 
 1.30000000e-01  3.29634929e-09  3.36972727e-09  4.58781523e-01  3.43563858e-09  3.40977397e-09  4.58781523e-01  3.33505187e-09  1.58587844e-07  5.57992017e-08  1.30000000e-01 
 1.40000000e-01  3.29634935e-09  3.36972727e-09  4.58781548e-01  3.43563853e-09  3.40977397e-09  4.58781548e-01  3.33505187e-09  1.58587854e-07  5.57988509e-08  1.40000000e-01 
 1.50000000e-01  3.29634935e-09  3.36972727e-09  4.58781535e-01  3.43563852e-09  3.40977403e-09  4.58781535e-01  3.33505187e-09  1.58587836e-07  5.57987434e-08  1.50000000e-01 
 1.60000000e-01  3.29634935e-09  3.36972727e-09  4.58781534e-01  3.43563858e-09  3.40977397e-09  4.58781534e-01  3.33505187e-09  1.58587854e-07  5.57985427e-08  1.60000000e-01 
 1.70000000e-01  3.29634935e-09  3.36972727e-09  4.58781550e-01  3.43563858e-09  3.40977403e-09  4.58781550e-01  3.33505187e-09  1.58587867e-07  5.57983686e-08  1.70000000e-01 
 1.80000000e-01  3.29634935e-09  3.36972727e-09  4.58781507e-01  3.43563852e-09  3.40977403e-09  4.58781507e-01  3.33505186e-09  1.58587783e-07  5.57981732e-08  1.80000000e-01 
 1.90000000e-01  3.29634935e-09  3.36972727e-09  4.58781546e-01  3.43563853e-09  3.40977397e-09  4.58781546e-01  3.33505187e-09  1.58587853e-07  5.57979600e-08  1.90000000e-01 
 2.00000000e-01  3.29634935e-09  3.36972727e-09  4.58781540e-01  3.43563858e-09  3.40977403e-09  4.58781540e-01  3.33505187e-09  1.58587840e-07  5.57978090e-08  2.00000000e-01 
 2.10000000e-01  3.29634935e-09  3.36972727e-09  4.58781539e-01  3.43563858e-09  3.40977403e-09  4.58781539e-01  3.33505187e-09  1.58587839e-07  5.57977753e-08  2.10000000e-01 
 2.20000000e-01  3.29634935e-09  3.36972727e-09  4.58781520e-01  3.43563852e-09  3.40977397e-09  4.58781521e-01  3.33505187e-09  1.58587816e-07  5.57974129e-08  2.20000000e-01 
 2.30000000e-01  3.29634935e-09  3.36972727e-09  4.58781571e-01  3.43563853e-09  3.40977397e-09  4.58781571e-01  3.33505187e-09  1.58587899e-07  5.57974538e-08  2.30000000e-01 
 2.40000000e-01  3.29634935e-09  3.36972727e-09  4.58781528e-01  3.43563858e-09  3.40977397e-09  4.58781528e-01  3.33505187e-09  1.58587826e-07  5.57972850e-08  2.40000000e-01 
 2.50000000e-01  3.29634935e-09  3.36972727e-09  4.58781561e-01  3.43563853e-09  3.40977397e-09  4.58781561e-01  3.33505187e-09  1.58587874e-07  5.57971322e-08  2.50000000e-01 
 2.60000000e-01  3.29634935e-09  3.36972727e-09  4.58781539e-01  3.43563858e-09  3.40977397e-09  4.58781539e-01  3.33505192e-09  1.58587839e-07  5.57969795e-08  2.60000000e-01 
 2.70000000e-01  3.29634935e-09  3.36972727e-09  4.58781572e-01  3.43563853e-09  3.40977397e-09  4.58781572e-01  3.33505186e-09  1.58587902e-07  5.57968800e-08  2.70000000e-01 
 2.80000000e-01  3.29634935e-09  3.36972727e-09  4.58781526e-01  3.43563852e-09  3.40977397e-09  4.58781526e-01  3.33505187e-09  1.58587819e-07  5.57966349e-08  2.80000000e-01 
 2.90000000e-01  3.29634935e-09  3.36972727e-09  4.58781540e-01  3.43563858e-09  3.40977397e-09  4.58781540e-01  3.33505187e-09  1.58587849e-07  5.57967006e-08  2.90000000e-01 
 3.00000000e-01  3.29634935e-09  3.36972727e-09  4.58781521e-01  3.43563852e-09  3.40977397e-09  4.58781521e-01  3.33505187e-09  1.58587827e-07  5.57964732e-08  3.00000000e-01 
 3.10000000e-01  3.29634935e-09  3.36972727e-09  4.58781557e-01  3.43563858e-09  3.40977397e-09  4.58781557e-01  3.33505187e-09  1.58587873e-07  5.57964519e-08  3.10000000e-01 
 3.20000000e-01  3.29634935e-09  3.36972727e-09  4.58781549e-01  3.43563853e-09  3.40977397e-09  4.58781549e-01  3.33505187e-09  1.58587852e-07  5.57963915e-08  3.20000000e-01 
 3.30000000e-01  3.29634935e-09  3.36972727e-09  4.58781543e-01  3.43563858e-09  3.40977397e-09  4.58781543e-01  3.33505187e-09  1.58587844e-07  5.57962636e-08  3.30000000e-01 
 3.40000000e-01  3.29634935e-09  3.36972727e-09  4.58781537e-01  3.43563858e-09  3.40977397e-09  4.58781537e-01  3.33505187e-09  1.58587840e-07  5.57962139e-08  3.40000000e-01 
 3.50000000e-01  3.29634935e-09  3.36972727e-09  4.58781538e-01  3.43563852e-09  3.40977397e-09  4.58781538e-01  3.33505187e-09  1.58587846e-07  5.57960078e-08  3.50000000e-01 
 3.60000000e-01  3.29634935e-09  3.36972727e-09  4.58781535e-01  3.43563852e-09  3.40977397e-09  4.58781535e-01  3.33505187e-09  1.58587832e-07  5.57959616e-08  3.60000000e-01 
 3.70000000e-01  3.29634935e-09  3.36972727e-09  4.58781560e-01  3.43563853e-09  3.40977397e-09  4.58781560e-01  3.33505187e-09  1.58587903e-07  5.57958622e-08  3.70000000e-01 
 3.80000000e-01  3.29634935e-09  3.36972727e-09  4.58781532e-01  3.43563858e-09  3.40977397e-09  4.58781532e-01  3.33505187e-09  1.58587831e-07  5.57957485e-08  3.80000000e-01 
 3.90000000e-01  3.29634935e-09  3.36972721e-09  4.58781541e-01  3.43563853e-09  3.40977397e-09  4.58781541e-01  3.33505187e-09  1.58587853e-07  5.57956774e-08  3.90000000e-01 
 4.00000000e-01  3.29634935e-09  3.36972728e-09  4.58781540e-01  3.43563858e-09  3.40977403e-09  4.58781540e-01  3.33505187e-09  1.58587840e-07  5.57955815e-08  4.00000000e-01 
 4.10000000e-01  3.29634935e-09  3.36972726e-09  4.58781530e-01  3.43563852e-09  3.40977397e-09  4.58781530e-01  3.33505187e-09  1.58587823e-07  5.57955637e-08  4.10000000e-01 
 4.20000000e-01  3.29634935e-09  3.36972727e-09  4.58781547e-01  3.43563853e-09  3.40977397e-09  4.58781547e-01  3.33505187e-09  1.58587873e-07  5.57954856e-08  4.20000000e-01 
 4.30000000e-01  3.29634935e-09  3.36972727e-09  4.58781552e-01  3.43563853e-09  3.40977403e-09  4.58781552e-01  3.33505187e-09  1.58587865e-07  5.57952937e-08  4.30000000e-01 
 4.40000000e-01  3.29634935e-09  3.36972727e-09  4.58781520e-01  3.43563858e-09  3.40977397e-09  4.58781520e-01  3.33505187e-09  1.58587808e-07  5.57953399e-08  4.40000000e-01 
 4.50000000e-01  3.29634935e-09  3.36972727e-09  4.58781564e-01  3.43563853e-09  3.40977403e-09  4.58781564e-01  3.33505187e-09  1.58587900e-07  5.57953079e-08  4.50000000e-01 
 4.60000000e-01  3.29634935e-09  3.36972727e-09  4.58781531e-01  3.43563852e-09  3.40977397e-09  4.58781532e-01  3.33505187e-09  1.58587838e-07  5.57952227e-08  4.60000000e-01 
 4.70000000e-01  3.29634935e-09  3.36972727e-09  4.58781547e-01  3.43563858e-09  3.40977403e-09  4.58781547e-01  3.33505187e-09  1.58587863e-07  5.57950770e-08  4.70000000e-01 
 4.80000000e-01  3.29634935e-09  3.36972727e-09  4.58781516e-01  3.43563858e-09  3.40977397e-09  4.58781516e-01  3.33505187e-09  1.58587802e-07  5.57949242e-08  4.80000000e-01 
 4.90000000e-01  3.29634935e-09  3.36972727e-09  4.58781544e-01  3.43563853e-09  3.40977397e-09  4.58781544e-01  3.33505187e-09  1.58587844e-07  5.57949562e-08  4.90000000e-01 
 5.00000000e-01  3.29634935e-09  3.36972727e-09  4.58781513e-01  3.43563852e-09  3.40977397e-09  4.58781513e-01  3.33505186e-09  1.58587802e-07  5.57947679e-08  5.00000000e-01 
 5.10000000e-01  3.29634935e-09  3.36972727e-09  4.58781523e-01  3.43563858e-09  3.40977403e-09  4.58781523e-01  3.33505187e-09  1.58587823e-07  5.57947750e-08  5.10000000e-01 
 5.20000000e-01  3.29634935e-09  3.36972727e-09  4.58781539e-01  3.43563858e-09  3.40977397e-09  4.58781539e-01  3.33505187e-09  1.58587839e-07  5.57947821e-08  5.20000000e-01 
 5.30000000e-01  3.29634935e-09  3.36972727e-09  4.58781550e-01  3.43563858e-09  3.40977403e-09  4.58781550e-01  3.33505187e-09  1.58587866e-07  5.57947288e-08  5.30000000e-01 
 5.40000000e-01  3.29634935e-09  3.36972727e-09  4.58781519e-01  3.43563852e-09  3.40977397e-09  4.58781519e-01  3.33505187e-09  1.58587809e-07  5.57946187e-08  5.40000000e-01 
 5.50000000e-01  3.29634935e-09  3.36972727e-09  4.58781547e-01  3.43563858e-09  3.40977397e-09  4.58781547e-01  3.33505187e-09  1.58587862e-07  5.57945512e-08  5.50000000e-01 
 5.60000000e-01  3.29634935e-09  3.36972727e-09  4.58781522e-01  3.43563852e-09  3.40977397e-09  4.58781522e-01  3.33505187e-09  1.58587813e-07  5.57944624e-08  5.60000000e-01 
 5.70000000e-01  3.29634935e-09  3.36972727e-09  4.58781536e-01  3.43563858e-09  3.40977397e-09  4.58781536e-01  3.33505187e-09  1.58587845e-07  5.57943913e-08  5.70000000e-01 
 5.80000000e-01  3.29634935e-09  3.36972727e-09  4.58781529e-01  3.43563858e-09  3.40977397e-09  4.58781529e-01  3.33505187e-09  1.58587832e-07  5.57943878e-08  5.80000000e-01 
 5.90000000e-01  3.29634935e-09  3.36972727e-09  4.58781556e-01  3.43563853e-09  3.40977397e-09  4.58781556e-01  3.33505187e-09  1.58587884e-07  5.57944446e-08  5.90000000e-01 
 6.00000000e-01  3.29634935e-09  3.36972727e-09  4.58781539e-01  3.43563853e-09  3.40977397e-09  4.58781539e-01  3.33505187e-09  1.58587840e-07  5.57943025e-08  6.00000000e-01 
 6.10000000e-01  3.29634929e-09  3.36972727e-09  4.58781551e-01  3.43563853e-09  3.40977397e-09  4.58781551e-01  3.33505187e-09  1.58587879e-07  5.57942599e-08  6.10000000e-01 
 6.20000000e-01  3.29634935e-09  3.36972727e-09  4.58781539e-01  3.43563853e-09  3.40977397e-09  4.58781539e-01  3.33505187e-09  1.58587859e-07  5.57940893e-08  6.20000000e-01 
 6.30000000e-01  3.29634935e-09  3.36972727e-09  4.58781534e-01  3.43563852e-09  3.40977397e-09  4.58781534e-01  3.33505187e-09  1.58587843e-07  5.57940680e-08  6.30000000e-01 
 6.40000000e-01  3.29634935e-09  3.36972727e-09  4.58781543e-01  3.43563858e-09  3.40977397e-09  4.58781543e-01  3.33505187e-09  1.58587852e-07  5.57941320e-08  6.40000000e-01 
 6.50000000e-01  3.29634935e-09  3.36972727e-09  4.58781558e-01  3.43563853e-09  3.40977403e-09  4.58781558e-01  3.33505187e-09  1.58587883e-07  5.57939686e-08  6.50000000e-01 
 6.60000000e-01  3.29634935e-09  3.36972727e-09  4.58781531e-01  3.43563858e-09  3.40977397e-09  4.58781531e-01  3.33505187e-09  1.58587826e-07  5.57939543e-08  6.60000000e-01 
 6.70000000e-01  3.29634935e-09  3.36972727e-09  4.58781540e-01  3.43563858e-09  3.40977397e-09  4.58781540e-01  3.33505187e-09  1.58587856e-07  5.57938691e-08  6.70000000e-01 
 6.80000000e-01  3.29634935e-09  3.36972727e-09  4.58781530e-01  3.43563852e-09  3.40977397e-09  4.58781530e-01  3.33505187e-09  1.58587828e-07  5.57937909e-08  6.80000000e-01 
 6.90000000e-01  3.29634935e-09  3.36972727e-09  4.58781555e-01  3.43563858e-09  3.40977403e-09  4.58781555e-01  3.33505187e-09  1.58587886e-07  5.57938051e-08  6.90000000e-01 
 7.00000000e-01  3.29634935e-09  3.36972727e-09  4.58781545e-01  3.43563853e-09  3.40977403e-09  4.58781545e-01  3.33505187e-09  1.58587855e-07  5.57935920e-08  7.00000000e-01 
 7.10000000e-01  3.29634935e-09  3.36972727e-09  4.58781527e-01  3.43563858e-09  3.40977397e-09  4.58781527e-01  3.33505187e-09  1.58587833e-07  5.57935564e-08  7.10000000e-01 
 7.20000000e-01  3.29634935e-09  3.36972727e-09  4.58781532e-01  3.43563858e-09  3.40977397e-09  4.58781532e-01  3.33505187e-09  1.58587840e-07  5.57935138e-08  7.20000000e-01 
 7.30000000e-01  3.29634935e-09  3.36972727e-09  4.58781538e-01  3.43563858e-09  3.40977403e-09  4.58781538e-01  3.33505187e-09  1.58587854e-07  5.57935209e-08  7.30000000e-01 
 7.40000000e-01  3.29634935e-09  3.36972727e-09  4.58781545e-01  3.43563858e-09  3.40977403e-09  4.58781545e-01  3.33505187e-09  1.58587860e-07  5.57934285e-08  7.40000000e-01 
 7.50000000e-01  3.29634935e-09  3.36972727e-09  4.58781544e-01  3.43563858e-09  3.40977403e-09  4.58781544e-01  3.33505187e-09  1.58587841e-07  5.57933717e-08  7.50000000e-01 
 7.60000000e-01  3.29634935e-09  3.36972727e-09  4.58781545e-01  3.43563853e-09  3.40977397e-09  4.58781545e-01  3.33505187e-09  1.58587861e-07  5.57933078e-08  7.60000000e-01 
 7.70000000e-01  3.29634929e-09  3.36972727e-09  4.58781513e-01  3.43563858e-09  3.40977397e-09  4.58781513e-01  3.33505186e-09  1.58587800e-07  5.57931799e-08  7.70000000e-01 
 7.80000000e-01  3.29634935e-09  3.36972727e-09  4.58781532e-01  3.43563858e-09  3.40977403e-09  4.58781532e-01  3.33505187e-09  1.58587835e-07  5.57931941e-08  7.80000000e-01 
 7.90000000e-01  3.29634935e-09  3.36972727e-09  4.58781531e-01  3.43563852e-09  3.40977397e-09  4.58781531e-01  3.33505187e-09  1.58587825e-07  5.57930093e-08  7.90000000e-01 
 8.00000000e-01  3.29634935e-09  3.36972727e-09  4.58781528e-01  3.43563852e-09  3.40977397e-09  4.58781528e-01  3.33505187e-09  1.58587846e-07  5.57930093e-08  8.00000000e-01 
 8.10000000e-01  3.29634929e-09  3.36972727e-09  4.58781547e-01  3.43563858e-09  3.40977397e-09  4.58781547e-01  3.33505187e-09  1.58587853e-07  5.57930377e-08  8.10000000e-01 
 8.20000000e-01  3.29634935e-09  3.36972727e-09  4.58781516e-01  3.43563858e-09  3.40977403e-09  4.58781516e-01  3.33505187e-09  1.58587810e-07  5.57928530e-08  8.20000000e-01 
 8.30000000e-01  3.29634935e-09  3.36972727e-09  4.58781540e-01  3.43563858e-09  3.40977397e-09  4.58781540e-01  3.33505187e-09  1.58587858e-07  5.57928104e-08  8.30000000e-01 
 8.40000000e-01  3.29634935e-09  3.36972727e-09  4.58781533e-01  3.43563852e-09  3.40977397e-09  4.58781533e-01  3.33505187e-09  1.58587836e-07  5.57928033e-08  8.40000000e-01 
 8.50000000e-01  3.29634935e-09  3.36972727e-09  4.58781548e-01  3.43563853e-09  3.40977403e-09  4.58781548e-01  3.33505187e-09  1.58587859e-07  5.57927677e-08  8.50000000e-01 
 8.60000000e-01  3.29634935e-09  3.36972727e-09  4.58781531e-01  3.43563858e-09  3.40977397e-09  4.58781531e-01  3.33505187e-09  1.58587834e-07  5.57927606e-08  8.60000000e-01 
 8.70000000e-01  3.29634929e-09  3.36972727e-09  4.58781542e-01  3.43563853e-09  3.40977397e-09  4.58781542e-01  3.33505187e-09  1.58587854e-07  5.57925688e-08  8.70000000e-01 
 8.80000000e-01  3.29634935e-09  3.36972727e-09  4.58781529e-01  3.43563852e-09  3.40977403e-09  4.58781529e-01  3.33505187e-09  1.58587827e-07  5.57924622e-08  8.80000000e-01 
 8.90000000e-01  3.29634935e-09  3.36972727e-09  4.58781533e-01  3.43563852e-09  3.40977397e-09  4.58781533e-01  3.33505187e-09  1.58587850e-07  5.57925190e-08  8.90000000e-01 
 9.00000000e-01  3.29634935e-09  3.36972727e-09  4.58781552e-01  3.43563853e-09  3.40977403e-09  4.58781552e-01  3.33505187e-09  1.58587881e-07  5.57924764e-08  9.00000000e-01 
 9.10000000e-01  3.29634935e-09  3.36972727e-09  4.58781531e-01  3.43563858e-09  3.40977397e-09  4.58781531e-01  3.33505187e-09  1.58587826e-07  5.57922704e-08  9.10000000e-01 
 9.20000000e-01  3.29634935e-09  3.36972727e-09  4.58781541e-01  3.43563858e-09  3.40977397e-09  4.58781541e-01  3.33505187e-09  1.58587856e-07  5.57923698e-08  9.20000000e-01 
 9.30000000e-01  3.29634935e-09  3.36972727e-09  4.58781529e-01  3.43563852e-09  3.40977403e-09  4.58781529e-01  3.33505187e-09  1.58587826e-07  5.57922277e-08  9.30000000e-01 
 9.40000000e-01  3.29634935e-09  3.36972727e-09  4.58781572e-01  3.43563858e-09  3.40977397e-09  4.58781572e-01  3.33505187e-09  1.58587902e-07  5.57921354e-08  9.40000000e-01 
 9.50000000e-01  3.29634929e-09  3.36972727e-09  4.58781548e-01  3.43563853e-09  3.40977403e-09  4.58781548e-01  3.33505187e-09  1.58587865e-07  5.57921283e-08  9.50000000e-01 
 9.60000000e-01  3.29634935e-09  3.36972727e-09  4.58781554e-01  3.43563853e-09  3.40977397e-09  4.58781554e-01  3.33505187e-09  1.58587876e-07  5.57920430e-08  9.60000000e-01 
 9.70000000e-01  3.29634935e-09  3.36972727e-09  4.58781544e-01  3.43563858e-09  3.40977397e-09  4.58781544e-01  3.33505187e-09  1.58587857e-07  5.57919080e-08  9.70000000e-01 
 9.80000000e-01  3.29634935e-09  3.36972727e-09  4.58781542e-01  3.43563853e-09  3.40977397e-09  4.58781543e-01  3.33505187e-09  1.58587854e-07  5.57918796e-08  9.80000000e-01 
 9.90000000e-01  3.29634929e-09  3.36972727e-09  4.58781557e-01  3.43563853e-09  3.40977397e-09  4.58781557e-01  3.33505187e-09  1.58587875e-07  5.57919009e-08  9.90000000e-01 
 1.00000000e+00  3.29634935e-09  3.36972727e-09  4.58781532e-01  3.43563852e-09  3.40977397e-09  4.58781532e-01  3.33505187e-09  1.58587838e-07  5.57917303e-08  1.00000000e+00 
 1.01000000e+00  3.29634935e-09  3.36972727e-09  4.58781549e-01  3.43563858e-09  3.40977403e-09  4.58781549e-01  3.33505187e-09  1.58587863e-07  5.57918014e-08  1.01000000e+00 
 1.02000000e+00  3.29634935e-09  3.36972727e-09  4.58781556e-01  3.43563853e-09  3.40977397e-09  4.58781556e-01  3.33505187e-09  1.58587868e-07  5.57917232e-08  1.02000000e+00 
 1.03000000e+00  3.29634935e-09  3.36972727e-09  4.58781527e-01  3.43563852e-09  3.40977403e-09  4.58781527e-01  3.33505187e-09  1.58587831e-07  5.57914603e-08  1.03000000e+00 
 1.04000000e+00  3.29634935e-09  3.36972727e-09  4.58781555e-01  3.43563858e-09  3.40977403e-09  4.58781555e-01  3.33505187e-09  1.58587870e-07  5.57915172e-08  1.04000000e+00 
 1.05000000e+00  3.29634935e-09  3.36972727e-09  4.58781536e-01  3.43563852e-09  3.40977397e-09  4.58781536e-01  3.33505187e-09  1.58587831e-07  5.57913253e-08  1.05000000e+00 
 1.06000000e+00  3.29634935e-09  3.36972727e-09  4.58781553e-01  3.43563858e-09  3.40977397e-09  4.58781553e-01  3.33505187e-09  1.58587868e-07  5.57913822e-08  1.06000000e+00 
 1.07000000e+00  3.29634929e-09  3.36972727e-09  4.58781521e-01  3.43563858e-09  3.40977397e-09  4.58781521e-01  3.33505187e-09  1.58587813e-07  5.57913324e-08  1.07000000e+00 
 1.08000000e+00  3.29634935e-09  3.36972727e-09  4.58781551e-01  3.43563858e-09  3.40977397e-09  4.58781551e-01  3.33505187e-09  1.58587865e-07  5.57912827e-08  1.08000000e+00 
 1.09000000e+00  3.29634935e-09  3.36972727e-09  4.58781529e-01  3.43563858e-09  3.40977397e-09  4.58781529e-01  3.33505187e-09  1.58587837e-07  5.57911761e-08  1.09000000e+00 
 1.10000000e+00  3.29634935e-09  3.36972727e-09  4.58781542e-01  3.43563858e-09  3.40977397e-09  4.58781542e-01  3.33505187e-09  1.58587852e-07  5.57911903e-08  1.10000000e+00 
 1.11000000e+00  3.29634935e-09  3.36972727e-09  4.58781546e-01  3.43563853e-09  3.40977397e-09  4.58781546e-01  3.33505187e-09  1.58587867e-07  5.57910624e-08  1.11000000e+00 
 1.12000000e+00  3.29634935e-09  3.36972727e-09  4.58781520e-01  3.43563858e-09  3.40977397e-09  4.58781520e-01  3.33505187e-09  1.58587804e-07  5.57908351e-08  1.12000000e+00 
 1.13000000e+00  3.29634935e-09  3.36972727e-09  4.58781516e-01  3.43563858e-09  3.40977397e-09  4.58781516e-01  3.33505187e-09  1.58587799e-07  5.57907569e-08  1.13000000e+00 
 1.14000000e+00  3.29634935e-09  3.36972727e-09  4.58781543e-01  3.43563858e-09  3.40977403e-09  4.58781543e-01  3.33505187e-09  1.58587857e-07  5.57908848e-08  1.14000000e+00 
 1.15000000e+00  3.29634935e-09  3.36972727e-09  4.58781535e-01  3.43563858e-09  3.40977397e-09  4.58781535e-01  3.33505187e-09  1.58587846e-07  5.57907214e-08  1.15000000e+00 
 1.16000000e+00  3.29634935e-09  3.36972727e-09  4.58781552e-01  3.43563858e-09  3.40977403e-09  4.58781552e-01  3.33505187e-09  1.58587862e-07  5.57907214e-08  1.16000000e+00 
 1.17000000e+00  3.29634935e-09  3.36972727e-09  4.58781534e-01  3.43563858e-09  3.40977397e-09  4.58781534e-01  3.33505187e-09  1.58587834e-07  5.57904372e-08  1.17000000e+00 
 1.18000000e+00  3.29634935e-09  3.36972727e-09  4.58781540e-01  3.43563853e-09  3.40977397e-09  4.58781540e-01  3.33505187e-09  1.58587846e-07  5.57904372e-08  1.18000000e+00 
 1.19000000e+00  3.29634935e-09  3.36972727e-09  4.58781554e-01  3.43563853e-09  3.40977397e-09  4.58781554e-01  3.33505187e-09  1.58587869e-07  5.57905082e-08  1.19000000e+00 
 1.20000000e+00  3.29634935e-09  3.36972727e-09  4.58781550e-01  3.43563858e-09  3.40977397e-09  4.58781550e-01  3.33505187e-09  1.58587856e-07  5.57903093e-08  1.20000000e+00 
 1.21000000e+00  3.29634935e-09  3.36972727e-09  4.58781548e-01  3.43563853e-09  3.40977403e-09  4.58781548e-01  3.33505187e-09  1.58587851e-07  5.57902808e-08  1.21000000e+00 
 1.22000000e+00  3.29634935e-09  3.36972727e-09  4.58781521e-01  3.43563852e-09  3.40977397e-09  4.58781521e-01  3.33505187e-09  1.58587823e-07  5.57901387e-08  1.22000000e+00 
 1.23000000e+00  3.29634935e-09  3.36972727e-09  4.58781550e-01  3.43563858e-09  3.40977397e-09  4.58781550e-01  3.33505187e-09  1.58587861e-07  5.57901814e-08  1.23000000e+00 
 1.24000000e+00  3.29634935e-09  3.36972727e-09  4.58781539e-01  3.43563853e-09  3.40977397e-09  4.58781539e-01  3.33505187e-09  1.58587839e-07  5.57900961e-08  1.24000000e+00 
 1.25000000e+00  3.29634935e-09  3.36972727e-09  4.58781522e-01  3.43563852e-09  3.40977403e-09  4.58781522e-01  3.33505187e-09  1.58587830e-07  5.57899398e-08  1.25000000e+00 
 1.26000000e+00  3.29634935e-09  3.36972727e-09  4.58781518e-01  3.43563852e-09  3.40977403e-09  4.58781518e-01  3.33505187e-09  1.58587816e-07  5.57898687e-08  1.26000000e+00 
 1.27000000e+00  3.29634935e-09  3.36972727e-09  4.58781560e-01  3.43563858e-09  3.40977397e-09  4.58781560e-01  3.33505181e-09  1.58587893e-07  5.57899256e-08  1.27000000e+00 
 1.28000000e+00  3.29634935e-09  3.36972727e-09  4.58781553e-01  3.43563853e-09  3.40977403e-09  4.58781554e-01  3.33505187e-09  1.58587867e-07  5.57897266e-08  1.28000000e+00 
 1.29000000e+00  3.29634935e-09  3.36972727e-09  4.58781536e-01  3.43563858e-09  3.40977397e-09  4.58781536e-01  3.33505192e-09  1.58587839e-07  5.57896698e-08  1.29000000e+00 
 1.30000000e+00  3.29634929e-09  3.36972727e-09  4.58781565e-01  3.43563853e-09  3.40977403e-09  4.58781565e-01  3.33505191e-09  1.58587900e-07  5.57895845e-08  1.30000000e+00 
 1.31000000e+00  3.29634935e-09  3.36972727e-09  4.58781532e-01  3.43563852e-09  3.40977397e-09  4.58781532e-01  3.33505187e-09  1.58587834e-07  5.57893713e-08  1.31000000e+00 
 1.32000000e+00  3.29634935e-09  3.36972727e-09  4.58781552e-01  3.43563853e-09  3.40977397e-09  4.58781552e-01  3.33505187e-09  1.58587867e-07  5.57893856e-08  1.32000000e+00 
 1.33000000e+00  3.29634935e-09  3.36972727e-09  4.58781540e-01  3.43563853e-09  3.40977403e-09  4.58781540e-01  3.33505187e-09  1.58587849e-07  5.57893856e-08  1.33000000e+00 
 1.34000000e+00  3.29634935e-09  3.36972727e-09  4.58781536e-01  3.43563858e-09  3.40977397e-09  4.58781536e-01  3.33505187e-09  1.58587835e-07  5.57891582e-08  1.34000000e+00 
 1.35000000e+00  3.29634935e-09  3.36972727e-09  4.58781533e-01  3.43563858e-09  3.40977397e-09  4.58781533e-01  3.33505187e-09  1.58587834e-07  5.57890729e-08  1.35000000e+00 
 1.36000000e+00  3.29634935e-09  3.36972727e-09  4.58781533e-01  3.43563858e-09  3.40977403e-09  4.58781533e-01  3.33505187e-09  1.58587843e-07  5.57890871e-08  1.36000000e+00 
 1.37000000e+00  3.29634935e-09  3.36972727e-09  4.58781545e-01  3.43563853e-09  3.40977397e-09  4.58781545e-01  3.33505187e-09  1.58587858e-07  5.57890019e-08  1.37000000e+00 
 1.38000000e+00  3.29634935e-09  3.36972727e-09  4.58781541e-01  3.43563853e-09  3.40977397e-09  4.58781541e-01  3.33505187e-09  1.58587843e-07  5.57888740e-08  1.38000000e+00 
 1.39000000e+00  3.29634935e-09  3.36972727e-09  4.58781522e-01  3.43563852e-09  3.40977397e-09  4.58781522e-01  3.33505181e-09  1.58587822e-07  5.57886608e-08  1.39000000e+00 
 1.40000000e+00  3.29634935e-09  3.36972727e-09  4.58781552e-01  3.43563858e-09  3.40977397e-09  4.58781552e-01  3.33505187e-09  1.58587872e-07  5.57886182e-08  1.40000000e+00 
 1.41000000e+00  3.29634935e-09  3.36972727e-09  4.58781538e-01  3.43563858e-09  3.40977397e-09  4.58781538e-01  3.33505187e-09  1.58587846e-07  5.57885471e-08  1.41000000e+00 
 1.42000000e+00  3.29634935e-09  3.36972727e-09  4.58781529e-01  3.43563858e-09  3.40977403e-09  4.58781529e-01  3.33505187e-09  1.58587827e-07  5.57883340e-08  1.42000000e+00 
 1.43000000e+00  3.29634935e-09  3.36972727e-09  4.58781541e-01  3.43563853e-09  3.40977397e-09  4.58781541e-01  3.33505187e-09  1.58587861e-07  5.57882913e-08  1.43000000e+00 
 1.44000000e+00  3.29634935e-09  3.36972727e-09  4.58781526e-01  3.43563858e-09  3.40977397e-09  4.58781526e-01  3.33505187e-09  1.58587823e-07  5.57881492e-08  1.44000000e+00 
 1.45000000e+00  3.29634935e-09  3.36972727e-09  4.58781544e-01  3.43563853e-09  3.40977397e-09  4.58781544e-01  3.33505187e-09  1.58587853e-07  5.57880497e-08  1.45000000e+00 
 1.46000000e+00  3.29634935e-09  3.36972727e-09  4.58781527e-01  3.43563858e-09  3.40977403e-09  4.58781527e-01  3.33505187e-09  1.58587826e-07  5.57878082e-08  1.46000000e+00 
 1.47000000e+00  3.29634935e-09  3.36972727e-09  4.58781540e-01  3.43563858e-09  3.40977397e-09  4.58781541e-01  3.33505187e-09  1.58587845e-07  5.57876660e-08  1.47000000e+00 
 1.48000000e+00  3.29634935e-09  3.36972727e-09  4.58781562e-01  3.43563858e-09  3.40977397e-09  4.58781562e-01  3.33505187e-09  1.58587873e-07  5.57874813e-08  1.48000000e+00 
 1.49000000e+00  3.29634935e-09  3.36972727e-09  4.58781534e-01  3.43563858e-09  3.40977397e-09  4.58781534e-01  3.33505187e-09  1.58587853e-07  5.57873818e-08  1.49000000e+00 
 1.50000000e+00  3.29634935e-09  3.36972727e-09  4.58781536e-01  3.43563858e-09  3.40977403e-09  4.58781536e-01  3.33505187e-09  1.58587841e-07  5.57870266e-08  1.50000000e+00 
 1.51000000e+00  3.29634935e-09  3.36972727e-09  4.58781541e-01  3.43563853e-09  3.40977403e-09  4.58781541e-01  3.33505187e-09  1.58587847e-07  5.57867281e-08  1.51000000e+00 
 1.52000000e+00  3.29634935e-09  3.36972727e-09  4.58781526e-01  3.43563858e-09  3.40977403e-09  4.58781526e-01  3.33505187e-09  1.58587844e-07  5.57863444e-08  1.52000000e+00 
 1.53000000e+00  3.29634929e-09  3.36972727e-09  4.58781545e-01  3.43563858e-09  3.40977403e-09  4.58781545e-01  3.33505187e-09  1.58587854e-07  5.57859039e-08  1.53000000e+00 
 1.54000000e+00  3.29634935e-09  3.36972727e-09  4.58781555e-01  3.43563858e-09  3.40977397e-09  4.58781555e-01  3.33505192e-09  1.58587881e-07  5.57854207e-08  1.54000000e+00 
 1.55000000e+00  3.29634935e-09  3.36972727e-09  4.58781516e-01  3.43563858e-09  3.40977403e-09  4.58781516e-01  3.33505185e-09  1.58587805e-07  5.57848097e-08  1.55000000e+00 
 1.56000000e+00  3.29634929e-09  3.36972727e-09  4.58781533e-01  3.43563852e-09  3.40977397e-09  4.58781533e-01  3.33505187e-09  1.58587823e-07  5.57838575e-08  1.56000000e+00 
 1.57000000e+00  3.29634935e-09  3.36972727e-09  4.58781527e-01  3.43563852e-09  3.40977403e-09  4.58781527e-01  3.33505187e-09  1.58587838e-07  5.57827775e-08  1.57000000e+00 
 1.58000000e+00  3.29634935e-09  3.36972727e-09  4.58781541e-01  3.43563853e-09  3.40977403e-09  4.58781541e-01  3.33505187e-09  1.58587842e-07  5.57809585e-08  1.58000000e+00 
 1.59000000e+00  3.29634935e-09  3.36972727e-09  4.58781517e-01  3.43563852e-09  3.40977397e-09  4.58781517e-01  3.33505187e-09  1.58587810e-07  5.57780595e-08  1.59000000e+00 
 1.60000000e+00  3.29634935e-09  3.36972727e-09  4.58781542e-01  3.43563858e-09  3.40977397e-09  4.58781542e-01  3.33505187e-09  1.58587850e-07  5.57736257e-08  1.60000000e+00 
 1.61000000e+00  3.29634935e-09  3.36972727e-09  4.58781534e-01  3.43563858e-09  3.40977397e-09  4.58781534e-01  3.33505187e-09  1.58587840e-07  5.57658097e-08  1.61000000e+00 
 1.62000000e+00  3.29634935e-09  3.36972721e-09  4.58781550e-01  3.43563853e-09  3.40977397e-09  4.58781550e-01  3.33505187e-09  1.58587870e-07  5.57519257e-08  1.62000000e+00 
 1.63000000e+00  3.29634935e-09  3.36972723e-09  4.58781552e-01  3.43563858e-09  3.40977403e-09  4.58781552e-01  3.33505187e-09  1.58587864e-07  5.57263746e-08  1.63000000e+00 
 1.64000000e+00  3.29634929e-09  3.36972728e-09  4.58781550e-01  3.43563853e-09  3.40977403e-09  4.58781550e-01  3.33505187e-09  1.58587868e-07  5.56777309e-08  1.64000000e+00 
 1.65000000e+00  3.29634935e-09  3.36972727e-09  4.58781550e-01  3.43563858e-09  3.40977403e-09  4.58781550e-01  3.33505187e-09  1.58587873e-07  5.55748159e-08  1.65000000e+00 
 1.66000000e+00  3.29634935e-09  3.36972727e-09  4.58781536e-01  3.43563858e-09  3.40977397e-09  4.58781536e-01  3.33505187e-09  1.58587848e-07  5.50604398e-08  1.66000000e+00 
 1.67000000e+00  3.29634935e-09  3.36972727e-09  4.58781526e-01  3.43563858e-09  3.40977397e-09  4.58781526e-01  3.33505187e-09  1.58587838e-07  5.34260778e-08  1.67000000e+00 
 1.68000000e+00  3.29634929e-09  3.36972727e-09  4.58781535e-01  3.43563858e-09  3.40977397e-09  4.58781535e-01  3.33505187e-09  1.58587834e-07  4.65596486e-08  1.68000000e+00 
 1.69000000e+00  3.29634935e-09  3.36972727e-09  4.58781535e-01  3.43563858e-09  3.40977397e-09  4.58781535e-01  3.33505187e-09  1.58587838e-07  3.69063855e-08  1.69000000e+00 
 1.70000000e+00  3.29634935e-09  3.36972727e-09  4.58781536e-01  3.43563852e-09  3.40977397e-09  4.58781536e-01  3.33505187e-09  1.58587843e-07  2.89558102e-08  1.70000000e+00 
 1.71000000e+00  3.29634935e-09  3.36972727e-09  4.58781526e-01  3.43563852e-09  3.40977397e-09  4.58781526e-01  3.33505187e-09  1.58587817e-07  2.24352874e-08  1.71000000e+00 
 1.72000000e+00  3.29634935e-09  3.36972727e-09  4.58781554e-01  3.43563858e-09  3.40977397e-09  4.58781554e-01  3.33505187e-09  1.58587870e-07  1.71034884e-08  1.72000000e+00 
 1.73000000e+00  3.29634935e-09  3.36972727e-09  4.58781548e-01  3.43563853e-09  3.40977403e-09  4.58781548e-01  3.33505187e-09  1.58587857e-07  1.27498083e-08  1.73000000e+00 
 1.74000000e+00  3.29634935e-09  3.36972727e-09  4.58781546e-01  3.43563858e-09  3.40977403e-09  4.58781546e-01  3.33505187e-09  1.58587851e-07  9.19172294e-09  1.74000000e+00 
 1.75000000e+00  3.29634935e-09  3.36972727e-09  4.58781545e-01  3.43563853e-09  3.40977397e-09  4.58781545e-01  3.33505187e-09  1.58587846e-07  6.27025543e-09  1.75000000e+00 
 1.76000000e+00  3.29634935e-09  3.36972727e-09  4.58781535e-01  3.43563858e-09  3.40977397e-09  4.58781535e-01  3.33505187e-09  1.58587847e-07  3.84957843e-09  1.76000000e+00 
 1.77000000e+00  3.29634935e-09  3.36972727e-09  4.58781520e-01  3.43563852e-09  3.40977403e-09  4.58781520e-01  3.33505187e-09  1.58587833e-07  1.82247106e-09  1.77000000e+00 
 1.78000000e+00  3.29634935e-09  3.36972727e-09  4.58781556e-01  3.43563853e-09  3.40977397e-09  4.58781556e-01  3.33505187e-09  1.58587869e-07  1.24387611e-10  1.78000000e+00 
 1.79000000e+00  3.29634935e-09  3.36972727e-09  4.58781516e-01  3.43563852e-09  3.40977397e-09  4.58781516e-01  3.33505187e-09  1.58587812e-07 -1.26486555e-09  1.79000000e+00 
 1.80000000e+00  3.29634935e-09  3.36972727e-09  4.58781531e-01  3.43563858e-09  3.40977403e-09  4.58781531e-01  3.33505192e-09  1.58587838e-07 -2.34250308e-09  1.80000000e+00 
