 v-sweep         v(b0)           v(b1)           v(b2)           v(b3)           v(b4)           v(b5)           v(b6)           i(vbias)        i(viout)        v(vout)        
 0.00000000e+00  4.58590861e-01  4.58590861e-01  4.58590860e-01  4.58590861e-01  4.58590861e-01  4.58590861e-01  4.58590861e-01  1.59700992e-07  1.92335102e-07  0.00000000e+00 
 1.00000000e-02  4.58590851e-01  4.58590851e-01  4.58590851e-01  4.58590851e-01  4.58590851e-01  4.58590851e-01  4.58590851e-01  1.59700977e-07  1.92334606e-07  1.00000000e-02 
 2.00000000e-02  4.58590878e-01  4.58590878e-01  4.58590878e-01  4.58590878e-01  4.58590878e-01  4.58590878e-01  4.58590878e-01  1.59700999e-07  1.92334182e-07  2.00000000e-02 
 3.00000000e-02  4.58590864e-01  4.58590864e-01  4.58590864e-01  4.58590864e-01  4.58590864e-01  4.58590864e-01  4.58590865e-01  1.59700989e-07  1.92333661e-07  3.00000000e-02 
 4.00000000e-02  4.58590882e-01  4.58590881e-01  4.58590881e-01  4.58590881e-01  4.58590881e-01  4.58590881e-01  4.58590882e-01  1.59701029e-07  1.92333296e-07  4.00000000e-02 
 5.00000000e-02  4.58590859e-01  4.58590859e-01  4.58590859e-01  4.58590859e-01  4.58590859e-01  4.58590859e-01  4.58590859e-01  1.59700981e-07  1.92332735e-07  5.00000000e-02 
 6.00000000e-02  4.58590854e-01  4.58590854e-01  4.58590854e-01  4.58590854e-01  4.58590854e-01  4.58590854e-01  4.58590854e-01  1.59700981e-07  1.92332364e-07  6.00000000e-02 
 7.00000000e-02  4.58590859e-01  4.58590859e-01  4.58590859e-01  4.58590859e-01  4.58590859e-01  4.58590859e-01  4.58590859e-01  1.59700988e-07  1.92331994e-07  7.00000000e-02 
 8.00000000e-02  4.58590859e-01  4.58590859e-01  4.58590859e-01  4.58590859e-01  4.58590859e-01  4.58590859e-01  4.58590859e-01  1.59700994e-07  1.92331623e-07  8.00000000e-02 
 9.00000000e-02  4.58590841e-01  4.58590841e-01  4.58590841e-01  4.58590841e-01  4.58590841e-01  4.58590841e-01  4.58590841e-01  1.59700952e-07  1.92331171e-07  9.00000000e-02 
 1.00000000e-01  4.58590866e-01  4.58590866e-01  4.58590866e-01  4.58590866e-01  4.58590866e-01  4.58590866e-01  4.58590866e-01  1.59700992e-07  1.92331043e-07  1.00000000e-01 
 1.10000000e-01  4.58590876e-01  4.58590876e-01  4.58590876e-01  4.58590876e-01  4.58590876e-01  4.58590876e-01  4.58590876e-01  1.59700998e-07  1.92330671e-07  1.10000000e-01 
 1.20000000e-01  4.58590896e-01  4.58590896e-01  4.58590896e-01  4.58590896e-01  4.58590896e-01  4.58590896e-01  4.58590896e-01  1.59701021e-07  1.92330332e-07  1.20000000e-01 
 1.30000000e-01  4.58590864e-01  4.58590864e-01  4.58590864e-01  4.58590864e-01  4.58590864e-01  4.58590864e-01  4.58590864e-01  1.59700988e-07  1.92330039e-07  1.30000000e-01 
 1.40000000e-01  4.58590850e-01  4.58590850e-01  4.58590850e-01  4.58590850e-01  4.58590850e-01  4.58590850e-01  4.58590850e-01  1.59700967e-07  1.92329625e-07  1.40000000e-01 
 1.50000000e-01  4.58590875e-01  4.58590875e-01  4.58590875e-01  4.58590875e-01  4.58590875e-01  4.58590875e-01  4.58590875e-01  1.59701001e-07  1.92329455e-07  1.50000000e-01 
 1.60000000e-01  4.58590861e-01  4.58590861e-01  4.58590861e-01  4.58590861e-01  4.58590861e-01  4.58590861e-01  4.58590861e-01  1.59700994e-07  1.92329153e-07  1.60000000e-01 
 1.70000000e-01  4.58590901e-01  4.58590901e-01  4.58590901e-01  4.58590901e-01  4.58590901e-01  4.58590901e-01  4.58590901e-01  1.59701041e-07  1.92329033e-07  1.70000000e-01 
 1.80000000e-01  4.58590885e-01  4.58590885e-01  4.58590885e-01  4.58590885e-01  4.58590885e-01  4.58590885e-01  4.58590885e-01  1.59700996e-07  1.92328628e-07  1.80000000e-01 
 1.90000000e-01  4.58590864e-01  4.58590864e-01  4.58590864e-01  4.58590864e-01  4.58590864e-01  4.58590864e-01  4.58590864e-01  1.59700986e-07  1.92328272e-07  1.90000000e-01 
 2.00000000e-01  4.58590879e-01  4.58590879e-01  4.58590879e-01  4.58590879e-01  4.58590879e-01  4.58590879e-01  4.58590879e-01  1.59701015e-07  1.92328104e-07  2.00000000e-01 
 2.10000000e-01  4.58590847e-01  4.58590847e-01  4.58590847e-01  4.58590847e-01  4.58590847e-01  4.58590847e-01  4.58590847e-01  1.59700963e-07  1.92327768e-07  2.10000000e-01 
 2.20000000e-01  4.58590872e-01  4.58590872e-01  4.58590872e-01  4.58590872e-01  4.58590872e-01  4.58590872e-01  4.58590872e-01  1.59701009e-07  1.92327612e-07  2.20000000e-01 
 2.30000000e-01  4.58590867e-01  4.58590867e-01  4.58590867e-01  4.58590867e-01  4.58590867e-01  4.58590867e-01  4.58590867e-01  1.59700997e-07  1.92327402e-07  2.30000000e-01 
 2.40000000e-01  4.58590857e-01  4.58590857e-01  4.58590857e-01  4.58590857e-01  4.58590857e-01  4.58590857e-01  4.58590857e-01  1.59700985e-07  1.92327105e-07  2.40000000e-01 
 2.50000000e-01  4.58590869e-01  4.58590869e-01  4.58590869e-01  4.58590869e-01  4.58590869e-01  4.58590869e-01  4.58590869e-01  1.59700998e-07  1.92326921e-07  2.50000000e-01 
 2.60000000e-01  4.58590891e-01  4.58590891e-01  4.58590891e-01  4.58590891e-01  4.58590891e-01  4.58590891e-01  4.58590891e-01  1.59701042e-07  1.92326869e-07  2.60000000e-01 
 2.70000000e-01  4.58590873e-01  4.58590873e-01  4.58590873e-01  4.58590873e-01  4.58590873e-01  4.58590873e-01  4.58590873e-01  1.59701002e-07  1.92326528e-07  2.70000000e-01 
 2.80000000e-01  4.58590856e-01  4.58590856e-01  4.58590856e-01  4.58590856e-01  4.58590856e-01  4.58590856e-01  4.58590856e-01  1.59700988e-07  1.92326233e-07  2.80000000e-01 
 2.90000000e-01  4.58590872e-01  4.58590872e-01  4.58590872e-01  4.58590872e-01  4.58590872e-01  4.58590872e-01  4.58590872e-01  1.59700996e-07  1.92326148e-07  2.90000000e-01 
 3.00000000e-01  4.58590872e-01  4.58590872e-01  4.58590871e-01  4.58590871e-01  4.58590871e-01  4.58590871e-01  4.58590872e-01  1.59700984e-07  1.92326052e-07  3.00000000e-01 
 3.10000000e-01  4.58590874e-01  4.58590874e-01  4.58590874e-01  4.58590874e-01  4.58590874e-01  4.58590874e-01  4.58590874e-01  1.59701014e-07  1.92325793e-07  3.10000000e-01 
 3.20000000e-01  4.58590883e-01  4.58590883e-01  4.58590882e-01  4.58590882e-01  4.58590882e-01  4.58590882e-01  4.58590883e-01  1.59701016e-07  1.92325611e-07  3.20000000e-01 
 3.30000000e-01  4.58590878e-01  4.58590878e-01  4.58590878e-01  4.58590878e-01  4.58590878e-01  4.58590878e-01  4.58590879e-01  1.59700994e-07  1.92325395e-07  3.30000000e-01 
 3.40000000e-01  4.58590860e-01  4.58590860e-01  4.58590860e-01  4.58590860e-01  4.58590860e-01  4.58590860e-01  4.58590860e-01  1.59700982e-07  1.92325150e-07  3.40000000e-01 
 3.50000000e-01  4.58590878e-01  4.58590878e-01  4.58590878e-01  4.58590878e-01  4.58590878e-01  4.58590878e-01  4.58590879e-01  1.59701009e-07  1.92325011e-07  3.50000000e-01 
 3.60000000e-01  4.58590857e-01  4.58590856e-01  4.58590856e-01  4.58590856e-01  4.58590856e-01  4.58590856e-01  4.58590857e-01  1.59700979e-07  1.92324677e-07  3.60000000e-01 
 3.70000000e-01  4.58590855e-01  4.58590855e-01  4.58590855e-01  4.58590855e-01  4.58590855e-01  4.58590855e-01  4.58590855e-01  1.59700979e-07  1.92324492e-07  3.70000000e-01 
 3.80000000e-01  4.58590868e-01  4.58590868e-01  4.58590868e-01  4.58590868e-01  4.58590868e-01  4.58590868e-01  4.58590868e-01  1.59700997e-07  1.92324293e-07  3.80000000e-01 
 3.90000000e-01  4.58590864e-01  4.58590864e-01  4.58590864e-01  4.58590864e-01  4.58590864e-01  4.58590864e-01  4.58590865e-01  1.59701005e-07  1.92324269e-07  3.90000000e-01 
 4.00000000e-01  4.58590824e-01  4.58590824e-01  4.58590824e-01  4.58590824e-01  4.58590824e-01  4.58590824e-01  4.58590824e-01  1.59700936e-07  1.92323846e-07  4.00000000e-01 
 4.10000000e-01  4.58590862e-01  4.58590862e-01  4.58590862e-01  4.58590862e-01  4.58590862e-01  4.58590862e-01  4.58590862e-01  1.59700988e-07  1.92323856e-07  4.10000000e-01 
 4.20000000e-01  4.58590838e-01  4.58590838e-01  4.58590837e-01  4.58590837e-01  4.58590837e-01  4.58590837e-01  4.58590838e-01  1.59700949e-07  1.92323665e-07  4.20000000e-01 
 4.30000000e-01  4.58590893e-01  4.58590893e-01  4.58590893e-01  4.58590893e-01  4.58590893e-01  4.58590893e-01  4.58590893e-01  1.59701034e-07  1.92323633e-07  4.30000000e-01 
 4.40000000e-01  4.58590889e-01  4.58590889e-01  4.58590889e-01  4.58590889e-01  4.58590889e-01  4.58590889e-01  4.58590889e-01  1.59701010e-07  1.92323430e-07  4.40000000e-01 
 4.50000000e-01  4.58590873e-01  4.58590872e-01  4.58590872e-01  4.58590872e-01  4.58590872e-01  4.58590872e-01  4.58590873e-01  1.59701001e-07  1.92323199e-07  4.50000000e-01 
 4.60000000e-01  4.58590861e-01  4.58590861e-01  4.58590861e-01  4.58590861e-01  4.58590861e-01  4.58590861e-01  4.58590861e-01  1.59700994e-07  1.92323089e-07  4.60000000e-01 
 4.70000000e-01  4.58590881e-01  4.58590881e-01  4.58590881e-01  4.58590881e-01  4.58590881e-01  4.58590881e-01  4.58590881e-01  1.59701031e-07  1.92322965e-07  4.70000000e-01 
 4.80000000e-01  4.58590866e-01  4.58590865e-01  4.58590865e-01  4.58590865e-01  4.58590865e-01  4.58590865e-01  4.58590866e-01  1.59700987e-07  1.92322666e-07  4.80000000e-01 
 4.90000000e-01  4.58590895e-01  4.58590895e-01  4.58590895e-01  4.58590895e-01  4.58590895e-01  4.58590895e-01  4.58590896e-01  1.59701040e-07  1.92322712e-07  4.90000000e-01 
 5.00000000e-01  4.58590828e-01  4.58590828e-01  4.58590828e-01  4.58590828e-01  4.58590828e-01  4.58590828e-01  4.58590828e-01  1.59700933e-07  1.92322151e-07  5.00000000e-01 
 5.10000000e-01  4.58590863e-01  4.58590863e-01  4.58590863e-01  4.58590863e-01  4.58590863e-01  4.58590863e-01  4.58590863e-01  1.59701002e-07  1.92322194e-07  5.10000000e-01 
 5.20000000e-01  4.58590869e-01  4.58590869e-01  4.58590869e-01  4.58590869e-01  4.58590869e-01  4.58590869e-01  4.58590869e-01  1.59700992e-07  1.92321945e-07  5.20000000e-01 
 5.30000000e-01  4.58590843e-01  4.58590843e-01  4.58590843e-01  4.58590843e-01  4.58590843e-01  4.58590843e-01  4.58590843e-01  1.59700964e-07  1.92321821e-07  5.30000000e-01 
 5.40000000e-01  4.58590848e-01  4.58590848e-01  4.58590848e-01  4.58590848e-01  4.58590848e-01  4.58590848e-01  4.58590848e-01  1.59700972e-07  1.92321625e-07  5.40000000e-01 
 5.50000000e-01  4.58590847e-01  4.58590847e-01  4.58590847e-01  4.58590847e-01  4.58590847e-01  4.58590847e-01  4.58590847e-01  1.59700965e-07  1.92321572e-07  5.50000000e-01 
 5.60000000e-01  4.58590876e-01  4.58590876e-01  4.58590876e-01  4.58590876e-01  4.58590876e-01  4.58590876e-01  4.58590876e-01  1.59701008e-07  1.92321522e-07  5.60000000e-01 
 5.70000000e-01  4.58590876e-01  4.58590876e-01  4.58590875e-01  4.58590876e-01  4.58590876e-01  4.58590876e-01  4.58590876e-01  1.59701009e-07  1.92321345e-07  5.70000000e-01 
 5.80000000e-01  4.58590881e-01  4.58590881e-01  4.58590881e-01  4.58590881e-01  4.58590881e-01  4.58590881e-01  4.58590881e-01  1.59701015e-07  1.92321188e-07  5.80000000e-01 
 5.90000000e-01  4.58590875e-01  4.58590875e-01  4.58590875e-01  4.58590875e-01  4.58590875e-01  4.58590875e-01  4.58590875e-01  1.59701009e-07  1.92321039e-07  5.90000000e-01 
 6.00000000e-01  4.58590845e-01  4.58590845e-01  4.58590845e-01  4.58590845e-01  4.58590845e-01  4.58590845e-01  4.58590845e-01  1.59700962e-07  1.92320705e-07  6.00000000e-01 
 6.10000000e-01  4.58590850e-01  4.58590850e-01  4.58590850e-01  4.58590850e-01  4.58590850e-01  4.58590850e-01  4.58590850e-01  1.59700962e-07  1.92320613e-07  6.10000000e-01 
 6.20000000e-01  4.58590872e-01  4.58590872e-01  4.58590872e-01  4.58590872e-01  4.58590872e-01  4.58590872e-01  4.58590872e-01  1.59700995e-07  1.92320456e-07  6.20000000e-01 
 6.30000000e-01  4.58590866e-01  4.58590866e-01  4.58590866e-01  4.58590866e-01  4.58590866e-01  4.58590866e-01  4.58590866e-01  1.59700986e-07  1.92320286e-07  6.30000000e-01 
 6.40000000e-01  4.58590842e-01  4.58590842e-01  4.58590842e-01  4.58590842e-01  4.58590842e-01  4.58590842e-01  4.58590842e-01  1.59700951e-07  1.92319980e-07  6.40000000e-01 
 6.50000000e-01  4.58590868e-01  4.58590868e-01  4.58590868e-01  4.58590868e-01  4.58590868e-01  4.58590868e-01  4.58590868e-01  1.59700995e-07  1.92320066e-07  6.50000000e-01 
 6.60000000e-01  4.58590868e-01  4.58590868e-01  4.58590868e-01  4.58590868e-01  4.58590868e-01  4.58590868e-01  4.58590868e-01  1.59701000e-07  1.92319860e-07  6.60000000e-01 
 6.70000000e-01  4.58590869e-01  4.58590868e-01  4.58590868e-01  4.58590868e-01  4.58590868e-01  4.58590868e-01  4.58590869e-01  1.59701006e-07  1.92319668e-07  6.70000000e-01 
 6.80000000e-01  4.58590870e-01  4.58590870e-01  4.58590870e-01  4.58590870e-01  4.58590870e-01  4.58590870e-01  4.58590870e-01  1.59700993e-07  1.92319469e-07  6.80000000e-01 
 6.90000000e-01  4.58590849e-01  4.58590849e-01  4.58590849e-01  4.58590849e-01  4.58590849e-01  4.58590849e-01  4.58590850e-01  1.59700962e-07  1.92319277e-07  6.90000000e-01 
 7.00000000e-01  4.58590847e-01  4.58590847e-01  4.58590847e-01  4.58590847e-01  4.58590847e-01  4.58590847e-01  4.58590847e-01  1.59700965e-07  1.92319092e-07  7.00000000e-01 
 7.10000000e-01  4.58590871e-01  4.58590871e-01  4.58590871e-01  4.58590871e-01  4.58590871e-01  4.58590871e-01  4.58590871e-01  1.59701000e-07  1.92319028e-07  7.10000000e-01 
 7.20000000e-01  4.58590837e-01  4.58590837e-01  4.58590836e-01  4.58590836e-01  4.58590836e-01  4.58590836e-01  4.58590837e-01  1.59700949e-07  1.92318687e-07  7.20000000e-01 
 7.30000000e-01  4.58590875e-01  4.58590875e-01  4.58590875e-01  4.58590875e-01  4.58590875e-01  4.58590875e-01  4.58590875e-01  1.59700996e-07  1.92318694e-07  7.30000000e-01 
 7.40000000e-01  4.58590889e-01  4.58590888e-01  4.58590888e-01  4.58590888e-01  4.58590888e-01  4.58590888e-01  4.58590889e-01  1.59701024e-07  1.92318666e-07  7.40000000e-01 
 7.50000000e-01  4.58590853e-01  4.58590853e-01  4.58590853e-01  4.58590853e-01  4.58590853e-01  4.58590853e-01  4.58590854e-01  1.59700975e-07  1.92318318e-07  7.50000000e-01 
 7.60000000e-01  4.58590869e-01  4.58590868e-01  4.58590868e-01  4.58590868e-01  4.58590868e-01  4.58590868e-01  4.58590869e-01  1.59700989e-07  1.92318119e-07  7.60000000e-01 
 7.70000000e-01  4.58590868e-01  4.58590867e-01  4.58590867e-01  4.58590867e-01  4.58590867e-01  4.58590867e-01  4.58590868e-01  1.59700991e-07  1.92318019e-07  7.70000000e-01 
 7.80000000e-01  4.58590884e-01  4.58590884e-01  4.58590883e-01  4.58590884e-01  4.58590884e-01  4.58590883e-01  4.58590884e-01  1.59701019e-07  1.92317920e-07  7.80000000e-01 
 7.90000000e-01  4.58590846e-01  4.58590846e-01  4.58590846e-01  4.58590846e-01  4.58590846e-01  4.58590846e-01  4.58590846e-01  1.59700954e-07  1.92317536e-07  7.90000000e-01 
 8.00000000e-01  4.58590889e-01  4.58590889e-01  4.58590889e-01  4.58590889e-01  4.58590889e-01  4.58590889e-01  4.58590889e-01  1.59701043e-07  1.92317593e-07  8.00000000e-01 
 8.10000000e-01  4.58590865e-01  4.58590865e-01  4.58590865e-01  4.58590865e-01  4.58590865e-01  4.58590865e-01  4.58590865e-01  1.59700983e-07  1.92317195e-07  8.10000000e-01 
 8.20000000e-01  4.58590877e-01  4.58590877e-01  4.58590877e-01  4.58590877e-01  4.58590877e-01  4.58590877e-01  4.58590877e-01  1.59701004e-07  1.92317259e-07  8.20000000e-01 
 8.30000000e-01  4.58590888e-01  4.58590888e-01  4.58590888e-01  4.58590888e-01  4.58590888e-01  4.58590888e-01  4.58590888e-01  1.59701021e-07  1.92317025e-07  8.30000000e-01 
 8.40000000e-01  4.58590892e-01  4.58590891e-01  4.58590891e-01  4.58590891e-01  4.58590891e-01  4.58590891e-01  4.58590892e-01  1.59701030e-07  1.92316833e-07  8.40000000e-01 
 8.50000000e-01  4.58590837e-01  4.58590837e-01  4.58590837e-01  4.58590837e-01  4.58590837e-01  4.58590837e-01  4.58590837e-01  1.59700955e-07  1.92316428e-07  8.50000000e-01 
 8.60000000e-01  4.58590875e-01  4.58590875e-01  4.58590875e-01  4.58590875e-01  4.58590875e-01  4.58590875e-01  4.58590875e-01  1.59701013e-07  1.92316499e-07  8.60000000e-01 
 8.70000000e-01  4.58590875e-01  4.58590875e-01  4.58590875e-01  4.58590875e-01  4.58590875e-01  4.58590875e-01  4.58590875e-01  1.59701006e-07  1.92316257e-07  8.70000000e-01 
 8.80000000e-01  4.58590874e-01  4.58590874e-01  4.58590874e-01  4.58590874e-01  4.58590874e-01  4.58590874e-01  4.58590874e-01  1.59700998e-07  1.92315873e-07  8.80000000e-01 
 8.90000000e-01  4.58590875e-01  4.58590874e-01  4.58590874e-01  4.58590874e-01  4.58590874e-01  4.58590874e-01  4.58590875e-01  1.59700998e-07  1.92315930e-07  8.90000000e-01 
 9.00000000e-01  4.58590857e-01  4.58590857e-01  4.58590857e-01  4.58590857e-01  4.58590857e-01  4.58590857e-01  4.58590857e-01  1.59700973e-07  1.92315618e-07  9.00000000e-01 
 9.10000000e-01  4.58590851e-01  4.58590851e-01  4.58590851e-01  4.58590851e-01  4.58590851e-01  4.58590851e-01  4.58590851e-01  1.59700958e-07  1.92315447e-07  9.10000000e-01 
 9.20000000e-01  4.58590861e-01  4.58590861e-01  4.58590861e-01  4.58590861e-01  4.58590861e-01  4.58590861e-01  4.58590861e-01  1.59700999e-07  1.92315255e-07  9.20000000e-01 
 9.30000000e-01  4.58590883e-01  4.58590883e-01  4.58590883e-01  4.58590883e-01  4.58590883e-01  4.58590883e-01  4.58590883e-01  1.59701025e-07  1.92315127e-07  9.30000000e-01 
 9.40000000e-01  4.58590887e-01  4.58590887e-01  4.58590887e-01  4.58590887e-01  4.58590887e-01  4.58590887e-01  4.58590887e-01  1.59701017e-07  1.92314950e-07  9.40000000e-01 
 9.50000000e-01  4.58590866e-01  4.58590866e-01  4.58590866e-01  4.58590866e-01  4.58590866e-01  4.58590866e-01  4.58590866e-01  1.59700995e-07  1.92314637e-07  9.50000000e-01 
 9.60000000e-01  4.58590867e-01  4.58590867e-01  4.58590867e-01  4.58590867e-01  4.58590867e-01  4.58590867e-01  4.58590867e-01  1.59701007e-07  1.92314452e-07  9.60000000e-01 
 9.70000000e-01  4.58590846e-01  4.58590846e-01  4.58590846e-01  4.58590846e-01  4.58590846e-01  4.58590846e-01  4.58590846e-01  1.59700967e-07  1.92314182e-07  9.70000000e-01 
 9.80000000e-01  4.58590859e-01  4.58590859e-01  4.58590858e-01  4.58590858e-01  4.58590859e-01  4.58590858e-01  4.58590859e-01  1.59700979e-07  1.92314140e-07  9.80000000e-01 
 9.90000000e-01  4.58590866e-01  4.58590866e-01  4.58590866e-01  4.58590866e-01  4.58590866e-01  4.58590866e-01  4.58590866e-01  1.59700997e-07  1.92313820e-07  9.90000000e-01 
 1.00000000e+00  4.58590861e-01  4.58590861e-01  4.58590861e-01  4.58590861e-01  4.58590861e-01  4.58590861e-01  4.58590861e-01  1.59700979e-07  1.92313699e-07  1.00000000e+00 
 1.01000000e+00  4.58590862e-01  4.58590862e-01  4.58590862e-01  4.58590862e-01  4.58590862e-01  4.58590862e-01  4.58590862e-01  1.59700975e-07  1.92313479e-07  1.01000000e+00 
 1.02000000e+00  4.58590855e-01  4.58590855e-01  4.58590854e-01  4.58590855e-01  4.58590855e-01  4.58590855e-01  4.58590855e-01  1.59700998e-07  1.92313266e-07  1.02000000e+00 
 1.03000000e+00  4.58590897e-01  4.58590896e-01  4.58590896e-01  4.58590896e-01  4.58590896e-01  4.58590896e-01  4.58590897e-01  1.59701032e-07  1.92313145e-07  1.03000000e+00 
 1.04000000e+00  4.58590878e-01  4.58590878e-01  4.58590877e-01  4.58590878e-01  4.58590878e-01  4.58590877e-01  4.58590878e-01  1.59701012e-07  1.92312875e-07  1.04000000e+00 
 1.05000000e+00  4.58590875e-01  4.58590875e-01  4.58590875e-01  4.58590875e-01  4.58590875e-01  4.58590875e-01  4.58590875e-01  1.59701016e-07  1.92312605e-07  1.05000000e+00 
 1.06000000e+00  4.58590868e-01  4.58590868e-01  4.58590868e-01  4.58590868e-01  4.58590868e-01  4.58590868e-01  4.58590868e-01  1.59700993e-07  1.92312562e-07  1.06000000e+00 
 1.07000000e+00  4.58590866e-01  4.58590866e-01  4.58590865e-01  4.58590866e-01  4.58590866e-01  4.58590866e-01  4.58590866e-01  1.59700995e-07  1.92312186e-07  1.07000000e+00 
 1.08000000e+00  4.58590850e-01  4.58590850e-01  4.58590850e-01  4.58590850e-01  4.58590850e-01  4.58590850e-01  4.58590850e-01  1.59700970e-07  1.92311838e-07  1.08000000e+00 
 1.09000000e+00  4.58590877e-01  4.58590877e-01  4.58590877e-01  4.58590877e-01  4.58590877e-01  4.58590877e-01  4.58590877e-01  1.59701007e-07  1.92311838e-07  1.09000000e+00 
 1.10000000e+00  4.58590864e-01  4.58590864e-01  4.58590863e-01  4.58590864e-01  4.58590864e-01  4.58590864e-01  4.58590864e-01  1.59700984e-07  1.92311525e-07  1.10000000e+00 
 1.11000000e+00  4.58590875e-01  4.58590875e-01  4.58590875e-01  4.58590875e-01  4.58590875e-01  4.58590875e-01  4.58590875e-01  1.59701007e-07  1.92311319e-07  1.11000000e+00 
 1.12000000e+00  4.58590886e-01  4.58590886e-01  4.58590886e-01  4.58590886e-01  4.58590886e-01  4.58590886e-01  4.58590886e-01  1.59701038e-07  1.92311020e-07  1.12000000e+00 
 1.13000000e+00  4.58590876e-01  4.58590876e-01  4.58590876e-01  4.58590876e-01  4.58590876e-01  4.58590876e-01  4.58590876e-01  1.59701006e-07  1.92310885e-07  1.13000000e+00 
 1.14000000e+00  4.58590878e-01  4.58590878e-01  4.58590877e-01  4.58590877e-01  4.58590877e-01  4.58590877e-01  4.58590878e-01  1.59701016e-07  1.92310729e-07  1.14000000e+00 
 1.15000000e+00  4.58590867e-01  4.58590867e-01  4.58590867e-01  4.58590867e-01  4.58590867e-01  4.58590867e-01  4.58590867e-01  1.59701009e-07  1.92310402e-07  1.15000000e+00 
 1.16000000e+00  4.58590827e-01  4.58590827e-01  4.58590826e-01  4.58590826e-01  4.58590826e-01  4.58590826e-01  4.58590827e-01  1.59700939e-07  1.92309969e-07  1.16000000e+00 
 1.17000000e+00  4.58590852e-01  4.58590852e-01  4.58590852e-01  4.58590852e-01  4.58590852e-01  4.58590852e-01  4.58590852e-01  1.59700986e-07  1.92309727e-07  1.17000000e+00 
 1.18000000e+00  4.58590878e-01  4.58590878e-01  4.58590878e-01  4.58590878e-01  4.58590878e-01  4.58590878e-01  4.58590878e-01  1.59701009e-07  1.92309528e-07  1.18000000e+00 
 1.19000000e+00  4.58590886e-01  4.58590886e-01  4.58590886e-01  4.58590886e-01  4.58590886e-01  4.58590886e-01  4.58590886e-01  1.59701018e-07  1.92309415e-07  1.19000000e+00 
 1.20000000e+00  4.58590865e-01  4.58590865e-01  4.58590865e-01  4.58590865e-01  4.58590865e-01  4.58590865e-01  4.58590865e-01  1.59700992e-07  1.92309031e-07  1.20000000e+00 
 1.21000000e+00  4.58590844e-01  4.58590844e-01  4.58590843e-01  4.58590844e-01  4.58590844e-01  4.58590843e-01  4.58590844e-01  1.59700962e-07  1.92308534e-07  1.21000000e+00 
 1.22000000e+00  4.58590880e-01  4.58590880e-01  4.58590880e-01  4.58590880e-01  4.58590880e-01  4.58590880e-01  4.58590880e-01  1.59701020e-07  1.92308534e-07  1.22000000e+00 
 1.23000000e+00  4.58590877e-01  4.58590876e-01  4.58590876e-01  4.58590876e-01  4.58590876e-01  4.58590876e-01  4.58590877e-01  1.59701009e-07  1.92308235e-07  1.23000000e+00 
 1.24000000e+00  4.58590880e-01  4.58590880e-01  4.58590880e-01  4.58590880e-01  4.58590880e-01  4.58590880e-01  4.58590881e-01  1.59701019e-07  1.92307894e-07  1.24000000e+00 
 1.25000000e+00  4.58590873e-01  4.58590873e-01  4.58590873e-01  4.58590873e-01  4.58590873e-01  4.58590873e-01  4.58590873e-01  1.59701000e-07  1.92307525e-07  1.25000000e+00 
 1.26000000e+00  4.58590859e-01  4.58590859e-01  4.58590859e-01  4.58590859e-01  4.58590859e-01  4.58590859e-01  4.58590859e-01  1.59700990e-07  1.92307169e-07  1.26000000e+00 
 1.27000000e+00  4.58590882e-01  4.58590882e-01  4.58590882e-01  4.58590882e-01  4.58590882e-01  4.58590882e-01  4.58590882e-01  1.59701026e-07  1.92306885e-07  1.27000000e+00 
 1.28000000e+00  4.58590873e-01  4.58590873e-01  4.58590873e-01  4.58590873e-01  4.58590873e-01  4.58590873e-01  4.58590873e-01  1.59701009e-07  1.92306487e-07  1.28000000e+00 
 1.29000000e+00  4.58590865e-01  4.58590865e-01  4.58590865e-01  4.58590865e-01  4.58590865e-01  4.58590865e-01  4.58590865e-01  1.59700992e-07  1.92306047e-07  1.29000000e+00 
 1.30000000e+00  4.58590841e-01  4.58590841e-01  4.58590841e-01  4.58590841e-01  4.58590841e-01  4.58590841e-01  4.58590841e-01  1.59700962e-07  1.92305563e-07  1.30000000e+00 
 1.31000000e+00  4.58590891e-01  4.58590890e-01  4.58590890e-01  4.58590890e-01  4.58590890e-01  4.58590890e-01  4.58590891e-01  1.59701024e-07  1.92305478e-07  1.31000000e+00 
 1.32000000e+00  4.58590870e-01  4.58590870e-01  4.58590870e-01  4.58590870e-01  4.58590870e-01  4.58590870e-01  4.58590870e-01  1.59700979e-07  1.92304839e-07  1.32000000e+00 
 1.33000000e+00  4.58590870e-01  4.58590870e-01  4.58590870e-01  4.58590870e-01  4.58590870e-01  4.58590870e-01  4.58590871e-01  1.59701004e-07  1.92304455e-07  1.33000000e+00 
 1.34000000e+00  4.58590859e-01  4.58590859e-01  4.58590859e-01  4.58590859e-01  4.58590859e-01  4.58590859e-01  4.58590860e-01  1.59700996e-07  1.92303972e-07  1.34000000e+00 
 1.35000000e+00  4.58590875e-01  4.58590875e-01  4.58590875e-01  4.58590875e-01  4.58590875e-01  4.58590875e-01  4.58590875e-01  1.59701008e-07  1.92303432e-07  1.35000000e+00 
 1.36000000e+00  4.58590877e-01  4.58590877e-01  4.58590877e-01  4.58590877e-01  4.58590877e-01  4.58590877e-01  4.58590877e-01  1.59701026e-07  1.92302991e-07  1.36000000e+00 
 1.37000000e+00  4.58590878e-01  4.58590878e-01  4.58590877e-01  4.58590877e-01  4.58590877e-01  4.58590877e-01  4.58590878e-01  1.59701005e-07  1.92302394e-07  1.37000000e+00 
 1.38000000e+00  4.58590859e-01  4.58590859e-01  4.58590858e-01  4.58590858e-01  4.58590859e-01  4.58590858e-01  4.58590859e-01  1.59700981e-07  1.92301627e-07  1.38000000e+00 
 1.39000000e+00  4.58590889e-01  4.58590888e-01  4.58590888e-01  4.58590888e-01  4.58590888e-01  4.58590888e-01  4.58590889e-01  1.59701030e-07  1.92301115e-07  1.39000000e+00 
 1.40000000e+00  4.58590895e-01  4.58590895e-01  4.58590895e-01  4.58590895e-01  4.58590895e-01  4.58590895e-01  4.58590895e-01  1.59701033e-07  1.92300234e-07  1.40000000e+00 
 1.41000000e+00  4.58590839e-01  4.58590838e-01  4.58590838e-01  4.58590838e-01  4.58590838e-01  4.58590838e-01  4.58590839e-01  1.59700956e-07  1.92299112e-07  1.41000000e+00 
 1.42000000e+00  4.58590865e-01  4.58590865e-01  4.58590865e-01  4.58590865e-01  4.58590865e-01  4.58590865e-01  4.58590865e-01  1.59700991e-07  1.92298174e-07  1.42000000e+00 
 1.43000000e+00  4.58590860e-01  4.58590860e-01  4.58590860e-01  4.58590860e-01  4.58590860e-01  4.58590860e-01  4.58590860e-01  1.59700993e-07  1.92296923e-07  1.43000000e+00 
 1.44000000e+00  4.58590886e-01  4.58590886e-01  4.58590886e-01  4.58590886e-01  4.58590886e-01  4.58590886e-01  4.58590886e-01  1.59701018e-07  1.92295801e-07  1.44000000e+00 
 1.45000000e+00  4.58590880e-01  4.58590880e-01  4.58590880e-01  4.58590880e-01  4.58590880e-01  4.58590880e-01  4.58590880e-01  1.59701011e-07  1.92294081e-07  1.45000000e+00 
 1.46000000e+00  4.58590884e-01  4.58590884e-01  4.58590884e-01  4.58590884e-01  4.58590884e-01  4.58590884e-01  4.58590884e-01  1.59701021e-07  1.92292063e-07  1.46000000e+00 
 1.47000000e+00  4.58590883e-01  4.58590883e-01  4.58590882e-01  4.58590883e-01  4.58590883e-01  4.58590883e-01  4.58590883e-01  1.59701005e-07  1.92289704e-07  1.47000000e+00 
 1.48000000e+00  4.58590860e-01  4.58590860e-01  4.58590860e-01  4.58590860e-01  4.58590860e-01  4.58590860e-01  4.58590860e-01  1.59700977e-07  1.92286308e-07  1.48000000e+00 
 1.49000000e+00  4.58590876e-01  4.58590875e-01  4.58590875e-01  4.58590875e-01  4.58590875e-01  4.58590875e-01  4.58590876e-01  1.59700999e-07  1.92282400e-07  1.49000000e+00 
 1.50000000e+00  4.58590889e-01  4.58590889e-01  4.58590889e-01  4.58590889e-01  4.58590889e-01  4.58590889e-01  4.58590889e-01  1.59701023e-07  1.92276687e-07  1.50000000e+00 
 1.51000000e+00  4.58590851e-01  4.58590851e-01  4.58590851e-01  4.58590851e-01  4.58590851e-01  4.58590851e-01  4.58590852e-01  1.59700973e-07  1.92268516e-07  1.51000000e+00 
 1.52000000e+00  4.58590885e-01  4.58590885e-01  4.58590885e-01  4.58590885e-01  4.58590885e-01  4.58590885e-01  4.58590885e-01  1.59701007e-07  1.92257147e-07  1.52000000e+00 
 1.53000000e+00  4.58590900e-01  4.58590900e-01  4.58590900e-01  4.58590900e-01  4.58590900e-01  4.58590900e-01  4.58590900e-01  1.59701041e-07  1.92239185e-07  1.53000000e+00 
 1.54000000e+00  4.58590884e-01  4.58590884e-01  4.58590883e-01  4.58590883e-01  4.58590883e-01  4.58590883e-01  4.58590884e-01  1.59701009e-07  1.92209711e-07  1.54000000e+00 
 1.55000000e+00  4.58590878e-01  4.58590878e-01  4.58590878e-01  4.58590878e-01  4.58590878e-01  4.58590878e-01  4.58590878e-01  1.59701010e-07  1.92159561e-07  1.55000000e+00 
 1.56000000e+00  4.58590872e-01  4.58590872e-01  4.58590872e-01  4.58590872e-01  4.58590872e-01  4.58590872e-01  4.58590872e-01  1.59700998e-07  1.92070260e-07  1.56000000e+00 
 1.57000000e+00  4.58590860e-01  4.58590860e-01  4.58590860e-01  4.58590860e-01  4.58590860e-01  4.58590860e-01  4.58590860e-01  1.59700984e-07  1.91905542e-07  1.57000000e+00 
 1.58000000e+00  4.58590890e-01  4.58590890e-01  4.58590890e-01  4.58590890e-01  4.58590890e-01  4.58590890e-01  4.58590890e-01  1.59701032e-07  1.91596087e-07  1.58000000e+00 
 1.59000000e+00  4.58590870e-01  4.58590870e-01  4.58590870e-01  4.58590870e-01  4.58590870e-01  4.58590870e-01  4.58590870e-01  1.59700989e-07  1.91013740e-07  1.59000000e+00 
 1.60000000e+00  4.58590896e-01  4.58590895e-01  4.58590895e-01  4.58590895e-01  4.58590895e-01  4.58590895e-01  4.58590896e-01  1.59701042e-07  1.89926624e-07  1.60000000e+00 
 1.61000000e+00  4.58590872e-01  4.58590872e-01  4.58590872e-01  4.58590872e-01  4.58590872e-01  4.58590872e-01  4.58590872e-01  1.59700993e-07  1.78265225e-07  1.61000000e+00 
 1.62000000e+00  4.58590867e-01  4.58590867e-01  4.58590867e-01  4.58590867e-01  4.58590867e-01  4.58590867e-01  4.58590867e-01  1.59700994e-07  1.52213673e-07  1.62000000e+00 
 1.63000000e+00  4.58590861e-01  4.58590861e-01  4.58590861e-01  4.58590861e-01  4.58590861e-01  4.58590861e-01  4.58590861e-01  1.59700983e-07  1.28012317e-07  1.63000000e+00 
 1.64000000e+00  4.58590867e-01  4.58590867e-01  4.58590867e-01  4.58590867e-01  4.58590867e-01  4.58590867e-01  4.58590867e-01  1.59700991e-07  1.06258099e-07  1.64000000e+00 
 1.65000000e+00  4.58590860e-01  4.58590860e-01  4.58590860e-01  4.58590860e-01  4.58590860e-01  4.58590860e-01  4.58590860e-01  1.59700990e-07  8.72137065e-08  1.65000000e+00 
 1.66000000e+00  4.58590887e-01  4.58590887e-01  4.58590887e-01  4.58590887e-01  4.58590887e-01  4.58590887e-01  4.58590888e-01  1.59701025e-07  7.09032832e-08  1.66000000e+00 
 1.67000000e+00  4.58590889e-01  4.58590888e-01  4.58590888e-01  4.58590888e-01  4.58590888e-01  4.58590888e-01  4.58590889e-01  1.59701023e-07  5.71411221e-08  1.67000000e+00 
 1.68000000e+00  4.58590869e-01  4.58590869e-01  4.58590869e-01  4.58590869e-01  4.58590869e-01  4.58590869e-01  4.58590870e-01  1.59700996e-07  4.56607552e-08  1.68000000e+00 
 1.69000000e+00  4.58590868e-01  4.58590868e-01  4.58590867e-01  4.58590868e-01  4.58590868e-01  4.58590867e-01  4.58590868e-01  1.59701003e-07  3.61608130e-08  1.69000000e+00 
 1.70000000e+00  4.58590849e-01  4.58590849e-01  4.58590849e-01  4.58590849e-01  4.58590849e-01  4.58590849e-01  4.58590849e-01  1.59700968e-07  2.83449850e-08  1.70000000e+00 
 1.71000000e+00  4.58590856e-01  4.58590856e-01  4.58590856e-01  4.58590856e-01  4.58590856e-01  4.58590856e-01  4.58590856e-01  1.59700992e-07  2.19412044e-08  1.71000000e+00 
 1.72000000e+00  4.58590843e-01  4.58590842e-01  4.58590842e-01  4.58590842e-01  4.58590842e-01  4.58590842e-01  4.58590843e-01  1.59700968e-07  1.67084835e-08  1.72000000e+00 
 1.73000000e+00  4.58590841e-01  4.58590841e-01  4.58590841e-01  4.58590841e-01  4.58590841e-01  4.58590841e-01  4.58590841e-01  1.59700956e-07  1.24386617e-08  1.73000000e+00 
 1.74000000e+00  4.58590858e-01  4.58590858e-01  4.58590857e-01  4.58590857e-01  4.58590858e-01  4.58590857e-01  4.58590858e-01  1.59700971e-07  8.95104790e-09  1.74000000e+00 
 1.75000000e+00  4.58590867e-01  4.58590867e-01  4.58590866e-01  4.58590866e-01  4.58590867e-01  4.58590866e-01  4.58590867e-01  1.59700991e-07  6.08919493e-09  1.75000000e+00 
 1.76000000e+00  4.58590870e-01  4.58590870e-01  4.58590870e-01  4.58590870e-01  4.58590870e-01  4.58590870e-01  4.58590870e-01  1.59700993e-07  3.71917963e-09  1.76000000e+00 
 1.77000000e+00  4.58590850e-01  4.58590850e-01  4.58590850e-01  4.58590850e-01  4.58590850e-01  4.58590850e-01  4.58590850e-01  1.59700963e-07  1.73615433e-09  1.77000000e+00 
 1.78000000e+00  4.58590876e-01  4.58590876e-01  4.58590876e-01  4.58590876e-01  4.58590876e-01  4.58590876e-01  4.58590876e-01  1.59701006e-07  7.59428076e-11  1.78000000e+00 
 1.79000000e+00  4.58590878e-01  4.58590878e-01  4.58590878e-01  4.58590878e-01  4.58590878e-01  4.58590878e-01  4.58590878e-01  1.59701016e-07 -1.28062538e-09  1.79000000e+00 
 1.80000000e+00  4.58590883e-01  4.58590883e-01  4.58590883e-01  4.58590883e-01  4.58590883e-01  4.58590883e-01  4.58590883e-01  1.59701015e-07 -2.33166020e-09  1.80000000e+00 
