 v-sweep         v(b0)           v(b1)           v(b2)           v(b3)           v(b4)           v(b5)           v(b6)           i(vbias)        i(viout)        v(vout)        
 0.00000000e+00  4.56542501e-01  4.56542501e-01  4.56542501e-01  3.32878135e-09  4.56542501e-01  4.56542501e-01  3.18582577e-09  1.56540813e-07  7.87137131e-08  0.00000000e+00 
 1.00000000e-02  4.56542488e-01  4.56542488e-01  4.56542488e-01  3.32878133e-09  4.56542488e-01  4.56542488e-01  3.18582582e-09  1.56540799e-07  7.87133564e-08  1.00000000e-02 
 2.00000000e-02  4.56542462e-01  4.56542462e-01  4.56542462e-01  3.32878133e-09  4.56542462e-01  4.56542462e-01  3.18582580e-09  1.56540749e-07  7.87128687e-08  2.00000000e-02 
 3.00000000e-02  4.56542478e-01  4.56542478e-01  4.56542478e-01  3.32878133e-09  4.56542478e-01  4.56542478e-01  3.18582582e-09  1.56540779e-07  7.87125238e-08  3.00000000e-02 
 4.00000000e-02  4.56542467e-01  4.56542467e-01  4.56542467e-01  3.32878133e-09  4.56542467e-01  4.56542467e-01  3.18582580e-09  1.56540754e-07  7.87122092e-08  4.00000000e-02 
 5.00000000e-02  4.56542501e-01  4.56542501e-01  4.56542501e-01  3.32878133e-09  4.56542501e-01  4.56542501e-01  3.18582582e-09  1.56540809e-07  7.87119734e-08  5.00000000e-02 
 6.00000000e-02  4.56542468e-01  4.56542468e-01  4.56542468e-01  3.32878133e-09  4.56542468e-01  4.56542468e-01  3.18582580e-09  1.56540754e-07  7.87114631e-08  6.00000000e-02 
 7.00000000e-02  4.56542469e-01  4.56542469e-01  4.56542469e-01  3.32878133e-09  4.56542469e-01  4.56542469e-01  3.18582582e-09  1.56540769e-07  7.87111696e-08  7.00000000e-02 
 8.00000000e-02  4.56542494e-01  4.56542494e-01  4.56542494e-01  3.32878133e-09  4.56542494e-01  4.56542494e-01  3.18582580e-09  1.56540798e-07  7.87110608e-08  8.00000000e-02 
 9.00000000e-02  4.56542488e-01  4.56542488e-01  4.56542488e-01  3.32878133e-09  4.56542488e-01  4.56542488e-01  3.18582581e-09  1.56540798e-07  7.87107508e-08  9.00000000e-02 
 1.00000000e-01  4.56542477e-01  4.56542477e-01  4.56542477e-01  3.32878133e-09  4.56542477e-01  4.56542477e-01  3.18582581e-09  1.56540772e-07  7.87103094e-08  1.00000000e-01 
 1.10000000e-01  4.56542483e-01  4.56542483e-01  4.56542483e-01  3.32878133e-09  4.56542483e-01  4.56542483e-01  3.18582575e-09  1.56540785e-07  7.87101220e-08  1.10000000e-01 
 1.20000000e-01  4.56542474e-01  4.56542474e-01  4.56542474e-01  3.32878133e-09  4.56542474e-01  4.56542474e-01  3.18582582e-09  1.56540781e-07  7.87099212e-08  1.20000000e-01 
 1.30000000e-01  4.56542497e-01  4.56542497e-01  4.56542497e-01  3.32878133e-09  4.56542497e-01  4.56542497e-01  3.18582580e-09  1.56540798e-07  7.87097036e-08  1.30000000e-01 
 1.40000000e-01  4.56542482e-01  4.56542482e-01  4.56542482e-01  3.32878133e-09  4.56542482e-01  4.56542482e-01  3.18582581e-09  1.56540768e-07  7.87094079e-08  1.40000000e-01 
 1.50000000e-01  4.56542503e-01  4.56542502e-01  4.56542503e-01  3.32878133e-09  4.56542503e-01  4.56542503e-01  3.18582575e-09  1.56540802e-07  7.87092667e-08  1.50000000e-01 
 1.60000000e-01  4.56542504e-01  4.56542504e-01  4.56542504e-01  3.32878133e-09  4.56542504e-01  4.56542504e-01  3.18582582e-09  1.56540820e-07  7.87090695e-08  1.60000000e-01 
 1.70000000e-01  4.56542478e-01  4.56542478e-01  4.56542478e-01  3.32878133e-09  4.56542478e-01  4.56542478e-01  3.18582580e-09  1.56540772e-07  7.87087853e-08  1.70000000e-01 
 1.80000000e-01  4.56542513e-01  4.56542513e-01  4.56542513e-01  3.32878133e-09  4.56542513e-01  4.56542513e-01  3.18582581e-09  1.56540829e-07  7.87087142e-08  1.80000000e-01 
 1.90000000e-01  4.56542466e-01  4.56542466e-01  4.56542466e-01  3.32878139e-09  4.56542466e-01  4.56542466e-01  3.18582581e-09  1.56540763e-07  7.87085046e-08  1.90000000e-01 
 2.00000000e-01  4.56542476e-01  4.56542476e-01  4.56542476e-01  3.32878139e-09  4.56542476e-01  4.56542476e-01  3.18582581e-09  1.56540774e-07  7.87083803e-08  2.00000000e-01 
 2.10000000e-01  4.56542494e-01  4.56542494e-01  4.56542494e-01  3.32878133e-09  4.56542494e-01  4.56542495e-01  3.18582575e-09  1.56540792e-07  7.87082328e-08  2.10000000e-01 
 2.20000000e-01  4.56542480e-01  4.56542480e-01  4.56542480e-01  3.32878133e-09  4.56542480e-01  4.56542480e-01  3.18582577e-09  1.56540782e-07  7.87080925e-08  2.20000000e-01 
 2.30000000e-01  4.56542472e-01  4.56542472e-01  4.56542472e-01  3.32878133e-09  4.56542472e-01  4.56542472e-01  3.18582576e-09  1.56540767e-07  7.87078243e-08  2.30000000e-01 
 2.40000000e-01  4.56542485e-01  4.56542485e-01  4.56542485e-01  3.32878133e-09  4.56542485e-01  4.56542485e-01  3.18582582e-09  1.56540772e-07  7.87076111e-08  2.40000000e-01 
 2.50000000e-01  4.56542473e-01  4.56542473e-01  4.56542473e-01  3.32878133e-09  4.56542473e-01  4.56542473e-01  3.18582580e-09  1.56540755e-07  7.87075756e-08  2.50000000e-01 
 2.60000000e-01  4.56542484e-01  4.56542484e-01  4.56542484e-01  3.32878133e-09  4.56542484e-01  4.56542484e-01  3.18582581e-09  1.56540792e-07  7.87074157e-08  2.60000000e-01 
 2.70000000e-01  4.56542480e-01  4.56542479e-01  4.56542480e-01  3.32878133e-09  4.56542480e-01  4.56542480e-01  3.18582581e-09  1.56540774e-07  7.87073038e-08  2.70000000e-01 
 2.80000000e-01  4.56542459e-01  4.56542459e-01  4.56542459e-01  3.32878133e-09  4.56542459e-01  4.56542459e-01  3.18582581e-09  1.56540737e-07  7.87071652e-08  2.80000000e-01 
 2.90000000e-01  4.56542493e-01  4.56542492e-01  4.56542493e-01  3.32878133e-09  4.56542492e-01  4.56542493e-01  3.18582581e-09  1.56540803e-07  7.87071279e-08  2.90000000e-01 
 3.00000000e-01  4.56542496e-01  4.56542496e-01  4.56542496e-01  3.32878133e-09  4.56542496e-01  4.56542496e-01  3.18582575e-09  1.56540807e-07  7.87070675e-08  3.00000000e-01 
 3.10000000e-01  4.56542490e-01  4.56542490e-01  4.56542490e-01  3.32878133e-09  4.56542490e-01  4.56542490e-01  3.18582577e-09  1.56540779e-07  7.87069325e-08  3.10000000e-01 
 3.20000000e-01  4.56542475e-01  4.56542475e-01  4.56542475e-01  3.32878133e-09  4.56542475e-01  4.56542475e-01  3.18582576e-09  1.56540760e-07  7.87067052e-08  3.20000000e-01 
 3.30000000e-01  4.56542500e-01  4.56542500e-01  4.56542500e-01  3.32878133e-09  4.56542500e-01  4.56542500e-01  3.18582576e-09  1.56540797e-07  7.87067016e-08  3.30000000e-01 
 3.40000000e-01  4.56542505e-01  4.56542505e-01  4.56542505e-01  3.32878133e-09  4.56542505e-01  4.56542505e-01  3.18582582e-09  1.56540818e-07  7.87065702e-08  3.40000000e-01 
 3.50000000e-01  4.56542489e-01  4.56542489e-01  4.56542489e-01  3.32878133e-09  4.56542489e-01  4.56542489e-01  3.18582580e-09  1.56540789e-07  7.87064209e-08  3.50000000e-01 
 3.60000000e-01  4.56542492e-01  4.56542492e-01  4.56542492e-01  3.32878133e-09  4.56542492e-01  4.56542492e-01  3.18582575e-09  1.56540778e-07  7.87062717e-08  3.60000000e-01 
 3.70000000e-01  4.56542490e-01  4.56542490e-01  4.56542490e-01  3.32878133e-09  4.56542490e-01  4.56542490e-01  3.18582582e-09  1.56540787e-07  7.87062042e-08  3.70000000e-01 
 3.80000000e-01  4.56542493e-01  4.56542493e-01  4.56542493e-01  3.32878133e-09  4.56542493e-01  4.56542493e-01  3.18582580e-09  1.56540808e-07  7.87061794e-08  3.80000000e-01 
 3.90000000e-01  4.56542471e-01  4.56542471e-01  4.56542471e-01  3.32878133e-09  4.56542471e-01  4.56542471e-01  3.18582581e-09  1.56540737e-07  7.87059911e-08  3.90000000e-01 
 4.00000000e-01  4.56542476e-01  4.56542476e-01  4.56542476e-01  3.32878133e-09  4.56542476e-01  4.56542476e-01  3.18582581e-09  1.56540775e-07  7.87059236e-08  4.00000000e-01 
 4.10000000e-01  4.56542473e-01  4.56542473e-01  4.56542473e-01  3.32878139e-09  4.56542473e-01  4.56542473e-01  3.18582581e-09  1.56540765e-07  7.87059911e-08  4.10000000e-01 
 4.20000000e-01  4.56542471e-01  4.56542471e-01  4.56542471e-01  3.32878133e-09  4.56542471e-01  4.56542471e-01  3.18582581e-09  1.56540770e-07  7.87058525e-08  4.20000000e-01 
 4.30000000e-01  4.56542479e-01  4.56542479e-01  4.56542479e-01  3.32878133e-09  4.56542479e-01  4.56542479e-01  3.18582581e-09  1.56540777e-07  7.87057353e-08  4.30000000e-01 
 4.40000000e-01  4.56542478e-01  4.56542477e-01  4.56542478e-01  3.32878133e-09  4.56542478e-01  4.56542478e-01  3.18582581e-09  1.56540777e-07  7.87056571e-08  4.40000000e-01 
 4.50000000e-01  4.56542480e-01  4.56542480e-01  4.56542480e-01  3.32878133e-09  4.56542480e-01  4.56542480e-01  3.18582581e-09  1.56540778e-07  7.87056322e-08  4.50000000e-01 
 4.60000000e-01  4.56542503e-01  4.56542503e-01  4.56542503e-01  3.32878133e-09  4.56542503e-01  4.56542503e-01  3.18582575e-09  1.56540800e-07  7.87055718e-08  4.60000000e-01 
 4.70000000e-01  4.56542503e-01  4.56542503e-01  4.56542503e-01  3.32878133e-09  4.56542503e-01  4.56542503e-01  3.18582577e-09  1.56540811e-07  7.87055718e-08  4.70000000e-01 
 4.80000000e-01  4.56542493e-01  4.56542492e-01  4.56542493e-01  3.32878133e-09  4.56542493e-01  4.56542493e-01  3.18582582e-09  1.56540794e-07  7.87053622e-08  4.80000000e-01 
 4.90000000e-01  4.56542488e-01  4.56542488e-01  4.56542488e-01  3.32878139e-09  4.56542488e-01  4.56542488e-01  3.18582580e-09  1.56540797e-07  7.87052983e-08  4.90000000e-01 
 5.00000000e-01  4.56542507e-01  4.56542507e-01  4.56542507e-01  3.32878133e-09  4.56542507e-01  4.56542507e-01  3.18582581e-09  1.56540817e-07  7.87052521e-08  5.00000000e-01 
 5.10000000e-01  4.56542463e-01  4.56542463e-01  4.56542463e-01  3.32878133e-09  4.56542463e-01  4.56542463e-01  3.18582581e-09  1.56540747e-07  7.87051029e-08  5.10000000e-01 
 5.20000000e-01  4.56542491e-01  4.56542491e-01  4.56542491e-01  3.32878133e-09  4.56542491e-01  4.56542491e-01  3.18582581e-09  1.56540796e-07  7.87050141e-08  5.20000000e-01 
 5.30000000e-01  4.56542484e-01  4.56542484e-01  4.56542484e-01  3.32878133e-09  4.56542484e-01  4.56542484e-01  3.18582581e-09  1.56540786e-07  7.87049643e-08  5.30000000e-01 
 5.40000000e-01  4.56542480e-01  4.56542480e-01  4.56542480e-01  3.32878139e-09  4.56542480e-01  4.56542480e-01  3.18582581e-09  1.56540778e-07  7.87049004e-08  5.40000000e-01 
 5.50000000e-01  4.56542486e-01  4.56542485e-01  4.56542486e-01  3.32878139e-09  4.56542486e-01  4.56542486e-01  3.18582581e-09  1.56540776e-07  7.87049146e-08  5.50000000e-01 
 5.60000000e-01  4.56542476e-01  4.56542476e-01  4.56542476e-01  3.32878133e-09  4.56542476e-01  4.56542476e-01  3.18582581e-09  1.56540772e-07  7.87048577e-08  5.60000000e-01 
 5.70000000e-01  4.56542501e-01  4.56542501e-01  4.56542501e-01  3.32878133e-09  4.56542501e-01  4.56542501e-01  3.18582581e-09  1.56540805e-07  7.87047760e-08  5.70000000e-01 
 5.80000000e-01  4.56542475e-01  4.56542474e-01  4.56542475e-01  3.32878139e-09  4.56542475e-01  4.56542475e-01  3.18582581e-09  1.56540783e-07  7.87047369e-08  5.80000000e-01 
 5.90000000e-01  4.56542482e-01  4.56542482e-01  4.56542482e-01  3.32878133e-09  4.56542482e-01  4.56542482e-01  3.18582575e-09  1.56540788e-07  7.87046943e-08  5.90000000e-01 
 6.00000000e-01  4.56542492e-01  4.56542492e-01  4.56542492e-01  3.32878139e-09  4.56542492e-01  4.56542492e-01  3.18582577e-09  1.56540777e-07  7.87046375e-08  6.00000000e-01 
 6.10000000e-01  4.56542499e-01  4.56542499e-01  4.56542499e-01  3.32878133e-09  4.56542499e-01  4.56542499e-01  3.18582576e-09  1.56540796e-07  7.87046659e-08  6.10000000e-01 
 6.20000000e-01  4.56542513e-01  4.56542513e-01  4.56542513e-01  3.32878133e-09  4.56542513e-01  4.56542513e-01  3.18582582e-09  1.56540819e-07  7.87044740e-08  6.20000000e-01 
 6.30000000e-01  4.56542480e-01  4.56542480e-01  4.56542480e-01  3.32878133e-09  4.56542480e-01  4.56542480e-01  3.18582580e-09  1.56540777e-07  7.87043675e-08  6.30000000e-01 
 6.40000000e-01  4.56542481e-01  4.56542481e-01  4.56542481e-01  3.32878133e-09  4.56542481e-01  4.56542481e-01  3.18582581e-09  1.56540778e-07  7.87042183e-08  6.40000000e-01 
 6.50000000e-01  4.56542493e-01  4.56542493e-01  4.56542493e-01  3.32878133e-09  4.56542493e-01  4.56542493e-01  3.18582581e-09  1.56540794e-07  7.87042609e-08  6.50000000e-01 
 6.60000000e-01  4.56542476e-01  4.56542476e-01  4.56542476e-01  3.32878133e-09  4.56542476e-01  4.56542476e-01  3.18582575e-09  1.56540774e-07  7.87040193e-08  6.60000000e-01 
 6.70000000e-01  4.56542479e-01  4.56542479e-01  4.56542479e-01  3.32878133e-09  4.56542479e-01  4.56542479e-01  3.18582576e-09  1.56540766e-07  7.87041117e-08  6.70000000e-01 
 6.80000000e-01  4.56542470e-01  4.56542469e-01  4.56542470e-01  3.32878133e-09  4.56542470e-01  4.56542470e-01  3.18582582e-09  1.56540744e-07  7.87040051e-08  6.80000000e-01 
 6.90000000e-01  4.56542507e-01  4.56542507e-01  4.56542507e-01  3.32878133e-09  4.56542507e-01  4.56542507e-01  3.18582580e-09  1.56540821e-07  7.87040477e-08  6.90000000e-01 
 7.00000000e-01  4.56542476e-01  4.56542476e-01  4.56542476e-01  3.32878133e-09  4.56542476e-01  4.56542476e-01  3.18582581e-09  1.56540779e-07  7.87038488e-08  7.00000000e-01 
 7.10000000e-01  4.56542482e-01  4.56542482e-01  4.56542482e-01  3.32878133e-09  4.56542482e-01  4.56542482e-01  3.18582581e-09  1.56540768e-07  7.87038417e-08  7.10000000e-01 
 7.20000000e-01  4.56542483e-01  4.56542483e-01  4.56542483e-01  3.32878139e-09  4.56542483e-01  4.56542483e-01  3.18582581e-09  1.56540786e-07  7.87037919e-08  7.20000000e-01 
 7.30000000e-01  4.56542483e-01  4.56542482e-01  4.56542483e-01  3.32878133e-09  4.56542483e-01  4.56542483e-01  3.18582581e-09  1.56540780e-07  7.87036498e-08  7.30000000e-01 
 7.40000000e-01  4.56542452e-01  4.56542452e-01  4.56542452e-01  3.32878133e-09  4.56542452e-01  4.56542452e-01  3.18582581e-09  1.56540729e-07  7.87034580e-08  7.40000000e-01 
 7.50000000e-01  4.56542521e-01  4.56542521e-01  4.56542521e-01  3.32878134e-09  4.56542521e-01  4.56542521e-01  3.18582575e-09  1.56540841e-07  7.87036498e-08  7.50000000e-01 
 7.60000000e-01  4.56542478e-01  4.56542478e-01  4.56542478e-01  3.32878133e-09  4.56542478e-01  4.56542478e-01  3.18582582e-09  1.56540773e-07  7.87034935e-08  7.60000000e-01 
 7.70000000e-01  4.56542475e-01  4.56542475e-01  4.56542475e-01  3.32878133e-09  4.56542475e-01  4.56542475e-01  3.18582580e-09  1.56540787e-07  7.87034011e-08  7.70000000e-01 
 7.80000000e-01  4.56542489e-01  4.56542489e-01  4.56542489e-01  3.32878133e-09  4.56542489e-01  4.56542489e-01  3.18582575e-09  1.56540783e-07  7.87033940e-08  7.80000000e-01 
 7.90000000e-01  4.56542480e-01  4.56542480e-01  4.56542480e-01  3.32878133e-09  4.56542480e-01  4.56542480e-01  3.18582582e-09  1.56540767e-07  7.87031880e-08  7.90000000e-01 
 8.00000000e-01  4.56542507e-01  4.56542507e-01  4.56542507e-01  3.32878133e-09  4.56542507e-01  4.56542507e-01  3.18582580e-09  1.56540827e-07  7.87032235e-08  8.00000000e-01 
 8.10000000e-01  4.56542477e-01  4.56542477e-01  4.56542477e-01  3.32878133e-09  4.56542477e-01  4.56542477e-01  3.18582575e-09  1.56540774e-07  7.87031169e-08  8.10000000e-01 
 8.20000000e-01  4.56542495e-01  4.56542495e-01  4.56542495e-01  3.32878133e-09  4.56542495e-01  4.56542495e-01  3.18582582e-09  1.56540781e-07  7.87031382e-08  8.20000000e-01 
 8.30000000e-01  4.56542493e-01  4.56542493e-01  4.56542493e-01  3.32878133e-09  4.56542493e-01  4.56542493e-01  3.18582575e-09  1.56540790e-07  7.87029606e-08  8.30000000e-01 
 8.40000000e-01  4.56542490e-01  4.56542490e-01  4.56542490e-01  3.32878139e-09  4.56542490e-01  4.56542490e-01  3.18582582e-09  1.56540797e-07  7.87030174e-08  8.40000000e-01 
 8.50000000e-01  4.56542477e-01  4.56542477e-01  4.56542477e-01  3.32878133e-09  4.56542477e-01  4.56542477e-01  3.18582580e-09  1.56540777e-07  7.87028824e-08  8.50000000e-01 
 8.60000000e-01  4.56542478e-01  4.56542478e-01  4.56542478e-01  3.32878133e-09  4.56542478e-01  4.56542478e-01  3.18582581e-09  1.56540766e-07  7.87029109e-08  8.60000000e-01 
 8.70000000e-01  4.56542491e-01  4.56542491e-01  4.56542491e-01  3.32878133e-09  4.56542491e-01  4.56542491e-01  3.18582581e-09  1.56540785e-07  7.87028114e-08  8.70000000e-01 
 8.80000000e-01  4.56542504e-01  4.56542504e-01  4.56542504e-01  3.32878133e-09  4.56542504e-01  4.56542504e-01  3.18582581e-09  1.56540806e-07  7.87026835e-08  8.80000000e-01 
 8.90000000e-01  4.56542493e-01  4.56542493e-01  4.56542493e-01  3.32878133e-09  4.56542493e-01  4.56542493e-01  3.18582581e-09  1.56540798e-07  7.87026124e-08  8.90000000e-01 
 9.00000000e-01  4.56542487e-01  4.56542487e-01  4.56542487e-01  3.32878133e-09  4.56542487e-01  4.56542487e-01  3.18582581e-09  1.56540783e-07  7.87024987e-08  9.00000000e-01 
 9.10000000e-01  4.56542504e-01  4.56542504e-01  4.56542504e-01  3.32878139e-09  4.56542504e-01  4.56542505e-01  3.18582581e-09  1.56540811e-07  7.87024561e-08  9.10000000e-01 
 9.20000000e-01  4.56542462e-01  4.56542462e-01  4.56542462e-01  3.32878133e-09  4.56542462e-01  4.56542462e-01  3.18582581e-09  1.56540739e-07  7.87024064e-08  9.20000000e-01 
 9.30000000e-01  4.56542485e-01  4.56542485e-01  4.56542485e-01  3.32878133e-09  4.56542485e-01  4.56542485e-01  3.18582575e-09  1.56540788e-07  7.87023922e-08  9.30000000e-01 
 9.40000000e-01  4.56542504e-01  4.56542504e-01  4.56542504e-01  3.32878133e-09  4.56542504e-01  4.56542504e-01  3.18582577e-09  1.56540803e-07  7.87023353e-08  9.40000000e-01 
 9.50000000e-01  4.56542488e-01  4.56542488e-01  4.56542488e-01  3.32878133e-09  4.56542488e-01  4.56542488e-01  3.18582576e-09  1.56540783e-07  7.87021790e-08  9.50000000e-01 
 9.60000000e-01  4.56542493e-01  4.56542493e-01  4.56542493e-01  3.32878139e-09  4.56542493e-01  4.56542493e-01  3.18582582e-09  1.56540799e-07  7.87021293e-08  9.60000000e-01 
 9.70000000e-01  4.56542491e-01  4.56542491e-01  4.56542491e-01  3.32878139e-09  4.56542491e-01  4.56542491e-01  3.18582580e-09  1.56540780e-07  7.87021790e-08  9.70000000e-01 
 9.80000000e-01  4.56542508e-01  4.56542508e-01  4.56542508e-01  3.32878133e-09  4.56542508e-01  4.56542508e-01  3.18582575e-09  1.56540817e-07  7.87020511e-08  9.80000000e-01 
 9.90000000e-01  4.56542491e-01  4.56542491e-01  4.56542491e-01  3.32878133e-09  4.56542491e-01  4.56542491e-01  3.18582582e-09  1.56540788e-07  7.87018877e-08  9.90000000e-01 
 1.00000000e+00  4.56542486e-01  4.56542486e-01  4.56542486e-01  3.32878133e-09  4.56542486e-01  4.56542486e-01  3.18582580e-09  1.56540771e-07  7.87018450e-08  1.00000000e+00 
 1.01000000e+00  4.56542492e-01  4.56542492e-01  4.56542492e-01  3.32878139e-09  4.56542492e-01  4.56542492e-01  3.18582581e-09  1.56540797e-07  7.87018024e-08  1.01000000e+00 
 1.02000000e+00  4.56542463e-01  4.56542462e-01  4.56542463e-01  3.32878133e-09  4.56542463e-01  4.56542463e-01  3.18582575e-09  1.56540753e-07  7.87016603e-08  1.02000000e+00 
 1.03000000e+00  4.56542483e-01  4.56542483e-01  4.56542483e-01  3.32878133e-09  4.56542483e-01  4.56542483e-01  3.18582577e-09  1.56540793e-07  7.87016745e-08  1.03000000e+00 
 1.04000000e+00  4.56542479e-01  4.56542478e-01  4.56542479e-01  3.32878133e-09  4.56542479e-01  4.56542479e-01  3.18582576e-09  1.56540775e-07  7.87013903e-08  1.04000000e+00 
 1.05000000e+00  4.56542485e-01  4.56542485e-01  4.56542485e-01  3.32878133e-09  4.56542485e-01  4.56542485e-01  3.18582576e-09  1.56540772e-07  7.87014542e-08  1.05000000e+00 
 1.06000000e+00  4.56542481e-01  4.56542481e-01  4.56542481e-01  3.32878133e-09  4.56542481e-01  4.56542482e-01  3.18582576e-09  1.56540782e-07  7.87014187e-08  1.06000000e+00 
 1.07000000e+00  4.56542494e-01  4.56542494e-01  4.56542494e-01  3.32878133e-09  4.56542494e-01  4.56542494e-01  3.18582582e-09  1.56540789e-07  7.87013121e-08  1.07000000e+00 
 1.08000000e+00  4.56542459e-01  4.56542459e-01  4.56542459e-01  3.32878139e-09  4.56542459e-01  4.56542459e-01  3.18582580e-09  1.56540759e-07  7.87011132e-08  1.08000000e+00 
 1.09000000e+00  4.56542470e-01  4.56542470e-01  4.56542470e-01  3.32878133e-09  4.56542470e-01  4.56542471e-01  3.18582576e-09  1.56540768e-07  7.87010421e-08  1.09000000e+00 
 1.10000000e+00  4.56542474e-01  4.56542474e-01  4.56542474e-01  3.32878133e-09  4.56542474e-01  4.56542474e-01  3.18582582e-09  1.56540774e-07  7.87010421e-08  1.10000000e+00 
 1.11000000e+00  4.56542508e-01  4.56542508e-01  4.56542508e-01  3.32878133e-09  4.56542508e-01  4.56542508e-01  3.18582580e-09  1.56540811e-07  7.87009000e-08  1.11000000e+00 
 1.12000000e+00  4.56542473e-01  4.56542473e-01  4.56542473e-01  3.32878133e-09  4.56542473e-01  4.56542473e-01  3.18582575e-09  1.56540770e-07  7.87009213e-08  1.12000000e+00 
 1.13000000e+00  4.56542488e-01  4.56542488e-01  4.56542488e-01  3.32878133e-09  4.56542488e-01  4.56542488e-01  3.18582582e-09  1.56540788e-07  7.87007721e-08  1.13000000e+00 
 1.14000000e+00  4.56542460e-01  4.56542460e-01  4.56542460e-01  3.32878133e-09  4.56542460e-01  4.56542460e-01  3.18582580e-09  1.56540757e-07  7.87006087e-08  1.14000000e+00 
 1.15000000e+00  4.56542479e-01  4.56542479e-01  4.56542479e-01  3.32878133e-09  4.56542479e-01  4.56542479e-01  3.18582576e-09  1.56540778e-07  7.87006513e-08  1.15000000e+00 
 1.16000000e+00  4.56542498e-01  4.56542498e-01  4.56542498e-01  3.32878133e-09  4.56542498e-01  4.56542498e-01  3.18582582e-09  1.56540798e-07  7.87006940e-08  1.16000000e+00 
 1.17000000e+00  4.56542496e-01  4.56542496e-01  4.56542496e-01  3.32878133e-09  4.56542496e-01  4.56542496e-01  3.18582580e-09  1.56540801e-07  7.87004382e-08  1.17000000e+00 
 1.18000000e+00  4.56542469e-01  4.56542469e-01  4.56542469e-01  3.32878133e-09  4.56542469e-01  4.56542469e-01  3.18582575e-09  1.56540762e-07  7.87002818e-08  1.18000000e+00 
 1.19000000e+00  4.56542480e-01  4.56542480e-01  4.56542480e-01  3.32878133e-09  4.56542480e-01  4.56542480e-01  3.18582582e-09  1.56540791e-07  7.87002818e-08  1.19000000e+00 
 1.20000000e+00  4.56542492e-01  4.56542491e-01  4.56542492e-01  3.32878133e-09  4.56542491e-01  4.56542492e-01  3.18582580e-09  1.56540794e-07  7.87002676e-08  1.20000000e+00 
 1.21000000e+00  4.56542500e-01  4.56542500e-01  4.56542500e-01  3.32878133e-09  4.56542500e-01  4.56542500e-01  3.18582581e-09  1.56540803e-07  7.87001113e-08  1.21000000e+00 
 1.22000000e+00  4.56542493e-01  4.56542493e-01  4.56542493e-01  3.32878133e-09  4.56542493e-01  4.56542493e-01  3.18582581e-09  1.56540799e-07  7.87000829e-08  1.22000000e+00 
 1.23000000e+00  4.56542482e-01  4.56542481e-01  4.56542482e-01  3.32878133e-09  4.56542482e-01  4.56542482e-01  3.18582575e-09  1.56540785e-07  7.86998982e-08  1.23000000e+00 
 1.24000000e+00  4.56542485e-01  4.56542485e-01  4.56542485e-01  3.32878133e-09  4.56542485e-01  4.56542485e-01  3.18582577e-09  1.56540778e-07  7.86999550e-08  1.24000000e+00 
 1.25000000e+00  4.56542469e-01  4.56542469e-01  4.56542469e-01  3.32878133e-09  4.56542469e-01  4.56542469e-01  3.18582582e-09  1.56540757e-07  7.86998129e-08  1.25000000e+00 
 1.26000000e+00  4.56542480e-01  4.56542480e-01  4.56542480e-01  3.32878133e-09  4.56542480e-01  4.56542480e-01  3.18582580e-09  1.56540780e-07  7.86995713e-08  1.26000000e+00 
 1.27000000e+00  4.56542480e-01  4.56542480e-01  4.56542480e-01  3.32878133e-09  4.56542480e-01  4.56542480e-01  3.18582581e-09  1.56540770e-07  7.86995429e-08  1.27000000e+00 
 1.28000000e+00  4.56542487e-01  4.56542487e-01  4.56542487e-01  3.32878133e-09  4.56542487e-01  4.56542487e-01  3.18582581e-09  1.56540777e-07  7.86995145e-08  1.28000000e+00 
 1.29000000e+00  4.56542498e-01  4.56542497e-01  4.56542498e-01  3.32878133e-09  4.56542498e-01  4.56542498e-01  3.18582575e-09  1.56540797e-07  7.86994008e-08  1.29000000e+00 
 1.30000000e+00  4.56542470e-01  4.56542469e-01  4.56542470e-01  3.32878133e-09  4.56542470e-01  4.56542470e-01  3.18582582e-09  1.56540760e-07  7.86993866e-08  1.30000000e+00 
 1.31000000e+00  4.56542485e-01  4.56542484e-01  4.56542485e-01  3.32878133e-09  4.56542485e-01  4.56542485e-01  3.18582580e-09  1.56540793e-07  7.86992445e-08  1.31000000e+00 
 1.32000000e+00  4.56542485e-01  4.56542485e-01  4.56542485e-01  3.32878133e-09  4.56542485e-01  4.56542485e-01  3.18582581e-09  1.56540775e-07  7.86990739e-08  1.32000000e+00 
 1.33000000e+00  4.56542499e-01  4.56542499e-01  4.56542499e-01  3.32878133e-09  4.56542499e-01  4.56542499e-01  3.18582575e-09  1.56540796e-07  7.86989744e-08  1.33000000e+00 
 1.34000000e+00  4.56542477e-01  4.56542477e-01  4.56542477e-01  3.32878133e-09  4.56542477e-01  4.56542477e-01  3.18582582e-09  1.56540761e-07  7.86988181e-08  1.34000000e+00 
 1.35000000e+00  4.56542498e-01  4.56542498e-01  4.56542498e-01  3.32878133e-09  4.56542498e-01  4.56542498e-01  3.18582580e-09  1.56540799e-07  7.86988466e-08  1.35000000e+00 
 1.36000000e+00  4.56542478e-01  4.56542478e-01  4.56542478e-01  3.32878133e-09  4.56542478e-01  4.56542478e-01  3.18582581e-09  1.56540771e-07  7.86987329e-08  1.36000000e+00 
 1.37000000e+00  4.56542483e-01  4.56542483e-01  4.56542483e-01  3.32878133e-09  4.56542483e-01  4.56542483e-01  3.18582581e-09  1.56540766e-07  7.86985623e-08  1.37000000e+00 
 1.38000000e+00  4.56542524e-01  4.56542524e-01  4.56542524e-01  3.32878134e-09  4.56542524e-01  4.56542524e-01  3.18582581e-09  1.56540830e-07  7.86984344e-08  1.38000000e+00 
 1.39000000e+00  4.56542479e-01  4.56542479e-01  4.56542479e-01  3.32878133e-09  4.56542479e-01  4.56542479e-01  3.18582581e-09  1.56540775e-07  7.86983207e-08  1.39000000e+00 
 1.40000000e+00  4.56542491e-01  4.56542491e-01  4.56542491e-01  3.32878133e-09  4.56542491e-01  4.56542491e-01  3.18582575e-09  1.56540801e-07  7.86981218e-08  1.40000000e+00 
 1.41000000e+00  4.56542474e-01  4.56542474e-01  4.56542474e-01  3.32878133e-09  4.56542474e-01  4.56542474e-01  3.18582576e-09  1.56540764e-07  7.86981644e-08  1.41000000e+00 
 1.42000000e+00  4.56542503e-01  4.56542503e-01  4.56542503e-01  3.32878133e-09  4.56542503e-01  4.56542503e-01  3.18582582e-09  1.56540813e-07  7.86978518e-08  1.42000000e+00 
 1.43000000e+00  4.56542483e-01  4.56542483e-01  4.56542483e-01  3.32878133e-09  4.56542483e-01  4.56542483e-01  3.18582580e-09  1.56540788e-07  7.86975960e-08  1.43000000e+00 
 1.44000000e+00  4.56542492e-01  4.56542492e-01  4.56542492e-01  3.32878133e-09  4.56542492e-01  4.56542492e-01  3.18582581e-09  1.56540777e-07  7.86973686e-08  1.44000000e+00 
 1.45000000e+00  4.56542476e-01  4.56542476e-01  4.56542476e-01  3.32878133e-09  4.56542476e-01  4.56542476e-01  3.18582575e-09  1.56540770e-07  7.86972834e-08  1.45000000e+00 
 1.46000000e+00  4.56542484e-01  4.56542484e-01  4.56542484e-01  3.32878133e-09  4.56542484e-01  4.56542484e-01  3.18582577e-09  1.56540769e-07  7.86970276e-08  1.46000000e+00 
 1.47000000e+00  4.56542476e-01  4.56542476e-01  4.56542476e-01  3.32878133e-09  4.56542476e-01  4.56542476e-01  3.18582576e-09  1.56540772e-07  7.86968144e-08  1.47000000e+00 
 1.48000000e+00  4.56542494e-01  4.56542494e-01  4.56542494e-01  3.32878133e-09  4.56542494e-01  4.56542494e-01  3.18582582e-09  1.56540810e-07  7.86964449e-08  1.48000000e+00 
 1.49000000e+00  4.56542468e-01  4.56542468e-01  4.56542468e-01  3.32878133e-09  4.56542468e-01  4.56542468e-01  3.18582580e-09  1.56540751e-07  7.86959475e-08  1.49000000e+00 
 1.50000000e+00  4.56542502e-01  4.56542502e-01  4.56542502e-01  3.32878133e-09  4.56542502e-01  4.56542502e-01  3.18582577e-09  1.56540804e-07  7.86956207e-08  1.50000000e+00 
 1.51000000e+00  4.56542476e-01  4.56542476e-01  4.56542476e-01  3.32878133e-09  4.56542476e-01  4.56542476e-01  3.18582582e-09  1.56540772e-07  7.86952228e-08  1.51000000e+00 
 1.52000000e+00  4.56542486e-01  4.56542486e-01  4.56542486e-01  3.32878133e-09  4.56542486e-01  4.56542486e-01  3.18582580e-09  1.56540789e-07  7.86945122e-08  1.52000000e+00 
 1.53000000e+00  4.56542483e-01  4.56542483e-01  4.56542483e-01  3.32878133e-09  4.56542483e-01  4.56542483e-01  3.18582581e-09  1.56540783e-07  7.86935033e-08  1.53000000e+00 
 1.54000000e+00  4.56542502e-01  4.56542502e-01  4.56542502e-01  3.32878133e-09  4.56542502e-01  4.56542502e-01  3.18582581e-09  1.56540806e-07  7.86925654e-08  1.54000000e+00 
 1.55000000e+00  4.56542462e-01  4.56542462e-01  4.56542462e-01  3.32878133e-09  4.56542462e-01  4.56542462e-01  3.18582581e-09  1.56540751e-07  7.86908601e-08  1.55000000e+00 
 1.56000000e+00  4.56542498e-01  4.56542498e-01  4.56542498e-01  3.32878133e-09  4.56542498e-01  4.56542498e-01  3.18582581e-09  1.56540824e-07  7.86885579e-08  1.56000000e+00 
 1.57000000e+00  4.56542492e-01  4.56542492e-01  4.56542492e-01  3.32878133e-09  4.56542492e-01  4.56542492e-01  3.18582575e-09  1.56540808e-07  7.86851757e-08  1.57000000e+00 
 1.58000000e+00  4.56542484e-01  4.56542484e-01  4.56542484e-01  3.32878139e-09  4.56542484e-01  4.56542485e-01  3.18582577e-09  1.56540769e-07  7.86792356e-08  1.58000000e+00 
 1.59000000e+00  4.56542477e-01  4.56542477e-01  4.56542477e-01  3.32878133e-09  4.56542477e-01  4.56542477e-01  3.18582582e-09  1.56540770e-07  7.86694159e-08  1.59000000e+00 
 1.60000000e+00  4.56542474e-01  4.56542474e-01  4.56542474e-01  3.32878133e-09  4.56542474e-01  4.56542474e-01  3.18582580e-09  1.56540766e-07  7.86519223e-08  1.60000000e+00 
 1.61000000e+00  4.56542465e-01  4.56542465e-01  4.56542465e-01  3.32878133e-09  4.56542465e-01  4.56542465e-01  3.18582581e-09  1.56540746e-07  7.86196637e-08  1.61000000e+00 
 1.62000000e+00  4.56542489e-01  4.56542488e-01  4.56542489e-01  3.32878133e-09  4.56542489e-01  4.56542489e-01  3.18582581e-09  1.56540793e-07  7.85570791e-08  1.62000000e+00 
 1.63000000e+00  4.56542483e-01  4.56542483e-01  4.56542483e-01  3.32878133e-09  4.56542483e-01  4.56542483e-01  3.18582581e-09  1.56540770e-07  7.84165337e-08  1.63000000e+00 
 1.64000000e+00  4.56542485e-01  4.56542485e-01  4.56542485e-01  3.32878133e-09  4.56542485e-01  4.56542485e-01  3.18582581e-09  1.56540774e-07  7.78207720e-08  1.64000000e+00 
 1.65000000e+00  4.56542473e-01  4.56542472e-01  4.56542473e-01  3.32878133e-09  4.56542473e-01  4.56542473e-01  3.18582581e-09  1.56540753e-07  7.63120624e-08  1.65000000e+00 
 1.66000000e+00  4.56542496e-01  4.56542496e-01  4.56542496e-01  3.32878139e-09  4.56542496e-01  4.56542496e-01  3.18582576e-09  1.56540802e-07  6.62503226e-08  1.66000000e+00 
 1.67000000e+00  4.56542490e-01  4.56542490e-01  4.56542490e-01  3.32878133e-09  4.56542490e-01  4.56542490e-01  3.18582576e-09  1.56540779e-07  5.33536308e-08  1.67000000e+00 
 1.68000000e+00  4.56542464e-01  4.56542464e-01  4.56542464e-01  3.32878133e-09  4.56542464e-01  4.56542464e-01  3.18582581e-09  1.56540753e-07  4.26080362e-08  1.68000000e+00 
 1.69000000e+00  4.56542483e-01  4.56542483e-01  4.56542483e-01  3.32878139e-09  4.56542483e-01  4.56542483e-01  3.18582580e-09  1.56540778e-07  3.37245183e-08  1.69000000e+00 
 1.70000000e+00  4.56542481e-01  4.56542481e-01  4.56542481e-01  3.32878133e-09  4.56542481e-01  4.56542481e-01  3.18582575e-09  1.56540780e-07  2.64216453e-08  1.70000000e+00 
 1.71000000e+00  4.56542478e-01  4.56542478e-01  4.56542478e-01  3.32878133e-09  4.56542478e-01  4.56542478e-01  3.18582576e-09  1.56540767e-07  2.04421582e-08  1.71000000e+00 
 1.72000000e+00  4.56542474e-01  4.56542474e-01  4.56542474e-01  3.32878133e-09  4.56542474e-01  4.56542474e-01  3.18582582e-09  1.56540754e-07  1.55612554e-08  1.72000000e+00 
 1.73000000e+00  4.56542506e-01  4.56542506e-01  4.56542506e-01  3.32878133e-09  4.56542506e-01  4.56542506e-01  3.18582580e-09  1.56540824e-07  1.15836798e-08  1.73000000e+00 
 1.74000000e+00  4.56542471e-01  4.56542471e-01  4.56542471e-01  3.32878133e-09  4.56542471e-01  4.56542471e-01  3.18582575e-09  1.56540762e-07  8.34059222e-09  1.74000000e+00 
 1.75000000e+00  4.56542481e-01  4.56542480e-01  4.56542480e-01  3.32878133e-09  4.56542480e-01  4.56542481e-01  3.18582582e-09  1.56540790e-07  5.68599035e-09  1.75000000e+00 
 1.76000000e+00  4.56542492e-01  4.56542491e-01  4.56542492e-01  3.32878133e-09  4.56542492e-01  4.56542492e-01  3.18582580e-09  1.56540784e-07  3.49483287e-09  1.76000000e+00 
 1.77000000e+00  4.56542480e-01  4.56542480e-01  4.56542480e-01  3.32878133e-09  4.56542480e-01  4.56542480e-01  3.18582581e-09  1.56540779e-07  1.66869540e-09  1.77000000e+00 
 1.78000000e+00  4.56542470e-01  4.56542470e-01  4.56542470e-01  3.32878133e-09  4.56542470e-01  4.56542470e-01  3.18582581e-09  1.56540758e-07  1.47224455e-10  1.78000000e+00 
 1.79000000e+00  4.56542485e-01  4.56542485e-01  4.56542485e-01  3.32878133e-09  4.56542485e-01  4.56542485e-01  3.18582581e-09  1.56540776e-07 -1.08943254e-09  1.79000000e+00 
 1.80000000e+00  4.56542502e-01  4.56542502e-01  4.56542502e-01  3.32878139e-09  4.56542502e-01  4.56542502e-01  3.18582581e-09  1.56540811e-07 -2.04200035e-09  1.80000000e+00 
