 v-sweep         v(b0)           v(b1)           v(b2)           v(b3)           v(b4)           v(b5)           v(b6)           i(vbias)        i(viout)        v(vout)        
 0.00000000e+00  4.57969164e-01  3.31566004e-09  4.57969164e-01  3.19964687e-09  4.57969164e-01  4.57969164e-01  4.57969164e-01  1.57686972e-07  1.77057760e-07  0.00000000e+00 
 1.00000000e-02  4.57969152e-01  3.31566004e-09  4.57969152e-01  3.19964692e-09  4.57969152e-01  4.57969152e-01  4.57969152e-01  1.57686933e-07  1.77057213e-07  1.00000000e-02 
 2.00000000e-02  4.57969153e-01  3.31565999e-09  4.57969153e-01  3.19964691e-09  4.57969153e-01  4.57969153e-01  4.57969153e-01  1.57686933e-07  1.77056665e-07  2.00000000e-02 
 3.00000000e-02  4.57969138e-01  3.31565999e-09  4.57969137e-01  3.19964692e-09  4.57969137e-01  4.57969137e-01  4.57969138e-01  1.57686899e-07  1.77056141e-07  3.00000000e-02 
 4.00000000e-02  4.57969157e-01  3.31565999e-09  4.57969156e-01  3.19964692e-09  4.57969157e-01  4.57969157e-01  4.57969157e-01  1.57686956e-07  1.77055901e-07  4.00000000e-02 
 5.00000000e-02  4.57969125e-01  3.31565999e-09  4.57969125e-01  3.19964691e-09  4.57969125e-01  4.57969125e-01  4.57969125e-01  1.57686894e-07  1.77055313e-07  5.00000000e-02 
 6.00000000e-02  4.57969150e-01  3.31565999e-09  4.57969150e-01  3.19964692e-09  4.57969150e-01  4.57969150e-01  4.57969150e-01  1.57686951e-07  1.77055143e-07  6.00000000e-02 
 7.00000000e-02  4.57969155e-01  3.31565999e-09  4.57969155e-01  3.19964686e-09  4.57969155e-01  4.57969155e-01  4.57969155e-01  1.57686952e-07  1.77054720e-07  7.00000000e-02 
 8.00000000e-02  4.57969131e-01  3.31565999e-09  4.57969130e-01  3.19964693e-09  4.57969131e-01  4.57969130e-01  4.57969131e-01  1.57686904e-07  1.77054282e-07  8.00000000e-02 
 9.00000000e-02  4.57969174e-01  3.31566004e-09  4.57969174e-01  3.19964691e-09  4.57969174e-01  4.57969174e-01  4.57969174e-01  1.57686971e-07  1.77054144e-07  9.00000000e-02 
 1.00000000e-01  4.57969144e-01  3.31566004e-09  4.57969144e-01  3.19964686e-09  4.57969144e-01  4.57969144e-01  4.57969144e-01  1.57686910e-07  1.77053690e-07  1.00000000e-01 
 1.10000000e-01  4.57969145e-01  3.31566004e-09  4.57969145e-01  3.19964693e-09  4.57969145e-01  4.57969145e-01  4.57969145e-01  1.57686915e-07  1.77053363e-07  1.10000000e-01 
 1.20000000e-01  4.57969128e-01  3.31565999e-09  4.57969127e-01  3.19964691e-09  4.57969127e-01  4.57969127e-01  4.57969128e-01  1.57686893e-07  1.77053096e-07  1.20000000e-01 
 1.30000000e-01  4.57969166e-01  3.31566004e-09  4.57969166e-01  3.19964692e-09  4.57969166e-01  4.57969166e-01  4.57969166e-01  1.57686953e-07  1.77052899e-07  1.30000000e-01 
 1.40000000e-01  4.57969167e-01  3.31566004e-09  4.57969166e-01  3.19964692e-09  4.57969167e-01  4.57969167e-01  4.57969167e-01  1.57686963e-07  1.77052686e-07  1.40000000e-01 
 1.50000000e-01  4.57969168e-01  3.31566004e-09  4.57969168e-01  3.19964686e-09  4.57969168e-01  4.57969168e-01  4.57969169e-01  1.57686964e-07  1.77052270e-07  1.50000000e-01 
 1.60000000e-01  4.57969142e-01  3.31566004e-09  4.57969142e-01  3.19964687e-09  4.57969142e-01  4.57969142e-01  4.57969142e-01  1.57686927e-07  1.77051973e-07  1.60000000e-01 
 1.70000000e-01  4.57969141e-01  3.31565999e-09  4.57969141e-01  3.19964692e-09  4.57969141e-01  4.57969141e-01  4.57969141e-01  1.57686919e-07  1.77051627e-07  1.70000000e-01 
 1.80000000e-01  4.57969152e-01  3.31565999e-09  4.57969152e-01  3.19964691e-09  4.57969152e-01  4.57969152e-01  4.57969152e-01  1.57686949e-07  1.77051550e-07  1.80000000e-01 
 1.90000000e-01  4.57969137e-01  3.31565999e-09  4.57969137e-01  3.19964686e-09  4.57969137e-01  4.57969137e-01  4.57969137e-01  1.57686917e-07  1.77051238e-07  1.90000000e-01 
 2.00000000e-01  4.57969159e-01  3.31565999e-09  4.57969159e-01  3.19964693e-09  4.57969159e-01  4.57969159e-01  4.57969159e-01  1.57686946e-07  1.77051074e-07  2.00000000e-01 
 2.10000000e-01  4.57969148e-01  3.31565999e-09  4.57969147e-01  3.19964691e-09  4.57969148e-01  4.57969148e-01  4.57969148e-01  1.57686930e-07  1.77050836e-07  2.10000000e-01 
 2.20000000e-01  4.57969162e-01  3.31565999e-09  4.57969162e-01  3.19964692e-09  4.57969162e-01  4.57969162e-01  4.57969162e-01  1.57686948e-07  1.77050573e-07  2.20000000e-01 
 2.30000000e-01  4.57969150e-01  3.31565999e-09  4.57969150e-01  3.19964692e-09  4.57969150e-01  4.57969150e-01  4.57969151e-01  1.57686938e-07  1.77050406e-07  2.30000000e-01 
 2.40000000e-01  4.57969144e-01  3.31566004e-09  4.57969144e-01  3.19964692e-09  4.57969144e-01  4.57969144e-01  4.57969144e-01  1.57686922e-07  1.77050026e-07  2.40000000e-01 
 2.50000000e-01  4.57969155e-01  3.31566004e-09  4.57969155e-01  3.19964692e-09  4.57969155e-01  4.57969155e-01  4.57969155e-01  1.57686943e-07  1.77049898e-07  2.50000000e-01 
 2.60000000e-01  4.57969141e-01  3.31566004e-09  4.57969141e-01  3.19964692e-09  4.57969141e-01  4.57969141e-01  4.57969141e-01  1.57686926e-07  1.77049795e-07  2.60000000e-01 
 2.70000000e-01  4.57969169e-01  3.31566004e-09  4.57969168e-01  3.19964692e-09  4.57969169e-01  4.57969168e-01  4.57969169e-01  1.57686953e-07  1.77049703e-07  2.70000000e-01 
 2.80000000e-01  4.57969158e-01  3.31565999e-09  4.57969158e-01  3.19964686e-09  4.57969158e-01  4.57969158e-01  4.57969158e-01  1.57686951e-07  1.77049515e-07  2.80000000e-01 
 2.90000000e-01  4.57969140e-01  3.31566004e-09  4.57969140e-01  3.19964687e-09  4.57969140e-01  4.57969140e-01  4.57969140e-01  1.57686922e-07  1.77049177e-07  2.90000000e-01 
 3.00000000e-01  4.57969187e-01  3.31565999e-09  4.57969187e-01  3.19964692e-09  4.57969187e-01  4.57969187e-01  4.57969187e-01  1.57686994e-07  1.77049191e-07  3.00000000e-01 
 3.10000000e-01  4.57969153e-01  3.31566004e-09  4.57969153e-01  3.19964691e-09  4.57969153e-01  4.57969153e-01  4.57969153e-01  1.57686927e-07  1.77048868e-07  3.10000000e-01 
 3.20000000e-01  4.57969133e-01  3.31565999e-09  4.57969133e-01  3.19964692e-09  4.57969133e-01  4.57969133e-01  4.57969133e-01  1.57686897e-07  1.77048602e-07  3.20000000e-01 
 3.30000000e-01  4.57969155e-01  3.31566004e-09  4.57969155e-01  3.19964692e-09  4.57969155e-01  4.57969155e-01  4.57969155e-01  1.57686950e-07  1.77048488e-07  3.30000000e-01 
 3.40000000e-01  4.57969159e-01  3.31566004e-09  4.57969159e-01  3.19964692e-09  4.57969159e-01  4.57969159e-01  4.57969159e-01  1.57686949e-07  1.77048349e-07  3.40000000e-01 
 3.50000000e-01  4.57969151e-01  3.31565999e-09  4.57969151e-01  3.19964692e-09  4.57969151e-01  4.57969151e-01  4.57969151e-01  1.57686934e-07  1.77048179e-07  3.50000000e-01 
 3.60000000e-01  4.57969137e-01  3.31565999e-09  4.57969137e-01  3.19964692e-09  4.57969137e-01  4.57969137e-01  4.57969137e-01  1.57686901e-07  1.77047962e-07  3.60000000e-01 
 3.70000000e-01  4.57969151e-01  3.31565999e-09  4.57969150e-01  3.19964686e-09  4.57969150e-01  4.57969150e-01  4.57969151e-01  1.57686926e-07  1.77047987e-07  3.70000000e-01 
 3.80000000e-01  4.57969139e-01  3.31565999e-09  4.57969139e-01  3.19964693e-09  4.57969139e-01  4.57969139e-01  4.57969139e-01  1.57686918e-07  1.77047593e-07  3.80000000e-01 
 3.90000000e-01  4.57969149e-01  3.31566004e-09  4.57969149e-01  3.19964691e-09  4.57969149e-01  4.57969149e-01  4.57969149e-01  1.57686925e-07  1.77047593e-07  3.90000000e-01 
 4.00000000e-01  4.57969122e-01  3.31566004e-09  4.57969122e-01  3.19964691e-09  4.57969122e-01  4.57969122e-01  4.57969122e-01  1.57686885e-07  1.77047262e-07  4.00000000e-01 
 4.10000000e-01  4.57969149e-01  3.31565999e-09  4.57969149e-01  3.19964692e-09  4.57969149e-01  4.57969149e-01  4.57969149e-01  1.57686928e-07  1.77047269e-07  4.10000000e-01 
 4.20000000e-01  4.57969142e-01  3.31565999e-09  4.57969142e-01  3.19964692e-09  4.57969142e-01  4.57969142e-01  4.57969142e-01  1.57686944e-07  1.77047017e-07  4.20000000e-01 
 4.30000000e-01  4.57969155e-01  3.31565999e-09  4.57969154e-01  3.19964686e-09  4.57969154e-01  4.57969154e-01  4.57969155e-01  1.57686944e-07  1.77047077e-07  4.30000000e-01 
 4.40000000e-01  4.57969151e-01  3.31565999e-09  4.57969151e-01  3.19964693e-09  4.57969151e-01  4.57969151e-01  4.57969151e-01  1.57686940e-07  1.77046989e-07  4.40000000e-01 
 4.50000000e-01  4.57969132e-01  3.31566004e-09  4.57969132e-01  3.19964691e-09  4.57969132e-01  4.57969132e-01  4.57969132e-01  1.57686901e-07  1.77046601e-07  4.50000000e-01 
 4.60000000e-01  4.57969143e-01  3.31565999e-09  4.57969143e-01  3.19964692e-09  4.57969143e-01  4.57969143e-01  4.57969143e-01  1.57686927e-07  1.77046545e-07  4.60000000e-01 
 4.70000000e-01  4.57969145e-01  3.31566004e-09  4.57969145e-01  3.19964692e-09  4.57969145e-01  4.57969145e-01  4.57969145e-01  1.57686916e-07  1.77046395e-07  4.70000000e-01 
 4.80000000e-01  4.57969141e-01  3.31566004e-09  4.57969141e-01  3.19964692e-09  4.57969141e-01  4.57969141e-01  4.57969141e-01  1.57686916e-07  1.77046246e-07  4.80000000e-01 
 4.90000000e-01  4.57969164e-01  3.31566004e-09  4.57969164e-01  3.19964692e-09  4.57969164e-01  4.57969164e-01  4.57969164e-01  1.57686950e-07  1.77046253e-07  4.90000000e-01 
 5.00000000e-01  4.57969172e-01  3.31565999e-09  4.57969172e-01  3.19964686e-09  4.57969172e-01  4.57969172e-01  4.57969172e-01  1.57686969e-07  1.77046097e-07  5.00000000e-01 
 5.10000000e-01  4.57969125e-01  3.31565999e-09  4.57969125e-01  3.19964693e-09  4.57969125e-01  4.57969125e-01  4.57969125e-01  1.57686914e-07  1.77045706e-07  5.10000000e-01 
 5.20000000e-01  4.57969169e-01  3.31565999e-09  4.57969168e-01  3.19964691e-09  4.57969169e-01  4.57969169e-01  4.57969169e-01  1.57686975e-07  1.77045834e-07  5.20000000e-01 
 5.30000000e-01  4.57969158e-01  3.31565999e-09  4.57969158e-01  3.19964692e-09  4.57969158e-01  4.57969158e-01  4.57969158e-01  1.57686946e-07  1.77045685e-07  5.30000000e-01 
 5.40000000e-01  4.57969146e-01  3.31565999e-09  4.57969146e-01  3.19964686e-09  4.57969146e-01  4.57969146e-01  4.57969146e-01  1.57686924e-07  1.77045539e-07  5.40000000e-01 
 5.50000000e-01  4.57969124e-01  3.31565999e-09  4.57969124e-01  3.19964687e-09  4.57969124e-01  4.57969124e-01  4.57969124e-01  1.57686879e-07  1.77045248e-07  5.50000000e-01 
 5.60000000e-01  4.57969156e-01  3.31566004e-09  4.57969156e-01  3.19964692e-09  4.57969156e-01  4.57969156e-01  4.57969156e-01  1.57686949e-07  1.77045170e-07  5.60000000e-01 
 5.70000000e-01  4.57969144e-01  3.31565999e-09  4.57969144e-01  3.19964691e-09  4.57969144e-01  4.57969144e-01  4.57969144e-01  1.57686914e-07  1.77045010e-07  5.70000000e-01 
 5.80000000e-01  4.57969147e-01  3.31566004e-09  4.57969147e-01  3.19964686e-09  4.57969147e-01  4.57969147e-01  4.57969147e-01  1.57686939e-07  1.77044960e-07  5.80000000e-01 
 5.90000000e-01  4.57969130e-01  3.31566004e-09  4.57969130e-01  3.19964687e-09  4.57969130e-01  4.57969130e-01  4.57969130e-01  1.57686897e-07  1.77044747e-07  5.90000000e-01 
 6.00000000e-01  4.57969167e-01  3.31565999e-09  4.57969166e-01  3.19964692e-09  4.57969167e-01  4.57969167e-01  4.57969167e-01  1.57686944e-07  1.77044697e-07  6.00000000e-01 
 6.10000000e-01  4.57969163e-01  3.31565999e-09  4.57969163e-01  3.19964685e-09  4.57969163e-01  4.57969163e-01  4.57969163e-01  1.57686954e-07  1.77044534e-07  6.10000000e-01 
 6.20000000e-01  4.57969157e-01  3.31565999e-09  4.57969157e-01  3.19964687e-09  4.57969157e-01  4.57969157e-01  4.57969157e-01  1.57686944e-07  1.77044377e-07  6.20000000e-01 
 6.30000000e-01  4.57969138e-01  3.31565999e-09  4.57969138e-01  3.19964692e-09  4.57969138e-01  4.57969138e-01  4.57969138e-01  1.57686912e-07  1.77044207e-07  6.30000000e-01 
 6.40000000e-01  4.57969153e-01  3.31565999e-09  4.57969153e-01  3.19964691e-09  4.57969153e-01  4.57969153e-01  4.57969153e-01  1.57686937e-07  1.77044136e-07  6.40000000e-01 
 6.50000000e-01  4.57969147e-01  3.31565999e-09  4.57969147e-01  3.19964692e-09  4.57969147e-01  4.57969147e-01  4.57969147e-01  1.57686929e-07  1.77043951e-07  6.50000000e-01 
 6.60000000e-01  4.57969160e-01  3.31565999e-09  4.57969160e-01  3.19964686e-09  4.57969160e-01  4.57969160e-01  4.57969160e-01  1.57686956e-07  1.77043944e-07  6.60000000e-01 
 6.70000000e-01  4.57969154e-01  3.31565999e-09  4.57969154e-01  3.19964693e-09  4.57969154e-01  4.57969154e-01  4.57969155e-01  1.57686938e-07  1.77043702e-07  6.70000000e-01 
 6.80000000e-01  4.57969143e-01  3.31566004e-09  4.57969143e-01  3.19964691e-09  4.57969143e-01  4.57969143e-01  4.57969143e-01  1.57686917e-07  1.77043454e-07  6.80000000e-01 
 6.90000000e-01  4.57969159e-01  3.31566004e-09  4.57969159e-01  3.19964686e-09  4.57969159e-01  4.57969159e-01  4.57969159e-01  1.57686954e-07  1.77043411e-07  6.90000000e-01 
 7.00000000e-01  4.57969147e-01  3.31565999e-09  4.57969147e-01  3.19964687e-09  4.57969147e-01  4.57969147e-01  4.57969147e-01  1.57686942e-07  1.77043212e-07  7.00000000e-01 
 7.10000000e-01  4.57969147e-01  3.31566004e-09  4.57969147e-01  3.19964692e-09  4.57969147e-01  4.57969147e-01  4.57969147e-01  1.57686942e-07  1.77042985e-07  7.10000000e-01 
 7.20000000e-01  4.57969144e-01  3.31565999e-09  4.57969144e-01  3.19964691e-09  4.57969144e-01  4.57969144e-01  4.57969144e-01  1.57686915e-07  1.77043020e-07  7.20000000e-01 
 7.30000000e-01  4.57969157e-01  3.31566004e-09  4.57969157e-01  3.19964692e-09  4.57969157e-01  4.57969157e-01  4.57969157e-01  1.57686941e-07  1.77042914e-07  7.30000000e-01 
 7.40000000e-01  4.57969143e-01  3.31565999e-09  4.57969143e-01  3.19964692e-09  4.57969143e-01  4.57969143e-01  4.57969143e-01  1.57686939e-07  1.77042551e-07  7.40000000e-01 
 7.50000000e-01  4.57969160e-01  3.31565999e-09  4.57969159e-01  3.19964686e-09  4.57969159e-01  4.57969159e-01  4.57969160e-01  1.57686936e-07  1.77042700e-07  7.50000000e-01 
 7.60000000e-01  4.57969150e-01  3.31565999e-09  4.57969150e-01  3.19964693e-09  4.57969150e-01  4.57969150e-01  4.57969150e-01  1.57686929e-07  1.77042423e-07  7.60000000e-01 
 7.70000000e-01  4.57969161e-01  3.31566004e-09  4.57969161e-01  3.19964691e-09  4.57969161e-01  4.57969161e-01  4.57969161e-01  1.57686958e-07  1.77042246e-07  7.70000000e-01 
 7.80000000e-01  4.57969170e-01  3.31566004e-09  4.57969170e-01  3.19964692e-09  4.57969170e-01  4.57969170e-01  4.57969170e-01  1.57686977e-07  1.77042104e-07  7.80000000e-01 
 7.90000000e-01  4.57969138e-01  3.31566004e-09  4.57969138e-01  3.19964692e-09  4.57969138e-01  4.57969138e-01  4.57969138e-01  1.57686922e-07  1.77041805e-07  7.90000000e-01 
 8.00000000e-01  4.57969157e-01  3.31565999e-09  4.57969157e-01  3.19964692e-09  4.57969157e-01  4.57969157e-01  4.57969157e-01  1.57686947e-07  1.77041727e-07  8.00000000e-01 
 8.10000000e-01  4.57969120e-01  3.31566004e-09  4.57969119e-01  3.19964686e-09  4.57969120e-01  4.57969120e-01  4.57969120e-01  1.57686898e-07  1.77041429e-07  8.10000000e-01 
 8.20000000e-01  4.57969156e-01  3.31565999e-09  4.57969156e-01  3.19964687e-09  4.57969156e-01  4.57969156e-01  4.57969157e-01  1.57686954e-07  1.77041571e-07  8.20000000e-01 
 8.30000000e-01  4.57969137e-01  3.31566004e-09  4.57969137e-01  3.19964686e-09  4.57969137e-01  4.57969137e-01  4.57969137e-01  1.57686912e-07  1.77041294e-07  8.30000000e-01 
 8.40000000e-01  4.57969158e-01  3.31566004e-09  4.57969158e-01  3.19964687e-09  4.57969158e-01  4.57969158e-01  4.57969158e-01  1.57686951e-07  1.77041173e-07  8.40000000e-01 
 8.50000000e-01  4.57969146e-01  3.31566004e-09  4.57969146e-01  3.19964692e-09  4.57969146e-01  4.57969146e-01  4.57969146e-01  1.57686937e-07  1.77040931e-07  8.50000000e-01 
 8.60000000e-01  4.57969147e-01  3.31565999e-09  4.57969147e-01  3.19964685e-09  4.57969147e-01  4.57969147e-01  4.57969147e-01  1.57686931e-07  1.77040938e-07  8.60000000e-01 
 8.70000000e-01  4.57969138e-01  3.31566004e-09  4.57969137e-01  3.19964687e-09  4.57969138e-01  4.57969138e-01  4.57969138e-01  1.57686919e-07  1.77040711e-07  8.70000000e-01 
 8.80000000e-01  4.57969155e-01  3.31565999e-09  4.57969155e-01  3.19964687e-09  4.57969155e-01  4.57969155e-01  4.57969155e-01  1.57686952e-07  1.77040569e-07  8.80000000e-01 
 8.90000000e-01  4.57969164e-01  3.31565999e-09  4.57969164e-01  3.19964692e-09  4.57969164e-01  4.57969164e-01  4.57969164e-01  1.57686960e-07  1.77040633e-07  8.90000000e-01 
 9.00000000e-01  4.57969155e-01  3.31566004e-09  4.57969155e-01  3.19964691e-09  4.57969155e-01  4.57969155e-01  4.57969155e-01  1.57686940e-07  1.77040256e-07  9.00000000e-01 
 9.10000000e-01  4.57969141e-01  3.31565999e-09  4.57969141e-01  3.19964692e-09  4.57969141e-01  4.57969141e-01  4.57969141e-01  1.57686914e-07  1.77040015e-07  9.10000000e-01 
 9.20000000e-01  4.57969171e-01  3.31565999e-09  4.57969171e-01  3.19964686e-09  4.57969171e-01  4.57969171e-01  4.57969171e-01  1.57686969e-07  1.77040057e-07  9.20000000e-01 
 9.30000000e-01  4.57969170e-01  3.31566004e-09  4.57969170e-01  3.19964687e-09  4.57969170e-01  4.57969170e-01  4.57969170e-01  1.57686958e-07  1.77039979e-07  9.30000000e-01 
 9.40000000e-01  4.57969150e-01  3.31565999e-09  4.57969150e-01  3.19964692e-09  4.57969150e-01  4.57969150e-01  4.57969150e-01  1.57686933e-07  1.77039588e-07  9.40000000e-01 
 9.50000000e-01  4.57969161e-01  3.31566004e-09  4.57969161e-01  3.19964691e-09  4.57969161e-01  4.57969161e-01  4.57969161e-01  1.57686949e-07  1.77039439e-07  9.50000000e-01 
 9.60000000e-01  4.57969140e-01  3.31565999e-09  4.57969140e-01  3.19964686e-09  4.57969140e-01  4.57969140e-01  4.57969140e-01  1.57686915e-07  1.77039162e-07  9.60000000e-01 
 9.70000000e-01  4.57969144e-01  3.31565999e-09  4.57969144e-01  3.19964687e-09  4.57969144e-01  4.57969144e-01  4.57969144e-01  1.57686914e-07  1.77039155e-07  9.70000000e-01 
 9.80000000e-01  4.57969137e-01  3.31566004e-09  4.57969137e-01  3.19964686e-09  4.57969137e-01  4.57969137e-01  4.57969137e-01  1.57686900e-07  1.77038892e-07  9.80000000e-01 
 9.90000000e-01  4.57969179e-01  3.31565999e-09  4.57969179e-01  3.19964692e-09  4.57969179e-01  4.57969179e-01  4.57969179e-01  1.57686981e-07  1.77038771e-07  9.90000000e-01 
 1.00000000e+00  4.57969164e-01  3.31565999e-09  4.57969164e-01  3.19964685e-09  4.57969164e-01  4.57969164e-01  4.57969164e-01  1.57686953e-07  1.77038665e-07  1.00000000e+00 
 1.01000000e+00  4.57969155e-01  3.31565999e-09  4.57969155e-01  3.19964693e-09  4.57969155e-01  4.57969155e-01  4.57969155e-01  1.57686950e-07  1.77038494e-07  1.01000000e+00 
 1.02000000e+00  4.57969162e-01  3.31566004e-09  4.57969162e-01  3.19964691e-09  4.57969162e-01  4.57969162e-01  4.57969162e-01  1.57686950e-07  1.77038231e-07  1.02000000e+00 
 1.03000000e+00  4.57969133e-01  3.31565999e-09  4.57969133e-01  3.19964686e-09  4.57969133e-01  4.57969133e-01  4.57969133e-01  1.57686902e-07  1.77037997e-07  1.03000000e+00 
 1.04000000e+00  4.57969179e-01  3.31565999e-09  4.57969179e-01  3.19964687e-09  4.57969179e-01  4.57969179e-01  4.57969179e-01  1.57686979e-07  1.77038025e-07  1.04000000e+00 
 1.05000000e+00  4.57969160e-01  3.31565999e-09  4.57969160e-01  3.19964687e-09  4.57969160e-01  4.57969160e-01  4.57969160e-01  1.57686950e-07  1.77037734e-07  1.05000000e+00 
 1.06000000e+00  4.57969163e-01  3.31565999e-09  4.57969163e-01  3.19964692e-09  4.57969163e-01  4.57969163e-01  4.57969163e-01  1.57686954e-07  1.77037563e-07  1.06000000e+00 
 1.07000000e+00  4.57969157e-01  3.31566004e-09  4.57969157e-01  3.19964685e-09  4.57969157e-01  4.57969157e-01  4.57969157e-01  1.57686941e-07  1.77037371e-07  1.07000000e+00 
 1.08000000e+00  4.57969135e-01  3.31566004e-09  4.57969135e-01  3.19964693e-09  4.57969135e-01  4.57969135e-01  4.57969135e-01  1.57686899e-07  1.77037201e-07  1.08000000e+00 
 1.09000000e+00  4.57969153e-01  3.31565999e-09  4.57969153e-01  3.19964685e-09  4.57969153e-01  4.57969153e-01  4.57969153e-01  1.57686942e-07  1.77037123e-07  1.09000000e+00 
 1.10000000e+00  4.57969153e-01  3.31565999e-09  4.57969153e-01  3.19964687e-09  4.57969153e-01  4.57969153e-01  4.57969153e-01  1.57686937e-07  1.77036846e-07  1.10000000e+00 
 1.11000000e+00  4.57969164e-01  3.31565999e-09  4.57969164e-01  3.19964692e-09  4.57969164e-01  4.57969164e-01  4.57969164e-01  1.57686948e-07  1.77036547e-07  1.11000000e+00 
 1.12000000e+00  4.57969136e-01  3.31565999e-09  4.57969136e-01  3.19964691e-09  4.57969136e-01  4.57969136e-01  4.57969136e-01  1.57686908e-07  1.77036313e-07  1.12000000e+00 
 1.13000000e+00  4.57969156e-01  3.31566004e-09  4.57969156e-01  3.19964692e-09  4.57969156e-01  4.57969156e-01  4.57969156e-01  1.57686935e-07  1.77036149e-07  1.13000000e+00 
 1.14000000e+00  4.57969103e-01  3.31566004e-09  4.57969103e-01  3.19964691e-09  4.57969103e-01  4.57969103e-01  4.57969103e-01  1.57686876e-07  1.77035851e-07  1.14000000e+00 
 1.15000000e+00  4.57969136e-01  3.31566004e-09  4.57969136e-01  3.19964692e-09  4.57969136e-01  4.57969136e-01  4.57969136e-01  1.57686925e-07  1.77035709e-07  1.15000000e+00 
 1.16000000e+00  4.57969163e-01  3.31566004e-09  4.57969163e-01  3.19964686e-09  4.57969163e-01  4.57969163e-01  4.57969163e-01  1.57686947e-07  1.77035602e-07  1.16000000e+00 
 1.17000000e+00  4.57969171e-01  3.31565999e-09  4.57969170e-01  3.19964687e-09  4.57969171e-01  4.57969171e-01  4.57969171e-01  1.57686976e-07  1.77035417e-07  1.17000000e+00 
 1.18000000e+00  4.57969137e-01  3.31565999e-09  4.57969137e-01  3.19964686e-09  4.57969137e-01  4.57969137e-01  4.57969137e-01  1.57686923e-07  1.77035133e-07  1.18000000e+00 
 1.19000000e+00  4.57969165e-01  3.31565999e-09  4.57969165e-01  3.19964692e-09  4.57969165e-01  4.57969165e-01  4.57969165e-01  1.57686949e-07  1.77035005e-07  1.19000000e+00 
 1.20000000e+00  4.57969134e-01  3.31566004e-09  4.57969134e-01  3.19964691e-09  4.57969134e-01  4.57969134e-01  4.57969134e-01  1.57686912e-07  1.77034750e-07  1.20000000e+00 
 1.21000000e+00  4.57969148e-01  3.31565999e-09  4.57969148e-01  3.19964686e-09  4.57969148e-01  4.57969148e-01  4.57969148e-01  1.57686927e-07  1.77034408e-07  1.21000000e+00 
 1.22000000e+00  4.57969172e-01  3.31565999e-09  4.57969172e-01  3.19964687e-09  4.57969172e-01  4.57969172e-01  4.57969172e-01  1.57686969e-07  1.77034238e-07  1.22000000e+00 
 1.23000000e+00  4.57969167e-01  3.31565999e-09  4.57969167e-01  3.19964692e-09  4.57969167e-01  4.57969167e-01  4.57969167e-01  1.57686959e-07  1.77034138e-07  1.23000000e+00 
 1.24000000e+00  4.57969130e-01  3.31566004e-09  4.57969130e-01  3.19964691e-09  4.57969130e-01  4.57969130e-01  4.57969130e-01  1.57686909e-07  1.77033598e-07  1.24000000e+00 
 1.25000000e+00  4.57969153e-01  3.31566004e-09  4.57969153e-01  3.19964692e-09  4.57969153e-01  4.57969153e-01  4.57969153e-01  1.57686944e-07  1.77033371e-07  1.25000000e+00 
 1.26000000e+00  4.57969125e-01  3.31566004e-09  4.57969125e-01  3.19964691e-09  4.57969125e-01  4.57969125e-01  4.57969125e-01  1.57686910e-07  1.77032959e-07  1.26000000e+00 
 1.27000000e+00  4.57969150e-01  3.31566004e-09  4.57969150e-01  3.19964686e-09  4.57969150e-01  4.57969150e-01  4.57969150e-01  1.57686937e-07  1.77032945e-07  1.27000000e+00 
 1.28000000e+00  4.57969122e-01  3.31566004e-09  4.57969121e-01  3.19964687e-09  4.57969121e-01  4.57969121e-01  4.57969122e-01  1.57686898e-07  1.77032476e-07  1.28000000e+00 
 1.29000000e+00  4.57969154e-01  3.31565999e-09  4.57969153e-01  3.19964687e-09  4.57969153e-01  4.57969153e-01  4.57969154e-01  1.57686933e-07  1.77032263e-07  1.29000000e+00 
 1.30000000e+00  4.57969131e-01  3.31565999e-09  4.57969131e-01  3.19964692e-09  4.57969131e-01  4.57969131e-01  4.57969131e-01  1.57686915e-07  1.77031879e-07  1.30000000e+00 
 1.31000000e+00  4.57969137e-01  3.31566004e-09  4.57969137e-01  3.19964691e-09  4.57969137e-01  4.57969137e-01  4.57969137e-01  1.57686926e-07  1.77031609e-07  1.31000000e+00 
 1.32000000e+00  4.57969157e-01  3.31565999e-09  4.57969157e-01  3.19964686e-09  4.57969157e-01  4.57969157e-01  4.57969157e-01  1.57686937e-07  1.77031310e-07  1.32000000e+00 
 1.33000000e+00  4.57969157e-01  3.31565999e-09  4.57969157e-01  3.19964693e-09  4.57969157e-01  4.57969157e-01  4.57969157e-01  1.57686948e-07  1.77031026e-07  1.33000000e+00 
 1.34000000e+00  4.57969132e-01  3.31566004e-09  4.57969132e-01  3.19964691e-09  4.57969132e-01  4.57969132e-01  4.57969132e-01  1.57686908e-07  1.77030401e-07  1.34000000e+00 
 1.35000000e+00  4.57969156e-01  3.31566004e-09  4.57969156e-01  3.19964692e-09  4.57969156e-01  4.57969156e-01  4.57969156e-01  1.57686952e-07  1.77030159e-07  1.35000000e+00 
 1.36000000e+00  4.57969155e-01  3.31565999e-09  4.57969154e-01  3.19964686e-09  4.57969155e-01  4.57969155e-01  4.57969155e-01  1.57686952e-07  1.77029690e-07  1.36000000e+00 
 1.37000000e+00  4.57969166e-01  3.31566004e-09  4.57969166e-01  3.19964693e-09  4.57969166e-01  4.57969166e-01  4.57969167e-01  1.57686960e-07  1.77029207e-07  1.37000000e+00 
 1.38000000e+00  4.57969132e-01  3.31565999e-09  4.57969132e-01  3.19964691e-09  4.57969132e-01  4.57969132e-01  4.57969132e-01  1.57686913e-07  1.77028568e-07  1.38000000e+00 
 1.39000000e+00  4.57969171e-01  3.31566004e-09  4.57969171e-01  3.19964686e-09  4.57969171e-01  4.57969171e-01  4.57969171e-01  1.57686960e-07  1.77028241e-07  1.39000000e+00 
 1.40000000e+00  4.57969153e-01  3.31565999e-09  4.57969153e-01  3.19964693e-09  4.57969153e-01  4.57969153e-01  4.57969153e-01  1.57686938e-07  1.77027644e-07  1.40000000e+00 
 1.41000000e+00  4.57969158e-01  3.31565999e-09  4.57969158e-01  3.19964685e-09  4.57969158e-01  4.57969158e-01  4.57969158e-01  1.57686948e-07  1.77026962e-07  1.41000000e+00 
 1.42000000e+00  4.57969139e-01  3.31566004e-09  4.57969139e-01  3.19964687e-09  4.57969139e-01  4.57969139e-01  4.57969140e-01  1.57686906e-07  1.77025925e-07  1.42000000e+00 
 1.43000000e+00  4.57969151e-01  3.31565999e-09  4.57969151e-01  3.19964687e-09  4.57969151e-01  4.57969151e-01  4.57969151e-01  1.57686941e-07  1.77025086e-07  1.43000000e+00 
 1.44000000e+00  4.57969169e-01  3.31565999e-09  4.57969169e-01  3.19964692e-09  4.57969169e-01  4.57969169e-01  4.57969169e-01  1.57686945e-07  1.77024049e-07  1.44000000e+00 
 1.45000000e+00  4.57969153e-01  3.31565999e-09  4.57969153e-01  3.19964691e-09  4.57969153e-01  4.57969153e-01  4.57969153e-01  1.57686940e-07  1.77022940e-07  1.45000000e+00 
 1.46000000e+00  4.57969144e-01  3.31565999e-09  4.57969144e-01  3.19964686e-09  4.57969144e-01  4.57969144e-01  4.57969144e-01  1.57686924e-07  1.77021192e-07  1.46000000e+00 
 1.47000000e+00  4.57969162e-01  3.31566004e-09  4.57969162e-01  3.19964687e-09  4.57969162e-01  4.57969162e-01  4.57969162e-01  1.57686954e-07  1.77019402e-07  1.47000000e+00 
 1.48000000e+00  4.57969152e-01  3.31565999e-09  4.57969152e-01  3.19964687e-09  4.57969152e-01  4.57969152e-01  4.57969152e-01  1.57686960e-07  1.77017014e-07  1.48000000e+00 
 1.49000000e+00  4.57969125e-01  3.31566004e-09  4.57969125e-01  3.19964692e-09  4.57969125e-01  4.57969125e-01  4.57969125e-01  1.57686899e-07  1.77013860e-07  1.49000000e+00 
 1.50000000e+00  4.57969162e-01  3.31565999e-09  4.57969162e-01  3.19964691e-09  4.57969162e-01  4.57969162e-01  4.57969162e-01  1.57686959e-07  1.77009852e-07  1.50000000e+00 
 1.51000000e+00  4.57969179e-01  3.31565999e-09  4.57969179e-01  3.19964692e-09  4.57969179e-01  4.57969179e-01  4.57969179e-01  1.57686991e-07  1.77004011e-07  1.51000000e+00 
 1.52000000e+00  4.57969150e-01  3.31566004e-09  4.57969150e-01  3.19964692e-09  4.57969150e-01  4.57969150e-01  4.57969150e-01  1.57686941e-07  1.76995599e-07  1.52000000e+00 
 1.53000000e+00  4.57969145e-01  3.31565999e-09  4.57969145e-01  3.19964686e-09  4.57969145e-01  4.57969145e-01  4.57969145e-01  1.57686922e-07  1.76982539e-07  1.53000000e+00 
 1.54000000e+00  4.57969144e-01  3.31566004e-09  4.57969144e-01  3.19964693e-09  4.57969144e-01  4.57969144e-01  4.57969144e-01  1.57686928e-07  1.76961592e-07  1.54000000e+00 
 1.55000000e+00  4.57969133e-01  3.31565999e-09  4.57969133e-01  3.19964691e-09  4.57969133e-01  4.57969133e-01  4.57969133e-01  1.57686913e-07  1.76926349e-07  1.55000000e+00 
 1.56000000e+00  4.57969146e-01  3.31566004e-09  4.57969146e-01  3.19964686e-09  4.57969146e-01  4.57969146e-01  4.57969146e-01  1.57686929e-07  1.76863566e-07  1.56000000e+00 
 1.57000000e+00  4.57969154e-01  3.31565999e-09  4.57969154e-01  3.19964693e-09  4.57969154e-01  4.57969154e-01  4.57969154e-01  1.57686928e-07  1.76746966e-07  1.57000000e+00 
 1.58000000e+00  4.57969148e-01  3.31565999e-09  4.57969148e-01  3.19964691e-09  4.57969148e-01  4.57969148e-01  4.57969148e-01  1.57686931e-07  1.76522860e-07  1.58000000e+00 
 1.59000000e+00  4.57969142e-01  3.31565999e-09  4.57969142e-01  3.19964692e-09  4.57969142e-01  4.57969142e-01  4.57969142e-01  1.57686928e-07  1.76085805e-07  1.59000000e+00 
 1.60000000e+00  4.57969159e-01  3.31566004e-09  4.57969159e-01  3.19964692e-09  4.57969159e-01  4.57969159e-01  4.57969159e-01  1.57686945e-07  1.75255366e-07  1.60000000e+00 
 1.61000000e+00  4.57969144e-01  3.31566004e-09  4.57969143e-01  3.19964692e-09  4.57969143e-01  4.57969143e-01  4.57969144e-01  1.57686915e-07  1.72330587e-07  1.61000000e+00 
 1.62000000e+00  4.57969155e-01  3.31566004e-09  4.57969155e-01  3.19964686e-09  4.57969155e-01  4.57969155e-01  4.57969156e-01  1.57686944e-07  1.47148427e-07  1.62000000e+00 
 1.63000000e+00  4.57969139e-01  3.31566004e-09  4.57969139e-01  3.19964692e-09  4.57969139e-01  4.57969139e-01  4.57969139e-01  1.57686917e-07  1.23760927e-07  1.63000000e+00 
 1.64000000e+00  4.57969142e-01  3.31565999e-09  4.57969142e-01  3.19964686e-09  4.57969142e-01  4.57969142e-01  4.57969142e-01  1.57686920e-07  1.02738369e-07  1.64000000e+00 
 1.65000000e+00  4.57969161e-01  3.31565999e-09  4.57969160e-01  3.19964693e-09  4.57969161e-01  4.57969160e-01  4.57969161e-01  1.57686954e-07  8.43366763e-08  1.65000000e+00 
 1.66000000e+00  4.57969160e-01  3.31566004e-09  4.57969160e-01  3.19964685e-09  4.57969160e-01  4.57969160e-01  4.57969160e-01  1.57686958e-07  6.85721204e-08  1.66000000e+00 
 1.67000000e+00  4.57969152e-01  3.31565999e-09  4.57969152e-01  3.19964687e-09  4.57969152e-01  4.57969152e-01  4.57969152e-01  1.57686938e-07  5.52680746e-08  1.67000000e+00 
 1.68000000e+00  4.57969141e-01  3.31565999e-09  4.57969141e-01  3.19964692e-09  4.57969141e-01  4.57969141e-01  4.57969141e-01  1.57686914e-07  4.41676917e-08  1.68000000e+00 
 1.69000000e+00  4.57969138e-01  3.31566004e-09  4.57969138e-01  3.19964691e-09  4.57969138e-01  4.57969138e-01  4.57969138e-01  1.57686914e-07  3.49808431e-08  1.69000000e+00 
 1.70000000e+00  4.57969159e-01  3.31566004e-09  4.57969159e-01  3.19964686e-09  4.57969159e-01  4.57969159e-01  4.57969159e-01  1.57686942e-07  2.74219332e-08  1.70000000e+00 
 1.71000000e+00  4.57969152e-01  3.31565999e-09  4.57969152e-01  3.19964687e-09  4.57969152e-01  4.57969152e-01  4.57969152e-01  1.57686949e-07  2.12286011e-08  1.71000000e+00 
 1.72000000e+00  4.57969122e-01  3.31566004e-09  4.57969122e-01  3.19964686e-09  4.57969122e-01  4.57969122e-01  4.57969122e-01  1.57686901e-07  1.61692384e-08  1.72000000e+00 
 1.73000000e+00  4.57969156e-01  3.31566004e-09  4.57969156e-01  3.19964687e-09  4.57969156e-01  4.57969156e-01  4.57969156e-01  1.57686956e-07  1.20427615e-08  1.73000000e+00 
 1.74000000e+00  4.57969147e-01  3.31565999e-09  4.57969147e-01  3.19964692e-09  4.57969147e-01  4.57969147e-01  4.57969148e-01  1.57686927e-07  8.67485994e-09  1.74000000e+00 
 1.75000000e+00  4.57969144e-01  3.31566004e-09  4.57969144e-01  3.19964691e-09  4.57969144e-01  4.57969144e-01  4.57969144e-01  1.57686914e-07  5.91431615e-09  1.75000000e+00 
 1.76000000e+00  4.57969142e-01  3.31565999e-09  4.57969142e-01  3.19964692e-09  4.57969142e-01  4.57969142e-01  4.57969142e-01  1.57686923e-07  3.63213815e-09  1.76000000e+00 
 1.77000000e+00  4.57969148e-01  3.31565999e-09  4.57969148e-01  3.19964692e-09  4.57969148e-01  4.57969148e-01  4.57969148e-01  1.57686930e-07  1.72623515e-09  1.77000000e+00 
 1.78000000e+00  4.57969154e-01  3.31565999e-09  4.57969154e-01  3.19964686e-09  4.57969154e-01  4.57969154e-01  4.57969154e-01  1.57686934e-07  1.34704692e-10  1.78000000e+00 
 1.79000000e+00  4.57969154e-01  3.31565999e-09  4.57969154e-01  3.19964693e-09  4.57969154e-01  4.57969154e-01  4.57969154e-01  1.57686936e-07 -1.16250476e-09  1.79000000e+00 
 1.80000000e+00  4.57969168e-01  3.31565999e-09  4.57969168e-01  3.19964691e-09  4.57969168e-01  4.57969168e-01  4.57969168e-01  1.57686954e-07 -2.16456897e-09  1.80000000e+00 
