 v-sweep         v(b0)           v(b1)           v(b2)           v(b3)           v(b4)           v(b5)           v(b6)           i(vbias)        i(viout)        v(vout)        
 0.00000000e+00  3.10747046e-09  4.58419717e-01  3.43120961e-09  3.21758296e-09  3.36971947e-09  3.42897071e-09  3.46912993e-09  1.58694686e-07  2.88720114e-09  0.00000000e+00 
 1.00000000e-02  3.10747038e-09  4.58419717e-01  3.43120965e-09  3.21758294e-09  3.36971946e-09  3.42897070e-09  3.46912997e-09  1.58694689e-07  2.88655044e-09  1.00000000e-02 
 2.00000000e-02  3.10747044e-09  4.58419733e-01  3.43120960e-09  3.21758295e-09  3.36971951e-09  3.42897065e-09  3.46912991e-09  1.58694707e-07  2.88631963e-09  2.00000000e-02 
 3.00000000e-02  3.10747044e-09  4.58419705e-01  3.43120959e-09  3.21758294e-09  3.36971951e-09  3.42897070e-09  3.46912997e-09  1.58694673e-07  2.88584801e-09  3.00000000e-02 
 4.00000000e-02  3.10747038e-09  4.58419709e-01  3.43120959e-09  3.21758294e-09  3.36971951e-09  3.42897070e-09  3.46912991e-09  1.58694666e-07  2.88544477e-09  4.00000000e-02 
 5.00000000e-02  3.10747038e-09  4.58419727e-01  3.43120960e-09  3.21758295e-09  3.36971951e-09  3.42897070e-09  3.46912997e-09  1.58694697e-07  2.88512014e-09  5.00000000e-02 
 6.00000000e-02  3.10747044e-09  4.58419718e-01  3.43120959e-09  3.21758300e-09  3.36971946e-09  3.42897070e-09  3.46912997e-09  1.58694676e-07  2.88480173e-09  6.00000000e-02 
 7.00000000e-02  3.10747038e-09  4.58419728e-01  3.43120965e-09  3.21758300e-09  3.36971951e-09  3.42897070e-09  3.46912997e-09  1.58694703e-07  2.88459967e-09  7.00000000e-02 
 8.00000000e-02  3.10747044e-09  4.58419725e-01  3.43120960e-09  3.21758295e-09  3.36971951e-09  3.42897070e-09  3.46912991e-09  1.58694698e-07  2.88422619e-09  8.00000000e-02 
 9.00000000e-02  3.10747044e-09  4.58419706e-01  3.43120965e-09  3.21758294e-09  3.36971945e-09  3.42897064e-09  3.46912991e-09  1.58694661e-07  2.88397572e-09  9.00000000e-02 
 1.00000000e-01  3.10747038e-09  4.58419728e-01  3.43120965e-09  3.21758300e-09  3.36971951e-09  3.42897065e-09  3.46912991e-09  1.58694703e-07  2.88366842e-09  1.00000000e-01 
 1.10000000e-01  3.10747044e-09  4.58419715e-01  3.43120965e-09  3.21758300e-09  3.36971951e-09  3.42897070e-09  3.46912991e-09  1.58694683e-07  2.88341173e-09  1.10000000e-01 
 1.20000000e-01  3.10747038e-09  4.58419721e-01  3.43120959e-09  3.21758295e-09  3.36971946e-09  3.42897070e-09  3.46912997e-09  1.58694706e-07  2.88313284e-09  1.20000000e-01 
 1.30000000e-01  3.10747044e-09  4.58419729e-01  3.43120960e-09  3.21758300e-09  3.36971946e-09  3.42897070e-09  3.46912991e-09  1.58694687e-07  2.88284241e-09  1.30000000e-01 
 1.40000000e-01  3.10747044e-09  4.58419726e-01  3.43120965e-09  3.21758300e-09  3.36971951e-09  3.42897065e-09  3.46912991e-09  1.58694704e-07  2.88267454e-09  1.40000000e-01 
 1.50000000e-01  3.10747038e-09  4.58419695e-01  3.43120959e-09  3.21758294e-09  3.36971951e-09  3.42897070e-09  3.46912991e-09  1.58694643e-07  2.88239832e-09  1.50000000e-01 
 1.60000000e-01  3.10747038e-09  4.58419719e-01  3.43120959e-09  3.21758300e-09  3.36971946e-09  3.42897065e-09  3.46912997e-09  1.58694694e-07  2.88218160e-09  1.60000000e-01 
 1.70000000e-01  3.10747038e-09  4.58419708e-01  3.43120965e-09  3.21758294e-09  3.36971951e-09  3.42897065e-09  3.46912991e-09  1.58694674e-07  2.88191337e-09  1.70000000e-01 
 1.80000000e-01  3.10747044e-09  4.58419709e-01  3.43120959e-09  3.21758300e-09  3.36971945e-09  3.42897070e-09  3.46912991e-09  1.58694676e-07  2.88179258e-09  1.80000000e-01 
 1.90000000e-01  3.10747044e-09  4.58419720e-01  3.43120965e-09  3.21758300e-09  3.36971946e-09  3.42897065e-09  3.46912997e-09  1.58694694e-07  2.88165047e-09  1.90000000e-01 
 2.00000000e-01  3.10747044e-09  4.58419712e-01  3.43120965e-09  3.21758294e-09  3.36971945e-09  3.42897070e-09  3.46912997e-09  1.58694681e-07  2.88139645e-09  2.00000000e-01 
 2.10000000e-01  3.10747038e-09  4.58419715e-01  3.43120965e-09  3.21758294e-09  3.36971951e-09  3.42897070e-09  3.46912997e-09  1.58694682e-07  2.88127922e-09  2.10000000e-01 
 2.20000000e-01  3.10747038e-09  4.58419718e-01  3.43120959e-09  3.21758294e-09  3.36971946e-09  3.42897070e-09  3.46912997e-09  1.58694681e-07  2.88106428e-09  2.20000000e-01 
 2.30000000e-01  3.10747044e-09  4.58419713e-01  3.43120959e-09  3.21758294e-09  3.36971951e-09  3.42897070e-09  3.46912991e-09  1.58694684e-07  2.88097013e-09  2.30000000e-01 
 2.40000000e-01  3.10747038e-09  4.58419728e-01  3.43120965e-09  3.21758300e-09  3.36971951e-09  3.42897070e-09  3.46912997e-09  1.58694693e-07  2.88071433e-09  2.40000000e-01 
 2.50000000e-01  3.10747038e-09  4.58419705e-01  3.43120959e-09  3.21758294e-09  3.36971945e-09  3.42897070e-09  3.46912997e-09  1.58694669e-07  2.88067703e-09  2.50000000e-01 
 2.60000000e-01  3.10747044e-09  4.58419716e-01  3.43120959e-09  3.21758300e-09  3.36971951e-09  3.42897070e-09  3.46912991e-09  1.58694682e-07  2.88043012e-09  2.60000000e-01 
 2.70000000e-01  3.10747038e-09  4.58419745e-01  3.43120960e-09  3.21758295e-09  3.36971951e-09  3.42897070e-09  3.46912991e-09  1.58694725e-07  2.88039281e-09  2.70000000e-01 
 2.80000000e-01  3.10747038e-09  4.58419723e-01  3.43120965e-09  3.21758300e-09  3.36971951e-09  3.42897070e-09  3.46912997e-09  1.58694677e-07  2.88005886e-09  2.80000000e-01 
 2.90000000e-01  3.10747044e-09  4.58419716e-01  3.43120959e-09  3.21758300e-09  3.36971946e-09  3.42897070e-09  3.46912991e-09  1.58694688e-07  2.88004998e-09  2.90000000e-01 
 3.00000000e-01  3.10747044e-09  4.58419707e-01  3.43120965e-09  3.21758294e-09  3.36971951e-09  3.42897064e-09  3.46912997e-09  1.58694666e-07  2.87992918e-09  3.00000000e-01 
 3.10000000e-01  3.10747044e-09  4.58419739e-01  3.43120960e-09  3.21758300e-09  3.36971951e-09  3.42897070e-09  3.46912997e-09  1.58694725e-07  2.87985458e-09  3.10000000e-01 
 3.20000000e-01  3.10747044e-09  4.58419722e-01  3.43120960e-09  3.21758300e-09  3.36971951e-09  3.42897070e-09  3.46912997e-09  1.58694687e-07  2.87966984e-09  3.20000000e-01 
 3.30000000e-01  3.10747044e-09  4.58419724e-01  3.43120960e-09  3.21758300e-09  3.36971946e-09  3.42897065e-09  3.46912997e-09  1.58694700e-07  2.87957036e-09  3.30000000e-01 
 3.40000000e-01  3.10747044e-09  4.58419705e-01  3.43120965e-09  3.21758300e-09  3.36971945e-09  3.42897064e-09  3.46912991e-09  1.58694665e-07  2.87938562e-09  3.40000000e-01 
 3.50000000e-01  3.10747044e-09  4.58419735e-01  3.43120965e-09  3.21758295e-09  3.36971951e-09  3.42897070e-09  3.46912997e-09  1.58694715e-07  2.87942115e-09  3.50000000e-01 
 3.60000000e-01  3.10747044e-09  4.58419711e-01  3.43120965e-09  3.21758294e-09  3.36971945e-09  3.42897070e-09  3.46912997e-09  1.58694662e-07  2.87927548e-09  3.60000000e-01 
 3.70000000e-01  3.10747044e-09  4.58419734e-01  3.43120960e-09  3.21758300e-09  3.36971951e-09  3.42897070e-09  3.46912991e-09  1.58694722e-07  2.87922219e-09  3.70000000e-01 
 3.80000000e-01  3.10747038e-09  4.58419710e-01  3.43120959e-09  3.21758294e-09  3.36971945e-09  3.42897070e-09  3.46912991e-09  1.58694672e-07  2.87899837e-09  3.80000000e-01 
 3.90000000e-01  3.10747038e-09  4.58419716e-01  3.43120959e-09  3.21758300e-09  3.36971946e-09  3.42897070e-09  3.46912991e-09  1.58694691e-07  2.87897706e-09  3.90000000e-01 
 4.00000000e-01  3.10747038e-09  4.58419713e-01  3.43120959e-09  3.21758294e-09  3.36971951e-09  3.42897070e-09  3.46912991e-09  1.58694674e-07  2.87884561e-09  4.00000000e-01 
 4.10000000e-01  3.10747044e-09  4.58419699e-01  3.43120965e-09  3.21758294e-09  3.36971945e-09  3.42897070e-09  3.46912991e-09  1.58694657e-07  2.87878166e-09  4.10000000e-01 
 4.20000000e-01  3.10747044e-09  4.58419711e-01  3.43120959e-09  3.21758300e-09  3.36971951e-09  3.42897070e-09  3.46912997e-09  1.58694680e-07  2.87863600e-09  4.20000000e-01 
 4.30000000e-01  3.10747044e-09  4.58419710e-01  3.43120959e-09  3.21758300e-09  3.36971945e-09  3.42897065e-09  3.46912997e-09  1.58694670e-07  2.87860047e-09  4.30000000e-01 
 4.40000000e-01  3.10747044e-09  4.58419715e-01  3.43120965e-09  3.21758294e-09  3.36971951e-09  3.42897070e-09  3.46912991e-09  1.58694679e-07  2.87839441e-09  4.40000000e-01 
 4.50000000e-01  3.10747044e-09  4.58419716e-01  3.43120965e-09  3.21758294e-09  3.36971946e-09  3.42897070e-09  3.46912997e-09  1.58694684e-07  2.87833757e-09  4.50000000e-01 
 4.60000000e-01  3.10747044e-09  4.58419731e-01  3.43120965e-09  3.21758300e-09  3.36971951e-09  3.42897070e-09  3.46912997e-09  1.58694697e-07  2.87823454e-09  4.60000000e-01 
 4.70000000e-01  3.10747044e-09  4.58419696e-01  3.43120965e-09  3.21758294e-09  3.36971945e-09  3.42897070e-09  3.46912997e-09  1.58694651e-07  2.87811019e-09  4.70000000e-01 
 4.80000000e-01  3.10747044e-09  4.58419708e-01  3.43120959e-09  3.21758294e-09  3.36971945e-09  3.42897070e-09  3.46912997e-09  1.58694658e-07  2.87809243e-09  4.80000000e-01 
 4.90000000e-01  3.10747044e-09  4.58419698e-01  3.43120959e-09  3.21758300e-09  3.36971951e-09  3.42897070e-09  3.46912997e-09  1.58694662e-07  2.87788637e-09  4.90000000e-01 
 5.00000000e-01  3.10747044e-09  4.58419715e-01  3.43120965e-09  3.21758294e-09  3.36971946e-09  3.42897070e-09  3.46912997e-09  1.58694678e-07  2.87790414e-09  5.00000000e-01 
 5.10000000e-01  3.10747044e-09  4.58419710e-01  3.43120965e-09  3.21758300e-09  3.36971945e-09  3.42897070e-09  3.46912991e-09  1.58694676e-07  2.87784019e-09  5.10000000e-01 
 5.20000000e-01  3.10747038e-09  4.58419728e-01  3.43120965e-09  3.21758295e-09  3.36971946e-09  3.42897070e-09  3.46912997e-09  1.58694702e-07  2.87769097e-09  5.20000000e-01 
 5.30000000e-01  3.10747044e-09  4.58419713e-01  3.43120965e-09  3.21758300e-09  3.36971945e-09  3.42897070e-09  3.46912991e-09  1.58694674e-07  2.87764834e-09  5.30000000e-01 
 5.40000000e-01  3.10747044e-09  4.58419715e-01  3.43120965e-09  3.21758300e-09  3.36971946e-09  3.42897070e-09  3.46912991e-09  1.58694679e-07  2.87758439e-09  5.40000000e-01 
 5.50000000e-01  3.10747038e-09  4.58419735e-01  3.43120960e-09  3.21758300e-09  3.36971946e-09  3.42897070e-09  3.46912997e-09  1.58694714e-07  2.87744939e-09  5.50000000e-01 
 5.60000000e-01  3.10747044e-09  4.58419718e-01  3.43120959e-09  3.21758300e-09  3.36971946e-09  3.42897065e-09  3.46912997e-09  1.58694669e-07  2.87734281e-09  5.60000000e-01 
 5.70000000e-01  3.10747044e-09  4.58419730e-01  3.43120965e-09  3.21758300e-09  3.36971946e-09  3.42897070e-09  3.46912997e-09  1.58694698e-07  2.87724333e-09  5.70000000e-01 
 5.80000000e-01  3.10747044e-09  4.58419721e-01  3.43120960e-09  3.21758300e-09  3.36971951e-09  3.42897070e-09  3.46912997e-09  1.58694683e-07  2.87716517e-09  5.80000000e-01 
 5.90000000e-01  3.10747044e-09  4.58419712e-01  3.43120959e-09  3.21758294e-09  3.36971951e-09  3.42897070e-09  3.46912997e-09  1.58694670e-07  2.87714386e-09  5.90000000e-01 
 6.00000000e-01  3.10747044e-09  4.58419722e-01  3.43120965e-09  3.21758300e-09  3.36971951e-09  3.42897070e-09  3.46912997e-09  1.58694706e-07  2.87703728e-09  6.00000000e-01 
 6.10000000e-01  3.10747038e-09  4.58419720e-01  3.43120965e-09  3.21758300e-09  3.36971951e-09  3.42897070e-09  3.46912997e-09  1.58694697e-07  2.87688806e-09  6.10000000e-01 
 6.20000000e-01  3.10747038e-09  4.58419706e-01  3.43120959e-09  3.21758294e-09  3.36971945e-09  3.42897070e-09  3.46912991e-09  1.58694676e-07  2.87687385e-09  6.20000000e-01 
 6.30000000e-01  3.10747038e-09  4.58419721e-01  3.43120965e-09  3.21758300e-09  3.36971951e-09  3.42897070e-09  3.46912991e-09  1.58694692e-07  2.87683832e-09  6.30000000e-01 
 6.40000000e-01  3.10747038e-09  4.58419690e-01  3.43120965e-09  3.21758300e-09  3.36971945e-09  3.42897070e-09  3.46912991e-09  1.58694649e-07  2.87673885e-09  6.40000000e-01 
 6.50000000e-01  3.10747038e-09  4.58419715e-01  3.43120965e-09  3.21758294e-09  3.36971946e-09  3.42897070e-09  3.46912997e-09  1.58694685e-07  2.87662516e-09  6.50000000e-01 
 6.60000000e-01  3.10747044e-09  4.58419697e-01  3.43120965e-09  3.21758294e-09  3.36971951e-09  3.42897070e-09  3.46912997e-09  1.58694653e-07  2.87654700e-09  6.60000000e-01 
 6.70000000e-01  3.10747044e-09  4.58419709e-01  3.43120959e-09  3.21758300e-09  3.36971945e-09  3.42897070e-09  3.46912997e-09  1.58694674e-07  2.87642621e-09  6.70000000e-01 
 6.80000000e-01  3.10747044e-09  4.58419741e-01  3.43120960e-09  3.21758300e-09  3.36971951e-09  3.42897070e-09  3.46912991e-09  1.58694715e-07  2.87622726e-09  6.80000000e-01 
 6.90000000e-01  3.10747044e-09  4.58419739e-01  3.43120965e-09  3.21758300e-09  3.36971946e-09  3.42897070e-09  3.46912997e-09  1.58694713e-07  2.87631252e-09  6.90000000e-01 
 7.00000000e-01  3.10747044e-09  4.58419712e-01  3.43120965e-09  3.21758294e-09  3.36971945e-09  3.42897070e-09  3.46912991e-09  1.58694680e-07  2.87622015e-09  7.00000000e-01 
 7.10000000e-01  3.10747038e-09  4.58419704e-01  3.43120965e-09  3.21758294e-09  3.36971951e-09  3.42897070e-09  3.46912991e-09  1.58694662e-07  2.87603541e-09  7.10000000e-01 
 7.20000000e-01  3.10747044e-09  4.58419730e-01  3.43120965e-09  3.21758300e-09  3.36971951e-09  3.42897065e-09  3.46912997e-09  1.58694714e-07  2.87608515e-09  7.20000000e-01 
 7.30000000e-01  3.10747044e-09  4.58419704e-01  3.43120959e-09  3.21758294e-09  3.36971945e-09  3.42897070e-09  3.46912997e-09  1.58694661e-07  2.87599988e-09  7.30000000e-01 
 7.40000000e-01  3.10747044e-09  4.58419716e-01  3.43120965e-09  3.21758300e-09  3.36971946e-09  3.42897070e-09  3.46912997e-09  1.58694684e-07  2.87587909e-09  7.40000000e-01 
 7.50000000e-01  3.10747038e-09  4.58419724e-01  3.43120965e-09  3.21758300e-09  3.36971946e-09  3.42897070e-09  3.46912997e-09  1.58694693e-07  2.87584356e-09  7.50000000e-01 
 7.60000000e-01  3.10747044e-09  4.58419722e-01  3.43120960e-09  3.21758295e-09  3.36971946e-09  3.42897065e-09  3.46912997e-09  1.58694684e-07  2.87580804e-09  7.60000000e-01 
 7.70000000e-01  3.10747038e-09  4.58419724e-01  3.43120965e-09  3.21758295e-09  3.36971946e-09  3.42897065e-09  3.46912997e-09  1.58694689e-07  2.87559487e-09  7.70000000e-01 
 7.80000000e-01  3.10747044e-09  4.58419708e-01  3.43120959e-09  3.21758300e-09  3.36971951e-09  3.42897070e-09  3.46912991e-09  1.58694665e-07  2.87554514e-09  7.80000000e-01 
 7.90000000e-01  3.10747044e-09  4.58419709e-01  3.43120965e-09  3.21758300e-09  3.36971951e-09  3.42897070e-09  3.46912991e-09  1.58694672e-07  2.87543855e-09  7.90000000e-01 
 8.00000000e-01  3.10747038e-09  4.58419703e-01  3.43120965e-09  3.21758294e-09  3.36971945e-09  3.42897070e-09  3.46912997e-09  1.58694671e-07  2.87520407e-09  8.00000000e-01 
 8.10000000e-01  3.10747038e-09  4.58419702e-01  3.43120965e-09  3.21758294e-09  3.36971945e-09  3.42897064e-09  3.46912991e-09  1.58694668e-07  2.87527513e-09  8.10000000e-01 
 8.20000000e-01  3.10747044e-09  4.58419713e-01  3.43120965e-09  3.21758294e-09  3.36971951e-09  3.42897070e-09  3.46912997e-09  1.58694679e-07  2.87515434e-09  8.20000000e-01 
 8.30000000e-01  3.10747044e-09  4.58419705e-01  3.43120965e-09  3.21758300e-09  3.36971945e-09  3.42897070e-09  3.46912997e-09  1.58694670e-07  2.87500512e-09  8.30000000e-01 
 8.40000000e-01  3.10747038e-09  4.58419718e-01  3.43120965e-09  3.21758294e-09  3.36971951e-09  3.42897070e-09  3.46912991e-09  1.58694695e-07  2.87509749e-09  8.40000000e-01 
 8.50000000e-01  3.10747044e-09  4.58419719e-01  3.43120965e-09  3.21758300e-09  3.36971951e-09  3.42897070e-09  3.46912991e-09  1.58694694e-07  2.87499802e-09  8.50000000e-01 
 8.60000000e-01  3.10747044e-09  4.58419702e-01  3.43120965e-09  3.21758294e-09  3.36971951e-09  3.42897064e-09  3.46912997e-09  1.58694660e-07  2.87486301e-09  8.60000000e-01 
 8.70000000e-01  3.10747044e-09  4.58419717e-01  3.43120959e-09  3.21758294e-09  3.36971951e-09  3.42897070e-09  3.46912997e-09  1.58694692e-07  2.87464275e-09  8.70000000e-01 
 8.80000000e-01  3.10747038e-09  4.58419719e-01  3.43120965e-09  3.21758300e-09  3.36971946e-09  3.42897070e-09  3.46912991e-09  1.58694680e-07  2.87469959e-09  8.80000000e-01 
 8.90000000e-01  3.10747044e-09  4.58419716e-01  3.43120959e-09  3.21758300e-09  3.36971946e-09  3.42897070e-09  3.46912991e-09  1.58694690e-07  2.87461432e-09  8.90000000e-01 
 9.00000000e-01  3.10747044e-09  4.58419741e-01  3.43120960e-09  3.21758300e-09  3.36971946e-09  3.42897065e-09  3.46912997e-09  1.58694704e-07  2.87443669e-09  9.00000000e-01 
 9.10000000e-01  3.10747044e-09  4.58419711e-01  3.43120959e-09  3.21758300e-09  3.36971945e-09  3.42897065e-09  3.46912991e-09  1.58694675e-07  2.87442958e-09  9.10000000e-01 
 9.20000000e-01  3.10747038e-09  4.58419712e-01  3.43120965e-09  3.21758294e-09  3.36971945e-09  3.42897070e-09  3.46912991e-09  1.58694682e-07  2.87427326e-09  9.20000000e-01 
 9.30000000e-01  3.10747038e-09  4.58419712e-01  3.43120959e-09  3.21758300e-09  3.36971951e-09  3.42897070e-09  3.46912997e-09  1.58694677e-07  2.87424484e-09  9.30000000e-01 
 9.40000000e-01  3.10747038e-09  4.58419748e-01  3.43120966e-09  3.21758295e-09  3.36971951e-09  3.42897065e-09  3.46912997e-09  1.58694744e-07  2.87420221e-09  9.40000000e-01 
 9.50000000e-01  3.10747038e-09  4.58419718e-01  3.43120965e-09  3.21758294e-09  3.36971946e-09  3.42897065e-09  3.46912997e-09  1.58694685e-07  2.87401036e-09  9.50000000e-01 
 9.60000000e-01  3.10747038e-09  4.58419741e-01  3.43120965e-09  3.21758300e-09  3.36971946e-09  3.42897070e-09  3.46912997e-09  1.58694717e-07  2.87406010e-09  9.60000000e-01 
 9.70000000e-01  3.10747038e-09  4.58419714e-01  3.43120965e-09  3.21758300e-09  3.36971946e-09  3.42897070e-09  3.46912997e-09  1.58694672e-07  2.87390378e-09  9.70000000e-01 
 9.80000000e-01  3.10747044e-09  4.58419702e-01  3.43120965e-09  3.21758294e-09  3.36971945e-09  3.42897070e-09  3.46912991e-09  1.58694653e-07  2.87379720e-09  9.80000000e-01 
 9.90000000e-01  3.10747044e-09  4.58419707e-01  3.43120959e-09  3.21758300e-09  3.36971945e-09  3.42897070e-09  3.46912991e-09  1.58694672e-07  2.87383983e-09  9.90000000e-01 
 1.00000000e+00  3.10747044e-09  4.58419718e-01  3.43120965e-09  3.21758294e-09  3.36971951e-09  3.42897070e-09  3.46912991e-09  1.58694685e-07  2.87355562e-09  1.00000000e+00 
 1.01000000e+00  3.10747044e-09  4.58419707e-01  3.43120965e-09  3.21758294e-09  3.36971945e-09  3.42897070e-09  3.46912991e-09  1.58694680e-07  2.87350588e-09  1.01000000e+00 
 1.02000000e+00  3.10747038e-09  4.58419715e-01  3.43120959e-09  3.21758294e-09  3.36971951e-09  3.42897070e-09  3.46912991e-09  1.58694683e-07  2.87347035e-09  1.02000000e+00 
 1.03000000e+00  3.10747044e-09  4.58419701e-01  3.43120965e-09  3.21758294e-09  3.36971951e-09  3.42897070e-09  3.46912997e-09  1.58694655e-07  2.87322166e-09  1.03000000e+00 
 1.04000000e+00  3.10747044e-09  4.58419705e-01  3.43120965e-09  3.21758294e-09  3.36971945e-09  3.42897070e-09  3.46912997e-09  1.58694672e-07  2.87320034e-09  1.04000000e+00 
 1.05000000e+00  3.10747038e-09  4.58419737e-01  3.43120965e-09  3.21758295e-09  3.36971946e-09  3.42897065e-09  3.46912991e-09  1.58694709e-07  2.87306534e-09  1.05000000e+00 
 1.06000000e+00  3.10747038e-09  4.58419725e-01  3.43120960e-09  3.21758295e-09  3.36971946e-09  3.42897070e-09  3.46912991e-09  1.58694692e-07  2.87300139e-09  1.06000000e+00 
 1.07000000e+00  3.10747044e-09  4.58419728e-01  3.43120965e-09  3.21758295e-09  3.36971946e-09  3.42897070e-09  3.46912997e-09  1.58694709e-07  2.87288060e-09  1.07000000e+00 
 1.08000000e+00  3.10747044e-09  4.58419709e-01  3.43120965e-09  3.21758300e-09  3.36971951e-09  3.42897070e-09  3.46912991e-09  1.58694675e-07  2.87288771e-09  1.08000000e+00 
 1.09000000e+00  3.10747044e-09  4.58419726e-01  3.43120960e-09  3.21758295e-09  3.36971946e-09  3.42897070e-09  3.46912991e-09  1.58694690e-07  2.87275981e-09  1.09000000e+00 
 1.10000000e+00  3.10747044e-09  4.58419690e-01  3.43120959e-09  3.21758300e-09  3.36971951e-09  3.42897070e-09  3.46912997e-09  1.58694633e-07  2.87254664e-09  1.10000000e+00 
 1.11000000e+00  3.10747044e-09  4.58419745e-01  3.43120966e-09  3.21758300e-09  3.36971946e-09  3.42897065e-09  3.46912991e-09  1.58694723e-07  2.87258928e-09  1.11000000e+00 
 1.12000000e+00  3.10747038e-09  4.58419715e-01  3.43120965e-09  3.21758294e-09  3.36971951e-09  3.42897070e-09  3.46912997e-09  1.58694687e-07  2.87241164e-09  1.12000000e+00 
 1.13000000e+00  3.10747044e-09  4.58419719e-01  3.43120965e-09  3.21758294e-09  3.36971946e-09  3.42897070e-09  3.46912991e-09  1.58694682e-07  2.87227664e-09  1.13000000e+00 
 1.14000000e+00  3.10747044e-09  4.58419716e-01  3.43120959e-09  3.21758294e-09  3.36971951e-09  3.42897070e-09  3.46912991e-09  1.58694685e-07  2.87228374e-09  1.14000000e+00 
 1.15000000e+00  3.10747038e-09  4.58419737e-01  3.43120965e-09  3.21758300e-09  3.36971946e-09  3.42897065e-09  3.46912997e-09  1.58694723e-07  2.87214874e-09  1.15000000e+00 
 1.16000000e+00  3.10747038e-09  4.58419739e-01  3.43120965e-09  3.21758300e-09  3.36971946e-09  3.42897065e-09  3.46912991e-09  1.58694713e-07  2.87191426e-09  1.16000000e+00 
 1.17000000e+00  3.10747044e-09  4.58419737e-01  3.43120960e-09  3.21758295e-09  3.36971951e-09  3.42897070e-09  3.46912991e-09  1.58694712e-07  2.87195689e-09  1.17000000e+00 
 1.18000000e+00  3.10747044e-09  4.58419708e-01  3.43120959e-09  3.21758300e-09  3.36971945e-09  3.42897070e-09  3.46912997e-09  1.58694672e-07  2.87191426e-09  1.18000000e+00 
 1.19000000e+00  3.10747038e-09  4.58419731e-01  3.43120960e-09  3.21758300e-09  3.36971946e-09  3.42897070e-09  3.46912997e-09  1.58694712e-07  2.87171531e-09  1.19000000e+00 
 1.20000000e+00  3.10747044e-09  4.58419719e-01  3.43120959e-09  3.21758300e-09  3.36971951e-09  3.42897070e-09  3.46912991e-09  1.58694690e-07  2.87160162e-09  1.20000000e+00 
 1.21000000e+00  3.10747038e-09  4.58419713e-01  3.43120959e-09  3.21758294e-09  3.36971945e-09  3.42897070e-09  3.46912991e-09  1.58694688e-07  2.87151636e-09  1.21000000e+00 
 1.22000000e+00  3.10747038e-09  4.58419715e-01  3.43120959e-09  3.21758294e-09  3.36971946e-09  3.42897070e-09  3.46912991e-09  1.58694680e-07  2.87145951e-09  1.22000000e+00 
 1.23000000e+00  3.10747044e-09  4.58419721e-01  3.43120959e-09  3.21758294e-09  3.36971946e-09  3.42897070e-09  3.46912991e-09  1.58694693e-07  2.87140267e-09  1.23000000e+00 
 1.24000000e+00  3.10747038e-09  4.58419736e-01  3.43120960e-09  3.21758295e-09  3.36971946e-09  3.42897070e-09  3.46912997e-09  1.58694705e-07  2.87124635e-09  1.24000000e+00 
 1.25000000e+00  3.10747038e-09  4.58419714e-01  3.43120965e-09  3.21758300e-09  3.36971946e-09  3.42897070e-09  3.46912997e-09  1.58694677e-07  2.87107582e-09  1.25000000e+00 
 1.26000000e+00  3.10747044e-09  4.58419709e-01  3.43120959e-09  3.21758300e-09  3.36971945e-09  3.42897070e-09  3.46912991e-09  1.58694681e-07  2.87099056e-09  1.26000000e+00 
 1.27000000e+00  3.10747044e-09  4.58419699e-01  3.43120959e-09  3.21758294e-09  3.36971945e-09  3.42897070e-09  3.46912991e-09  1.58694671e-07  2.87093371e-09  1.27000000e+00 
 1.28000000e+00  3.10747038e-09  4.58419722e-01  3.43120965e-09  3.21758295e-09  3.36971946e-09  3.42897065e-09  3.46912991e-09  1.58694710e-07  2.87076318e-09  1.28000000e+00 
 1.29000000e+00  3.10747038e-09  4.58419742e-01  3.43120960e-09  3.21758300e-09  3.36971951e-09  3.42897070e-09  3.46912997e-09  1.58694716e-07  2.87062107e-09  1.29000000e+00 
 1.30000000e+00  3.10747038e-09  4.58419726e-01  3.43120960e-09  3.21758300e-09  3.36971946e-09  3.42897070e-09  3.46912991e-09  1.58694687e-07  2.87057844e-09  1.30000000e+00 
 1.31000000e+00  3.10747044e-09  4.58419724e-01  3.43120960e-09  3.21758300e-09  3.36971951e-09  3.42897065e-09  3.46912991e-09  1.58694700e-07  2.87045054e-09  1.31000000e+00 
 1.32000000e+00  3.10747038e-09  4.58419716e-01  3.43120965e-09  3.21758294e-09  3.36971951e-09  3.42897070e-09  3.46912991e-09  1.58694682e-07  2.87033686e-09  1.32000000e+00 
 1.33000000e+00  3.10747044e-09  4.58419717e-01  3.43120965e-09  3.21758294e-09  3.36971951e-09  3.42897070e-09  3.46912997e-09  1.58694685e-07  2.87018054e-09  1.33000000e+00 
 1.34000000e+00  3.10747038e-09  4.58419722e-01  3.43120960e-09  3.21758300e-09  3.36971946e-09  3.42897065e-09  3.46912991e-09  1.58694677e-07  2.87009527e-09  1.34000000e+00 
 1.35000000e+00  3.10747038e-09  4.58419729e-01  3.43120965e-09  3.21758300e-09  3.36971946e-09  3.42897065e-09  3.46912997e-09  1.58694701e-07  2.87008106e-09  1.35000000e+00 
 1.36000000e+00  3.10747044e-09  4.58419695e-01  3.43120959e-09  3.21758294e-09  3.36971951e-09  3.42897070e-09  3.46912991e-09  1.58694661e-07  2.86983948e-09  1.36000000e+00 
 1.37000000e+00  3.10747038e-09  4.58419703e-01  3.43120959e-09  3.21758294e-09  3.36971945e-09  3.42897070e-09  3.46912997e-09  1.58694665e-07  2.86971158e-09  1.37000000e+00 
 1.38000000e+00  3.10747044e-09  4.58419717e-01  3.43120965e-09  3.21758294e-09  3.36971946e-09  3.42897065e-09  3.46912991e-09  1.58694687e-07  2.86961210e-09  1.38000000e+00 
 1.39000000e+00  3.10747038e-09  4.58419721e-01  3.43120965e-09  3.21758300e-09  3.36971951e-09  3.42897070e-09  3.46912997e-09  1.58694679e-07  2.86949842e-09  1.39000000e+00 
 1.40000000e+00  3.10747038e-09  4.58419703e-01  3.43120959e-09  3.21758300e-09  3.36971951e-09  3.42897070e-09  3.46912991e-09  1.58694666e-07  2.86927104e-09  1.40000000e+00 
 1.41000000e+00  3.10747044e-09  4.58419724e-01  3.43120965e-09  3.21758295e-09  3.36971946e-09  3.42897065e-09  3.46912997e-09  1.58694685e-07  2.86922841e-09  1.41000000e+00 
 1.42000000e+00  3.10747044e-09  4.58419696e-01  3.43120965e-09  3.21758294e-09  3.36971951e-09  3.42897070e-09  3.46912997e-09  1.58694654e-07  2.86900104e-09  1.42000000e+00 
 1.43000000e+00  3.10747044e-09  4.58419704e-01  3.43120965e-09  3.21758300e-09  3.36971945e-09  3.42897070e-09  3.46912997e-09  1.58694660e-07  2.86887314e-09  1.43000000e+00 
 1.44000000e+00  3.10747044e-09  4.58419724e-01  3.43120965e-09  3.21758300e-09  3.36971946e-09  3.42897070e-09  3.46912997e-09  1.58694690e-07  2.86878787e-09  1.44000000e+00 
 1.45000000e+00  3.10747038e-09  4.58419697e-01  3.43120965e-09  3.21758300e-09  3.36971951e-09  3.42897070e-09  3.46912997e-09  1.58694655e-07  2.86861734e-09  1.45000000e+00 
 1.46000000e+00  3.10747044e-09  4.58419721e-01  3.43120965e-09  3.21758294e-09  3.36971946e-09  3.42897070e-09  3.46912997e-09  1.58694688e-07  2.86854629e-09  1.46000000e+00 
 1.47000000e+00  3.10747044e-09  4.58419705e-01  3.43120965e-09  3.21758294e-09  3.36971945e-09  3.42897070e-09  3.46912997e-09  1.58694665e-07  2.86826207e-09  1.47000000e+00 
 1.48000000e+00  3.10747038e-09  4.58419736e-01  3.43120965e-09  3.21758300e-09  3.36971946e-09  3.42897070e-09  3.46912991e-09  1.58694721e-07  2.86800628e-09  1.48000000e+00 
 1.49000000e+00  3.10747038e-09  4.58419731e-01  3.43120960e-09  3.21758300e-09  3.36971946e-09  3.42897070e-09  3.46912997e-09  1.58694696e-07  2.86802049e-09  1.49000000e+00 
 1.50000000e+00  3.10747038e-09  4.58419723e-01  3.43120965e-09  3.21758295e-09  3.36971946e-09  3.42897070e-09  3.46912991e-09  1.58694694e-07  2.86776469e-09  1.50000000e+00 
 1.51000000e+00  3.10747038e-09  4.58419728e-01  3.43120960e-09  3.21758300e-09  3.36971951e-09  3.42897070e-09  3.46912997e-09  1.58694713e-07  2.86765101e-09  1.51000000e+00 
 1.52000000e+00  3.10747044e-09  4.58419711e-01  3.43120965e-09  3.21758294e-09  3.36971945e-09  3.42897065e-09  3.46912997e-09  1.58694676e-07  2.86749469e-09  1.52000000e+00 
 1.53000000e+00  3.10747044e-09  4.58419719e-01  3.43120965e-09  3.21758300e-09  3.36971946e-09  3.42897070e-09  3.46912997e-09  1.58694685e-07  2.86706836e-09  1.53000000e+00 
 1.54000000e+00  3.10747044e-09  4.58419718e-01  3.43120965e-09  3.21758294e-09  3.36971946e-09  3.42897070e-09  3.46912997e-09  1.58694683e-07  2.86696888e-09  1.54000000e+00 
 1.55000000e+00  3.10747044e-09  4.58419720e-01  3.43120959e-09  3.21758294e-09  3.36971951e-09  3.42897070e-09  3.46912991e-09  1.58694697e-07  2.86672730e-09  1.55000000e+00 
 1.56000000e+00  3.10747038e-09  4.58419719e-01  3.43120959e-09  3.21758300e-09  3.36971946e-09  3.42897070e-09  3.46912991e-09  1.58694677e-07  2.86632940e-09  1.56000000e+00 
 1.57000000e+00  3.10747044e-09  4.58419716e-01  3.43120965e-09  3.21758294e-09  3.36971951e-09  3.42897065e-09  3.46912991e-09  1.58694684e-07  2.86607360e-09  1.57000000e+00 
 1.58000000e+00  3.10747038e-09  4.58419713e-01  3.43120965e-09  3.21758294e-09  3.36971945e-09  3.42897065e-09  3.46912997e-09  1.58694676e-07  2.86570412e-09  1.58000000e+00 
 1.59000000e+00  3.10747038e-09  4.58419729e-01  3.43120965e-09  3.21758300e-09  3.36971946e-09  3.42897070e-09  3.46912991e-09  1.58694702e-07  2.86529200e-09  1.59000000e+00 
 1.60000000e+00  3.10747038e-09  4.58419718e-01  3.43120965e-09  3.21758300e-09  3.36971946e-09  3.42897065e-09  3.46912997e-09  1.58694680e-07  2.86492252e-09  1.60000000e+00 
 1.61000000e+00  3.10747044e-09  4.58419713e-01  3.43120965e-09  3.21758300e-09  3.36971951e-09  3.42897070e-09  3.46912991e-09  1.58694686e-07  2.86426882e-09  1.61000000e+00 
 1.62000000e+00  3.10747044e-09  4.58419744e-01  3.43120966e-09  3.21758300e-09  3.36971946e-09  3.42897070e-09  3.46912997e-09  1.58694718e-07  2.86358670e-09  1.62000000e+00 
 1.63000000e+00  3.10747044e-09  4.58419750e-01  3.43120966e-09  3.21758295e-09  3.36971951e-09  3.42897070e-09  3.46912997e-09  1.58694726e-07  2.86283353e-09  1.63000000e+00 
 1.64000000e+00  3.10747044e-09  4.58419717e-01  3.43120965e-09  3.21758294e-09  3.36971951e-09  3.42897070e-09  3.46912991e-09  1.58694679e-07  2.86189561e-09  1.64000000e+00 
 1.65000000e+00  3.10747044e-09  4.58419741e-01  3.43120965e-09  3.21758295e-09  3.36971951e-09  3.42897070e-09  3.46912991e-09  1.58694723e-07  2.86065927e-09  1.65000000e+00 
 1.66000000e+00  3.10747038e-09  4.58419700e-01  3.43120959e-09  3.21758300e-09  3.36971945e-09  3.42897070e-09  3.46912991e-09  1.58694657e-07  2.85893975e-09  1.66000000e+00 
 1.67000000e+00  3.10747038e-09  4.58419735e-01  3.43120960e-09  3.21758295e-09  3.36971951e-09  3.42897070e-09  3.46912991e-09  1.58694715e-07  2.85629653e-09  1.67000000e+00 
 1.68000000e+00  3.10747044e-09  4.58419714e-01  3.43120965e-09  3.21758294e-09  3.36971951e-09  3.42897065e-09  3.46912997e-09  1.58694672e-07  2.85287172e-09  1.68000000e+00 
 1.69000000e+00  3.10747044e-09  4.58419716e-01  3.43120965e-09  3.21758294e-09  3.36971946e-09  3.42897070e-09  3.46912991e-09  1.58694698e-07  2.84740054e-09  1.69000000e+00 
 1.70000000e+00  3.10747044e-09  4.58419716e-01  3.43120965e-09  3.21758300e-09  3.36971951e-09  3.42897070e-09  3.46912997e-09  1.58694677e-07  2.83895929e-09  1.70000000e+00 
 1.71000000e+00  3.10747044e-09  4.58419718e-01  3.43120965e-09  3.21758300e-09  3.36971946e-09  3.42897070e-09  3.46912997e-09  1.58694685e-07  2.82474844e-09  1.71000000e+00 
 1.72000000e+00  3.10747044e-09  4.58419716e-01  3.43120965e-09  3.21758294e-09  3.36971951e-09  3.42897070e-09  3.46912997e-09  1.58694691e-07  2.80073209e-09  1.72000000e+00 
 1.73000000e+00  3.10747038e-09  4.58419706e-01  3.43120965e-09  3.21758294e-09  3.36971951e-09  3.42897064e-09  3.46912997e-09  1.58694663e-07  2.76111223e-09  1.73000000e+00 
 1.74000000e+00  3.10747044e-09  4.58419697e-01  3.43120965e-09  3.21758300e-09  3.36971945e-09  3.42897070e-09  3.46912997e-09  1.58694652e-07  2.69857026e-09  1.74000000e+00 
 1.75000000e+00  3.10747038e-09  4.58419729e-01  3.43120960e-09  3.21758300e-09  3.36971951e-09  3.42897070e-09  3.46912997e-09  1.58694698e-07  2.61560729e-09  1.75000000e+00 
 1.76000000e+00  3.10747038e-09  4.58419708e-01  3.43120959e-09  3.21758300e-09  3.36971945e-09  3.42897070e-09  3.46912991e-09  1.58694667e-07  2.48954279e-09  1.76000000e+00 
 1.77000000e+00  3.10747044e-09  4.58419699e-01  3.43120959e-09  3.21758294e-09  3.36971945e-09  3.42897070e-09  3.46912991e-09  1.58694652e-07  1.46160062e-09  1.77000000e+00 
 1.78000000e+00  3.10747038e-09  4.58419716e-01  3.43120965e-09  3.21758300e-09  3.36971946e-09  3.42897070e-09  3.46912991e-09  1.58694691e-07  1.29659838e-10  1.78000000e+00 
 1.79000000e+00  3.10747044e-09  4.58419704e-01  3.43120959e-09  3.21758300e-09  3.36971945e-09  3.42897070e-09  3.46912997e-09  1.58694662e-07 -1.23627331e-09  1.79000000e+00 
 1.80000000e+00  3.10747038e-09  4.58419714e-01  3.43120965e-09  3.21758294e-09  3.36971951e-09  3.42897065e-09  3.46912997e-09  1.58694680e-07 -2.29260877e-09  1.80000000e+00 
