 v-sweep         v(b0)           v(b1)           v(b2)           v(b3)           v(b4)           v(b5)           v(b6)           i(vbias)        i(viout)        v(vout)        
 0.00000000e+00  4.57005746e-01  3.19745894e-09  3.34182812e-09  4.57005746e-01  4.57005746e-01  4.57005746e-01  3.42729499e-09  1.55101857e-07  8.40405420e-08  0.00000000e+00 
 1.00000000e-02  4.57005763e-01  3.19745892e-09  3.34182809e-09  4.57005763e-01  4.57005763e-01  4.57005763e-01  3.42729502e-09  1.55101892e-07  8.40401319e-08  1.00000000e-02 
 2.00000000e-02  4.57005791e-01  3.19745886e-09  3.34182810e-09  4.57005791e-01  4.57005791e-01  4.57005791e-01  3.42729502e-09  1.55101914e-07  8.40397769e-08  2.00000000e-02 
 3.00000000e-02  4.57005759e-01  3.19745892e-09  3.34182809e-09  4.57005759e-01  4.57005759e-01  4.57005759e-01  3.42729496e-09  1.55101864e-07  8.40394079e-08  3.00000000e-02 
 4.00000000e-02  4.57005745e-01  3.19745892e-09  3.34182809e-09  4.57005745e-01  4.57005745e-01  4.57005745e-01  3.42729496e-09  1.55101856e-07  8.40389647e-08  4.00000000e-02 
 5.00000000e-02  4.57005763e-01  3.19745892e-09  3.34182809e-09  4.57005763e-01  4.57005763e-01  4.57005763e-01  3.42729496e-09  1.55101892e-07  8.40386987e-08  5.00000000e-02 
 6.00000000e-02  4.57005786e-01  3.19745892e-09  3.34182810e-09  4.57005786e-01  4.57005786e-01  4.57005786e-01  3.42729502e-09  1.55101902e-07  8.40383998e-08  6.00000000e-02 
 7.00000000e-02  4.57005765e-01  3.19745892e-09  3.34182809e-09  4.57005765e-01  4.57005765e-01  4.57005765e-01  3.42729496e-09  1.55101878e-07  8.40380290e-08  7.00000000e-02 
 8.00000000e-02  4.57005761e-01  3.19745886e-09  3.34182809e-09  4.57005761e-01  4.57005761e-01  4.57005761e-01  3.42729496e-09  1.55101885e-07  8.40377075e-08  8.00000000e-02 
 9.00000000e-02  4.57005763e-01  3.19745892e-09  3.34182809e-09  4.57005763e-01  4.57005763e-01  4.57005763e-01  3.42729502e-09  1.55101884e-07  8.40373824e-08  9.00000000e-02 
 1.00000000e-01  4.57005780e-01  3.19745892e-09  3.34182810e-09  4.57005780e-01  4.57005780e-01  4.57005780e-01  3.42729496e-09  1.55101904e-07  8.40371497e-08  1.00000000e-01 
 1.10000000e-01  4.57005763e-01  3.19745892e-09  3.34182809e-09  4.57005764e-01  4.57005763e-01  4.57005764e-01  3.42729496e-09  1.55101870e-07  8.40369596e-08  1.10000000e-01 
 1.20000000e-01  4.57005780e-01  3.19745892e-09  3.34182810e-09  4.57005780e-01  4.57005780e-01  4.57005780e-01  3.42729496e-09  1.55101904e-07  8.40368148e-08  1.20000000e-01 
 1.30000000e-01  4.57005744e-01  3.19745892e-09  3.34182809e-09  4.57005744e-01  4.57005744e-01  4.57005744e-01  3.42729496e-09  1.55101840e-07  8.40363787e-08  1.30000000e-01 
 1.40000000e-01  4.57005794e-01  3.19745892e-09  3.34182810e-09  4.57005794e-01  4.57005794e-01  4.57005794e-01  3.42729496e-09  1.55101928e-07  8.40363503e-08  1.40000000e-01 
 1.50000000e-01  4.57005802e-01  3.19745887e-09  3.34182810e-09  4.57005802e-01  4.57005802e-01  4.57005802e-01  3.42729496e-09  1.55101926e-07  8.40361558e-08  1.50000000e-01 
 1.60000000e-01  4.57005769e-01  3.19745892e-09  3.34182809e-09  4.57005769e-01  4.57005769e-01  4.57005769e-01  3.42729502e-09  1.55101885e-07  8.40358911e-08  1.60000000e-01 
 1.70000000e-01  4.57005751e-01  3.19745892e-09  3.34182809e-09  4.57005751e-01  4.57005751e-01  4.57005751e-01  3.42729502e-09  1.55101872e-07  8.40356442e-08  1.70000000e-01 
 1.80000000e-01  4.57005746e-01  3.19745892e-09  3.34182809e-09  4.57005746e-01  4.57005746e-01  4.57005746e-01  3.42729496e-09  1.55101869e-07  8.40354488e-08  1.80000000e-01 
 1.90000000e-01  4.57005782e-01  3.19745892e-09  3.34182804e-09  4.57005782e-01  4.57005782e-01  4.57005782e-01  3.42729496e-09  1.55101925e-07  8.40352836e-08  1.90000000e-01 
 2.00000000e-01  4.57005783e-01  3.19745892e-09  3.34182810e-09  4.57005783e-01  4.57005783e-01  4.57005783e-01  3.42729496e-09  1.55101897e-07  8.40350971e-08  2.00000000e-01 
 2.10000000e-01  4.57005764e-01  3.19745892e-09  3.34182809e-09  4.57005764e-01  4.57005764e-01  4.57005764e-01  3.42729496e-09  1.55101869e-07  8.40350083e-08  2.10000000e-01 
 2.20000000e-01  4.57005771e-01  3.19745892e-09  3.34182810e-09  4.57005771e-01  4.57005771e-01  4.57005771e-01  3.42729496e-09  1.55101894e-07  8.40346797e-08  2.20000000e-01 
 2.30000000e-01  4.57005783e-01  3.19745892e-09  3.34182810e-09  4.57005783e-01  4.57005783e-01  4.57005783e-01  3.42729496e-09  1.55101903e-07  8.40346690e-08  2.30000000e-01 
 2.40000000e-01  4.57005757e-01  3.19745886e-09  3.34182809e-09  4.57005757e-01  4.57005757e-01  4.57005757e-01  3.42729502e-09  1.55101863e-07  8.40346015e-08  2.40000000e-01 
 2.50000000e-01  4.57005759e-01  3.19745892e-09  3.34182809e-09  4.57005759e-01  4.57005759e-01  4.57005759e-01  3.42729496e-09  1.55101886e-07  8.40344132e-08  2.50000000e-01 
 2.60000000e-01  4.57005788e-01  3.19745886e-09  3.34182810e-09  4.57005788e-01  4.57005788e-01  4.57005788e-01  3.42729502e-09  1.55101925e-07  8.40344043e-08  2.60000000e-01 
 2.70000000e-01  4.57005759e-01  3.19745892e-09  3.34182809e-09  4.57005760e-01  4.57005759e-01  4.57005759e-01  3.42729496e-09  1.55101873e-07  8.40340366e-08  2.70000000e-01 
 2.80000000e-01  4.57005792e-01  3.19745892e-09  3.34182810e-09  4.57005792e-01  4.57005792e-01  4.57005792e-01  3.42729502e-09  1.55101933e-07  8.40340917e-08  2.80000000e-01 
 2.90000000e-01  4.57005763e-01  3.19745892e-09  3.34182809e-09  4.57005763e-01  4.57005763e-01  4.57005763e-01  3.42729496e-09  1.55101881e-07  8.40338394e-08  2.90000000e-01 
 3.00000000e-01  4.57005774e-01  3.19745892e-09  3.34182810e-09  4.57005774e-01  4.57005774e-01  4.57005774e-01  3.42729496e-09  1.55101883e-07  8.40337400e-08  3.00000000e-01 
 3.10000000e-01  4.57005769e-01  3.19745886e-09  3.34182809e-09  4.57005769e-01  4.57005769e-01  4.57005769e-01  3.42729496e-09  1.55101895e-07  8.40336973e-08  3.10000000e-01 
 3.20000000e-01  4.57005773e-01  3.19745892e-09  3.34182810e-09  4.57005773e-01  4.57005773e-01  4.57005773e-01  3.42729496e-09  1.55101897e-07  8.40335730e-08  3.20000000e-01 
 3.30000000e-01  4.57005776e-01  3.19745886e-09  3.34182810e-09  4.57005776e-01  4.57005776e-01  4.57005776e-01  3.42729496e-09  1.55101899e-07  8.40334842e-08  3.30000000e-01 
 3.40000000e-01  4.57005782e-01  3.19745892e-09  3.34182810e-09  4.57005783e-01  4.57005782e-01  4.57005782e-01  3.42729496e-09  1.55101904e-07  8.40334167e-08  3.40000000e-01 
 3.50000000e-01  4.57005777e-01  3.19745892e-09  3.34182810e-09  4.57005777e-01  4.57005777e-01  4.57005777e-01  3.42729496e-09  1.55101910e-07  8.40331502e-08  3.50000000e-01 
 3.60000000e-01  4.57005764e-01  3.19745892e-09  3.34182809e-09  4.57005764e-01  4.57005764e-01  4.57005764e-01  3.42729496e-09  1.55101888e-07  8.40332000e-08  3.60000000e-01 
 3.70000000e-01  4.57005784e-01  3.19745886e-09  3.34182810e-09  4.57005784e-01  4.57005784e-01  4.57005784e-01  3.42729496e-09  1.55101906e-07  8.40330046e-08  3.70000000e-01 
 3.80000000e-01  4.57005756e-01  3.19745892e-09  3.34182809e-09  4.57005756e-01  4.57005756e-01  4.57005756e-01  3.42729496e-09  1.55101868e-07  8.40328838e-08  3.80000000e-01 
 3.90000000e-01  4.57005774e-01  3.19745892e-09  3.34182810e-09  4.57005774e-01  4.57005774e-01  4.57005774e-01  3.42729502e-09  1.55101894e-07  8.40328589e-08  3.90000000e-01 
 4.00000000e-01  4.57005775e-01  3.19745886e-09  3.34182810e-09  4.57005776e-01  4.57005775e-01  4.57005775e-01  3.42729496e-09  1.55101905e-07  8.40328482e-08  4.00000000e-01 
 4.10000000e-01  4.57005760e-01  3.19745892e-09  3.34182809e-09  4.57005760e-01  4.57005760e-01  4.57005760e-01  3.42729496e-09  1.55101872e-07  8.40326990e-08  4.10000000e-01 
 4.20000000e-01  4.57005766e-01  3.19745892e-09  3.34182809e-09  4.57005766e-01  4.57005766e-01  4.57005766e-01  3.42729496e-09  1.55101879e-07  8.40325676e-08  4.20000000e-01 
 4.30000000e-01  4.57005800e-01  3.19745892e-09  3.34182810e-09  4.57005800e-01  4.57005800e-01  4.57005800e-01  3.42729496e-09  1.55101927e-07  8.40326138e-08  4.30000000e-01 
 4.40000000e-01  4.57005776e-01  3.19745892e-09  3.34182810e-09  4.57005776e-01  4.57005776e-01  4.57005776e-01  3.42729496e-09  1.55101892e-07  8.40323970e-08  4.40000000e-01 
 4.50000000e-01  4.57005765e-01  3.19745886e-09  3.34182809e-09  4.57005765e-01  4.57005765e-01  4.57005765e-01  3.42729496e-09  1.55101890e-07  8.40323011e-08  4.50000000e-01 
 4.60000000e-01  4.57005779e-01  3.19745892e-09  3.34182810e-09  4.57005779e-01  4.57005779e-01  4.57005779e-01  3.42729496e-09  1.55101913e-07  8.40323402e-08  4.60000000e-01 
 4.70000000e-01  4.57005772e-01  3.19745892e-09  3.34182810e-09  4.57005772e-01  4.57005772e-01  4.57005772e-01  3.42729496e-09  1.55101874e-07  8.40322123e-08  4.70000000e-01 
 4.80000000e-01  4.57005789e-01  3.19745892e-09  3.34182804e-09  4.57005789e-01  4.57005789e-01  4.57005789e-01  3.42729496e-09  1.55101919e-07  8.40322123e-08  4.80000000e-01 
 4.90000000e-01  4.57005771e-01  3.19745892e-09  3.34182804e-09  4.57005771e-01  4.57005771e-01  4.57005771e-01  3.42729496e-09  1.55101901e-07  8.40320133e-08  4.90000000e-01 
 5.00000000e-01  4.57005768e-01  3.19745892e-09  3.34182809e-09  4.57005768e-01  4.57005768e-01  4.57005768e-01  3.42729496e-09  1.55101886e-07  8.40320986e-08  5.00000000e-01 
 5.10000000e-01  4.57005773e-01  3.19745886e-09  3.34182810e-09  4.57005773e-01  4.57005773e-01  4.57005773e-01  3.42729496e-09  1.55101895e-07  8.40318641e-08  5.10000000e-01 
 5.20000000e-01  4.57005797e-01  3.19745892e-09  3.34182810e-09  4.57005798e-01  4.57005797e-01  4.57005798e-01  3.42729496e-09  1.55101919e-07  8.40319565e-08  5.20000000e-01 
 5.30000000e-01  4.57005753e-01  3.19745886e-09  3.34182809e-09  4.57005753e-01  4.57005753e-01  4.57005753e-01  3.42729496e-09  1.55101875e-07  8.40318428e-08  5.30000000e-01 
 5.40000000e-01  4.57005794e-01  3.19745886e-09  3.34182810e-09  4.57005794e-01  4.57005794e-01  4.57005794e-01  3.42729502e-09  1.55101914e-07  8.40318677e-08  5.40000000e-01 
 5.50000000e-01  4.57005753e-01  3.19745892e-09  3.34182809e-09  4.57005753e-01  4.57005753e-01  4.57005753e-01  3.42729496e-09  1.55101858e-07  8.40315835e-08  5.50000000e-01 
 5.60000000e-01  4.57005755e-01  3.19745892e-09  3.34182809e-09  4.57005755e-01  4.57005755e-01  4.57005755e-01  3.42729496e-09  1.55101864e-07  8.40315550e-08  5.60000000e-01 
 5.70000000e-01  4.57005780e-01  3.19745892e-09  3.34182810e-09  4.57005780e-01  4.57005780e-01  4.57005780e-01  3.42729496e-09  1.55101907e-07  8.40315835e-08  5.70000000e-01 
 5.80000000e-01  4.57005756e-01  3.19745892e-09  3.34182809e-09  4.57005756e-01  4.57005756e-01  4.57005756e-01  3.42729496e-09  1.55101862e-07  8.40314414e-08  5.80000000e-01 
 5.90000000e-01  4.57005741e-01  3.19745886e-09  3.34182809e-09  4.57005741e-01  4.57005741e-01  4.57005741e-01  3.42729496e-09  1.55101846e-07  8.40312850e-08  5.90000000e-01 
 6.00000000e-01  4.57005760e-01  3.19745892e-09  3.34182809e-09  4.57005760e-01  4.57005760e-01  4.57005760e-01  3.42729496e-09  1.55101872e-07  8.40313774e-08  6.00000000e-01 
 6.10000000e-01  4.57005790e-01  3.19745892e-09  3.34182810e-09  4.57005790e-01  4.57005790e-01  4.57005790e-01  3.42729502e-09  1.55101908e-07  8.40313277e-08  6.10000000e-01 
 6.20000000e-01  4.57005766e-01  3.19745892e-09  3.34182809e-09  4.57005766e-01  4.57005766e-01  4.57005766e-01  3.42729496e-09  1.55101883e-07  8.40310790e-08  6.20000000e-01 
 6.30000000e-01  4.57005782e-01  3.19745892e-09  3.34182810e-09  4.57005782e-01  4.57005782e-01  4.57005782e-01  3.42729496e-09  1.55101897e-07  8.40310719e-08  6.30000000e-01 
 6.40000000e-01  4.57005764e-01  3.19745892e-09  3.34182809e-09  4.57005764e-01  4.57005764e-01  4.57005764e-01  3.42729502e-09  1.55101880e-07  8.40310008e-08  6.40000000e-01 
 6.50000000e-01  4.57005797e-01  3.19745886e-09  3.34182810e-09  4.57005797e-01  4.57005796e-01  4.57005797e-01  3.42729502e-09  1.55101922e-07  8.40309937e-08  6.50000000e-01 
 6.60000000e-01  4.57005763e-01  3.19745892e-09  3.34182809e-09  4.57005764e-01  4.57005763e-01  4.57005764e-01  3.42729496e-09  1.55101875e-07  8.40308516e-08  6.60000000e-01 
 6.70000000e-01  4.57005771e-01  3.19745892e-09  3.34182810e-09  4.57005772e-01  4.57005771e-01  4.57005772e-01  3.42729496e-09  1.55101910e-07  8.40307948e-08  6.70000000e-01 
 6.80000000e-01  4.57005778e-01  3.19745892e-09  3.34182810e-09  4.57005778e-01  4.57005778e-01  4.57005778e-01  3.42729496e-09  1.55101898e-07  8.40309013e-08  6.80000000e-01 
 6.90000000e-01  4.57005782e-01  3.19745892e-09  3.34182810e-09  4.57005782e-01  4.57005782e-01  4.57005782e-01  3.42729502e-09  1.55101903e-07  8.40307237e-08  6.90000000e-01 
 7.00000000e-01  4.57005778e-01  3.19745892e-09  3.34182810e-09  4.57005778e-01  4.57005778e-01  4.57005778e-01  3.42729496e-09  1.55101901e-07  8.40306313e-08  7.00000000e-01 
 7.10000000e-01  4.57005766e-01  3.19745892e-09  3.34182809e-09  4.57005766e-01  4.57005766e-01  4.57005766e-01  3.42729502e-09  1.55101892e-07  8.40306171e-08  7.10000000e-01 
 7.20000000e-01  4.57005772e-01  3.19745892e-09  3.34182810e-09  4.57005772e-01  4.57005772e-01  4.57005772e-01  3.42729502e-09  1.55101904e-07  8.40304821e-08  7.20000000e-01 
 7.30000000e-01  4.57005796e-01  3.19745892e-09  3.34182810e-09  4.57005797e-01  4.57005796e-01  4.57005797e-01  3.42729496e-09  1.55101918e-07  8.40304111e-08  7.30000000e-01 
 7.40000000e-01  4.57005767e-01  3.19745892e-09  3.34182809e-09  4.57005767e-01  4.57005767e-01  4.57005767e-01  3.42729502e-09  1.55101890e-07  8.40303471e-08  7.40000000e-01 
 7.50000000e-01  4.57005773e-01  3.19745892e-09  3.34182810e-09  4.57005773e-01  4.57005773e-01  4.57005773e-01  3.42729496e-09  1.55101891e-07  8.40303542e-08  7.50000000e-01 
 7.60000000e-01  4.57005782e-01  3.19745892e-09  3.34182810e-09  4.57005783e-01  4.57005782e-01  4.57005783e-01  3.42729496e-09  1.55101897e-07  8.40302903e-08  7.60000000e-01 
 7.70000000e-01  4.57005775e-01  3.19745892e-09  3.34182810e-09  4.57005775e-01  4.57005775e-01  4.57005775e-01  3.42729502e-09  1.55101894e-07  8.40301340e-08  7.70000000e-01 
 7.80000000e-01  4.57005784e-01  3.19745892e-09  3.34182810e-09  4.57005784e-01  4.57005784e-01  4.57005784e-01  3.42729496e-09  1.55101909e-07  8.40300771e-08  7.80000000e-01 
 7.90000000e-01  4.57005767e-01  3.19745892e-09  3.34182809e-09  4.57005767e-01  4.57005767e-01  4.57005767e-01  3.42729496e-09  1.55101893e-07  8.40298284e-08  7.90000000e-01 
 8.00000000e-01  4.57005759e-01  3.19745886e-09  3.34182809e-09  4.57005759e-01  4.57005759e-01  4.57005759e-01  3.42729496e-09  1.55101869e-07  8.40299492e-08  8.00000000e-01 
 8.10000000e-01  4.57005765e-01  3.19745886e-09  3.34182809e-09  4.57005765e-01  4.57005765e-01  4.57005765e-01  3.42729502e-09  1.55101885e-07  8.40297503e-08  8.10000000e-01 
 8.20000000e-01  4.57005772e-01  3.19745892e-09  3.34182810e-09  4.57005772e-01  4.57005772e-01  4.57005772e-01  3.42729496e-09  1.55101885e-07  8.40297787e-08  8.20000000e-01 
 8.30000000e-01  4.57005804e-01  3.19745892e-09  3.34182810e-09  4.57005804e-01  4.57005804e-01  4.57005804e-01  3.42729497e-09  1.55101951e-07  8.40297858e-08  8.30000000e-01 
 8.40000000e-01  4.57005766e-01  3.19745892e-09  3.34182809e-09  4.57005766e-01  4.57005766e-01  4.57005766e-01  3.42729496e-09  1.55101885e-07  8.40294803e-08  8.40000000e-01 
 8.50000000e-01  4.57005760e-01  3.19745892e-09  3.34182809e-09  4.57005760e-01  4.57005760e-01  4.57005760e-01  3.42729502e-09  1.55101873e-07  8.40296153e-08  8.50000000e-01 
 8.60000000e-01  4.57005765e-01  3.19745886e-09  3.34182809e-09  4.57005765e-01  4.57005765e-01  4.57005765e-01  3.42729496e-09  1.55101887e-07  8.40294376e-08  8.60000000e-01 
 8.70000000e-01  4.57005779e-01  3.19745892e-09  3.34182810e-09  4.57005779e-01  4.57005779e-01  4.57005779e-01  3.42729496e-09  1.55101900e-07  8.40295229e-08  8.70000000e-01 
 8.80000000e-01  4.57005770e-01  3.19745886e-09  3.34182809e-09  4.57005770e-01  4.57005770e-01  4.57005770e-01  3.42729496e-09  1.55101888e-07  8.40293524e-08  8.80000000e-01 
 8.90000000e-01  4.57005760e-01  3.19745892e-09  3.34182809e-09  4.57005760e-01  4.57005760e-01  4.57005760e-01  3.42729496e-09  1.55101883e-07  8.40291889e-08  8.90000000e-01 
 9.00000000e-01  4.57005771e-01  3.19745892e-09  3.34182810e-09  4.57005771e-01  4.57005771e-01  4.57005771e-01  3.42729496e-09  1.55101902e-07  8.40291747e-08  9.00000000e-01 
 9.10000000e-01  4.57005761e-01  3.19745892e-09  3.34182809e-09  4.57005761e-01  4.57005761e-01  4.57005761e-01  3.42729496e-09  1.55101865e-07  8.40290966e-08  9.10000000e-01 
 9.20000000e-01  4.57005775e-01  3.19745892e-09  3.34182810e-09  4.57005775e-01  4.57005775e-01  4.57005775e-01  3.42729496e-09  1.55101895e-07  8.40291747e-08  9.20000000e-01 
 9.30000000e-01  4.57005764e-01  3.19745892e-09  3.34182809e-09  4.57005764e-01  4.57005764e-01  4.57005764e-01  3.42729502e-09  1.55101874e-07  8.40290184e-08  9.30000000e-01 
 9.40000000e-01  4.57005772e-01  3.19745892e-09  3.34182810e-09  4.57005772e-01  4.57005772e-01  4.57005772e-01  3.42729496e-09  1.55101894e-07  8.40289474e-08  9.40000000e-01 
 9.50000000e-01  4.57005779e-01  3.19745892e-09  3.34182810e-09  4.57005779e-01  4.57005779e-01  4.57005779e-01  3.42729496e-09  1.55101907e-07  8.40287697e-08  9.50000000e-01 
 9.60000000e-01  4.57005779e-01  3.19745892e-09  3.34182810e-09  4.57005779e-01  4.57005779e-01  4.57005779e-01  3.42729496e-09  1.55101898e-07  8.40288337e-08  9.60000000e-01 
 9.70000000e-01  4.57005786e-01  3.19745892e-09  3.34182810e-09  4.57005786e-01  4.57005786e-01  4.57005786e-01  3.42729496e-09  1.55101922e-07  8.40286134e-08  9.70000000e-01 
 9.80000000e-01  4.57005768e-01  3.19745892e-09  3.34182809e-09  4.57005768e-01  4.57005768e-01  4.57005768e-01  3.42729496e-09  1.55101874e-07  8.40285637e-08  9.80000000e-01 
 9.90000000e-01  4.57005759e-01  3.19745892e-09  3.34182809e-09  4.57005759e-01  4.57005759e-01  4.57005759e-01  3.42729502e-09  1.55101876e-07  8.40284287e-08  9.90000000e-01 
 1.00000000e+00  4.57005787e-01  3.19745892e-09  3.34182810e-09  4.57005787e-01  4.57005787e-01  4.57005787e-01  3.42729496e-09  1.55101922e-07  8.40284358e-08  1.00000000e+00 
 1.01000000e+00  4.57005768e-01  3.19745892e-09  3.34182809e-09  4.57005768e-01  4.57005768e-01  4.57005768e-01  3.42729496e-09  1.55101880e-07  8.40284002e-08  1.01000000e+00 
 1.02000000e+00  4.57005770e-01  3.19745892e-09  3.34182809e-09  4.57005770e-01  4.57005770e-01  4.57005770e-01  3.42729496e-09  1.55101891e-07  8.40282866e-08  1.02000000e+00 
 1.03000000e+00  4.57005755e-01  3.19745892e-09  3.34182809e-09  4.57005755e-01  4.57005755e-01  4.57005755e-01  3.42729496e-09  1.55101875e-07  8.40281231e-08  1.03000000e+00 
 1.04000000e+00  4.57005785e-01  3.19745892e-09  3.34182810e-09  4.57005785e-01  4.57005785e-01  4.57005785e-01  3.42729496e-09  1.55101908e-07  8.40281160e-08  1.04000000e+00 
 1.05000000e+00  4.57005780e-01  3.19745892e-09  3.34182810e-09  4.57005780e-01  4.57005780e-01  4.57005780e-01  3.42729496e-09  1.55101882e-07  8.40281587e-08  1.05000000e+00 
 1.06000000e+00  4.57005780e-01  3.19745892e-09  3.34182810e-09  4.57005780e-01  4.57005780e-01  4.57005780e-01  3.42729496e-09  1.55101903e-07  8.40281373e-08  1.06000000e+00 
 1.07000000e+00  4.57005767e-01  3.19745892e-09  3.34182809e-09  4.57005767e-01  4.57005767e-01  4.57005767e-01  3.42729496e-09  1.55101888e-07  8.40278602e-08  1.07000000e+00 
 1.08000000e+00  4.57005772e-01  3.19745892e-09  3.34182810e-09  4.57005772e-01  4.57005771e-01  4.57005772e-01  3.42729502e-09  1.55101889e-07  8.40278247e-08  1.08000000e+00 
 1.09000000e+00  4.57005760e-01  3.19745892e-09  3.34182804e-09  4.57005760e-01  4.57005760e-01  4.57005760e-01  3.42729496e-09  1.55101886e-07  8.40277536e-08  1.09000000e+00 
 1.10000000e+00  4.57005783e-01  3.19745892e-09  3.34182810e-09  4.57005783e-01  4.57005783e-01  4.57005783e-01  3.42729502e-09  1.55101920e-07  8.40277110e-08  1.10000000e+00 
 1.11000000e+00  4.57005784e-01  3.19745886e-09  3.34182810e-09  4.57005784e-01  4.57005783e-01  4.57005784e-01  3.42729502e-09  1.55101914e-07  8.40275902e-08  1.11000000e+00 
 1.12000000e+00  4.57005795e-01  3.19745892e-09  3.34182810e-09  4.57005795e-01  4.57005795e-01  4.57005795e-01  3.42729496e-09  1.55101928e-07  8.40274481e-08  1.12000000e+00 
 1.13000000e+00  4.57005755e-01  3.19745892e-09  3.34182809e-09  4.57005755e-01  4.57005755e-01  4.57005755e-01  3.42729496e-09  1.55101857e-07  8.40273344e-08  1.13000000e+00 
 1.14000000e+00  4.57005789e-01  3.19745886e-09  3.34182810e-09  4.57005789e-01  4.57005788e-01  4.57005789e-01  3.42729496e-09  1.55101907e-07  8.40273557e-08  1.14000000e+00 
 1.15000000e+00  4.57005801e-01  3.19745892e-09  3.34182804e-09  4.57005801e-01  4.57005801e-01  4.57005801e-01  3.42729502e-09  1.55101924e-07  8.40273060e-08  1.15000000e+00 
 1.16000000e+00  4.57005774e-01  3.19745892e-09  3.34182810e-09  4.57005774e-01  4.57005774e-01  4.57005774e-01  3.42729496e-09  1.55101899e-07  8.40271781e-08  1.16000000e+00 
 1.17000000e+00  4.57005771e-01  3.19745886e-09  3.34182810e-09  4.57005771e-01  4.57005771e-01  4.57005771e-01  3.42729496e-09  1.55101885e-07  8.40271639e-08  1.17000000e+00 
 1.18000000e+00  4.57005774e-01  3.19745892e-09  3.34182810e-09  4.57005774e-01  4.57005774e-01  4.57005774e-01  3.42729496e-09  1.55101901e-07  8.40270218e-08  1.18000000e+00 
 1.19000000e+00  4.57005785e-01  3.19745892e-09  3.34182810e-09  4.57005785e-01  4.57005785e-01  4.57005785e-01  3.42729496e-09  1.55101906e-07  8.40269223e-08  1.19000000e+00 
 1.20000000e+00  4.57005776e-01  3.19745892e-09  3.34182810e-09  4.57005776e-01  4.57005776e-01  4.57005776e-01  3.42729502e-09  1.55101903e-07  8.40267802e-08  1.20000000e+00 
 1.21000000e+00  4.57005788e-01  3.19745892e-09  3.34182810e-09  4.57005789e-01  4.57005788e-01  4.57005788e-01  3.42729502e-09  1.55101922e-07  8.40267518e-08  1.21000000e+00 
 1.22000000e+00  4.57005770e-01  3.19745892e-09  3.34182809e-09  4.57005770e-01  4.57005770e-01  4.57005770e-01  3.42729496e-09  1.55101884e-07  8.40266097e-08  1.22000000e+00 
 1.23000000e+00  4.57005774e-01  3.19745892e-09  3.34182810e-09  4.57005774e-01  4.57005774e-01  4.57005774e-01  3.42729496e-09  1.55101895e-07  8.40265102e-08  1.23000000e+00 
 1.24000000e+00  4.57005776e-01  3.19745886e-09  3.34182810e-09  4.57005776e-01  4.57005776e-01  4.57005776e-01  3.42729496e-09  1.55101895e-07  8.40264249e-08  1.24000000e+00 
 1.25000000e+00  4.57005811e-01  3.19745892e-09  3.34182810e-09  4.57005811e-01  4.57005811e-01  4.57005811e-01  3.42729502e-09  1.55101936e-07  8.40264818e-08  1.25000000e+00 
 1.26000000e+00  4.57005791e-01  3.19745892e-09  3.34182810e-09  4.57005791e-01  4.57005791e-01  4.57005791e-01  3.42729502e-09  1.55101916e-07  8.40263397e-08  1.26000000e+00 
 1.27000000e+00  4.57005769e-01  3.19745892e-09  3.34182809e-09  4.57005769e-01  4.57005769e-01  4.57005769e-01  3.42729496e-09  1.55101889e-07  8.40262118e-08  1.27000000e+00 
 1.28000000e+00  4.57005790e-01  3.19745892e-09  3.34182810e-09  4.57005790e-01  4.57005790e-01  4.57005790e-01  3.42729496e-09  1.55101922e-07  8.40261265e-08  1.28000000e+00 
 1.29000000e+00  4.57005786e-01  3.19745886e-09  3.34182810e-09  4.57005787e-01  4.57005786e-01  4.57005786e-01  3.42729496e-09  1.55101915e-07  8.40259560e-08  1.29000000e+00 
 1.30000000e+00  4.57005762e-01  3.19745892e-09  3.34182809e-09  4.57005762e-01  4.57005762e-01  4.57005762e-01  3.42729496e-09  1.55101876e-07  8.40257144e-08  1.30000000e+00 
 1.31000000e+00  4.57005791e-01  3.19745892e-09  3.34182810e-09  4.57005791e-01  4.57005791e-01  4.57005791e-01  3.42729496e-09  1.55101921e-07  8.40257570e-08  1.31000000e+00 
 1.32000000e+00  4.57005756e-01  3.19745892e-09  3.34182809e-09  4.57005756e-01  4.57005756e-01  4.57005756e-01  3.42729496e-09  1.55101859e-07  8.40255865e-08  1.32000000e+00 
 1.33000000e+00  4.57005785e-01  3.19745892e-09  3.34182810e-09  4.57005785e-01  4.57005785e-01  4.57005785e-01  3.42729496e-09  1.55101918e-07  8.40255723e-08  1.33000000e+00 
 1.34000000e+00  4.57005768e-01  3.19745892e-09  3.34182809e-09  4.57005768e-01  4.57005768e-01  4.57005768e-01  3.42729496e-09  1.55101882e-07  8.40254017e-08  1.34000000e+00 
 1.35000000e+00  4.57005750e-01  3.19745892e-09  3.34182809e-09  4.57005750e-01  4.57005750e-01  4.57005750e-01  3.42729496e-09  1.55101867e-07  8.40252312e-08  1.35000000e+00 
 1.36000000e+00  4.57005764e-01  3.19745892e-09  3.34182809e-09  4.57005764e-01  4.57005764e-01  4.57005764e-01  3.42729496e-09  1.55101880e-07  8.40250891e-08  1.36000000e+00 
 1.37000000e+00  4.57005765e-01  3.19745892e-09  3.34182809e-09  4.57005765e-01  4.57005765e-01  4.57005765e-01  3.42729496e-09  1.55101876e-07  8.40250323e-08  1.37000000e+00 
 1.38000000e+00  4.57005776e-01  3.19745892e-09  3.34182810e-09  4.57005776e-01  4.57005776e-01  4.57005776e-01  3.42729496e-09  1.55101913e-07  8.40250323e-08  1.38000000e+00 
 1.39000000e+00  4.57005763e-01  3.19745892e-09  3.34182809e-09  4.57005763e-01  4.57005763e-01  4.57005763e-01  3.42729496e-09  1.55101882e-07  8.40247338e-08  1.39000000e+00 
 1.40000000e+00  4.57005758e-01  3.19745892e-09  3.34182809e-09  4.57005759e-01  4.57005758e-01  4.57005759e-01  3.42729502e-09  1.55101880e-07  8.40245065e-08  1.40000000e+00 
 1.41000000e+00  4.57005770e-01  3.19745892e-09  3.34182809e-09  4.57005770e-01  4.57005770e-01  4.57005770e-01  3.42729496e-09  1.55101890e-07  8.40244354e-08  1.41000000e+00 
 1.42000000e+00  4.57005775e-01  3.19745892e-09  3.34182810e-09  4.57005776e-01  4.57005775e-01  4.57005776e-01  3.42729496e-09  1.55101882e-07  8.40243217e-08  1.42000000e+00 
 1.43000000e+00  4.57005753e-01  3.19745892e-09  3.34182809e-09  4.57005753e-01  4.57005753e-01  4.57005753e-01  3.42729502e-09  1.55101865e-07  8.40239949e-08  1.43000000e+00 
 1.44000000e+00  4.57005760e-01  3.19745892e-09  3.34182809e-09  4.57005760e-01  4.57005760e-01  4.57005760e-01  3.42729496e-09  1.55101878e-07  8.40238243e-08  1.44000000e+00 
 1.45000000e+00  4.57005796e-01  3.19745886e-09  3.34182810e-09  4.57005796e-01  4.57005796e-01  4.57005796e-01  3.42729496e-09  1.55101917e-07  8.40236680e-08  1.45000000e+00 
 1.46000000e+00  4.57005776e-01  3.19745892e-09  3.34182810e-09  4.57005776e-01  4.57005776e-01  4.57005776e-01  3.42729496e-09  1.55101905e-07  8.40233980e-08  1.46000000e+00 
 1.47000000e+00  4.57005754e-01  3.19745886e-09  3.34182809e-09  4.57005754e-01  4.57005754e-01  4.57005754e-01  3.42729496e-09  1.55101877e-07  8.40230001e-08  1.47000000e+00 
 1.48000000e+00  4.57005748e-01  3.19745892e-09  3.34182809e-09  4.57005748e-01  4.57005748e-01  4.57005748e-01  3.42729502e-09  1.55101854e-07  8.40227870e-08  1.48000000e+00 
 1.49000000e+00  4.57005784e-01  3.19745892e-09  3.34182810e-09  4.57005784e-01  4.57005784e-01  4.57005784e-01  3.42729502e-09  1.55101917e-07  8.40224601e-08  1.49000000e+00 
 1.50000000e+00  4.57005759e-01  3.19745892e-09  3.34182809e-09  4.57005759e-01  4.57005759e-01  4.57005759e-01  3.42729496e-09  1.55101869e-07  8.40219059e-08  1.50000000e+00 
 1.51000000e+00  4.57005758e-01  3.19745892e-09  3.34182809e-09  4.57005758e-01  4.57005758e-01  4.57005758e-01  3.42729496e-09  1.55101880e-07  8.40212948e-08  1.51000000e+00 
 1.52000000e+00  4.57005756e-01  3.19745892e-09  3.34182809e-09  4.57005756e-01  4.57005756e-01  4.57005756e-01  3.42729496e-09  1.55101875e-07  8.40205701e-08  1.52000000e+00 
 1.53000000e+00  4.57005781e-01  3.19745892e-09  3.34182810e-09  4.57005782e-01  4.57005781e-01  4.57005781e-01  3.42729496e-09  1.55101911e-07  8.40197742e-08  1.53000000e+00 
 1.54000000e+00  4.57005762e-01  3.19745892e-09  3.34182809e-09  4.57005762e-01  4.57005762e-01  4.57005762e-01  3.42729496e-09  1.55101862e-07  8.40183958e-08  1.54000000e+00 
 1.55000000e+00  4.57005777e-01  3.19745892e-09  3.34182804e-09  4.57005778e-01  4.57005777e-01  4.57005778e-01  3.42729496e-09  1.55101906e-07  8.40166194e-08  1.55000000e+00 
 1.56000000e+00  4.57005770e-01  3.19745892e-09  3.34182809e-09  4.57005770e-01  4.57005770e-01  4.57005770e-01  3.42729496e-09  1.55101886e-07  8.40140615e-08  1.56000000e+00 
 1.57000000e+00  4.57005764e-01  3.19745892e-09  3.34182809e-09  4.57005764e-01  4.57005764e-01  4.57005764e-01  3.42729496e-09  1.55101887e-07  8.40099119e-08  1.57000000e+00 
 1.58000000e+00  4.57005766e-01  3.19745892e-09  3.34182809e-09  4.57005766e-01  4.57005766e-01  4.57005766e-01  3.42729496e-09  1.55101883e-07  8.40031902e-08  1.58000000e+00 
 1.59000000e+00  4.57005752e-01  3.19745892e-09  3.34182809e-09  4.57005752e-01  4.57005752e-01  4.57005752e-01  3.42729502e-09  1.55101869e-07  8.39914946e-08  1.59000000e+00 
 1.60000000e+00  4.57005764e-01  3.19745892e-09  3.34182809e-09  4.57005765e-01  4.57005764e-01  4.57005765e-01  3.42729496e-09  1.55101879e-07  8.39710310e-08  1.60000000e+00 
 1.61000000e+00  4.57005790e-01  3.19745892e-09  3.34182810e-09  4.57005790e-01  4.57005790e-01  4.57005790e-01  3.42729502e-09  1.55101939e-07  8.39328891e-08  1.61000000e+00 
 1.62000000e+00  4.57005770e-01  3.19745892e-09  3.34182809e-09  4.57005770e-01  4.57005770e-01  4.57005770e-01  3.42729502e-09  1.55101881e-07  8.38576000e-08  1.62000000e+00 
 1.63000000e+00  4.57005766e-01  3.19745892e-09  3.34182809e-09  4.57005767e-01  4.57005766e-01  4.57005767e-01  3.42729496e-09  1.55101893e-07  8.36740668e-08  1.63000000e+00 
 1.64000000e+00  4.57005768e-01  3.19745892e-09  3.34182809e-09  4.57005768e-01  4.57005768e-01  4.57005768e-01  3.42729502e-09  1.55101906e-07  8.29078886e-08  1.64000000e+00 
 1.65000000e+00  4.57005788e-01  3.19745892e-09  3.34182810e-09  4.57005788e-01  4.57005788e-01  4.57005788e-01  3.42729502e-09  1.55101910e-07  8.12267018e-08  1.65000000e+00 
 1.66000000e+00  4.57005782e-01  3.19745892e-09  3.34182810e-09  4.57005783e-01  4.57005782e-01  4.57005782e-01  3.42729496e-09  1.55101911e-07  6.82168491e-08  1.66000000e+00 
 1.67000000e+00  4.57005790e-01  3.19745892e-09  3.34182810e-09  4.57005790e-01  4.57005790e-01  4.57005790e-01  3.42729496e-09  1.55101917e-07  5.49519115e-08  1.67000000e+00 
 1.68000000e+00  4.57005782e-01  3.19745886e-09  3.34182810e-09  4.57005782e-01  4.57005782e-01  4.57005782e-01  3.42729496e-09  1.55101903e-07  4.38959802e-08  1.68000000e+00 
 1.69000000e+00  4.57005789e-01  3.19745892e-09  3.34182810e-09  4.57005789e-01  4.57005789e-01  4.57005789e-01  3.42729496e-09  1.55101917e-07  3.47534410e-08  1.69000000e+00 
 1.70000000e+00  4.57005784e-01  3.19745892e-09  3.34182810e-09  4.57005785e-01  4.57005784e-01  4.57005785e-01  3.42729496e-09  1.55101894e-07  2.72362399e-08  1.70000000e+00 
 1.71000000e+00  4.57005781e-01  3.19745892e-09  3.34182810e-09  4.57005781e-01  4.57005781e-01  4.57005781e-01  3.42729502e-09  1.55101901e-07  2.10798561e-08  1.71000000e+00 
 1.72000000e+00  4.57005775e-01  3.19745886e-09  3.34182810e-09  4.57005775e-01  4.57005775e-01  4.57005775e-01  3.42729496e-09  1.55101895e-07  1.60526241e-08  1.72000000e+00 
 1.73000000e+00  4.57005781e-01  3.19745886e-09  3.34182810e-09  4.57005781e-01  4.57005781e-01  4.57005781e-01  3.42729502e-09  1.55101900e-07  1.19536878e-08  1.73000000e+00 
 1.74000000e+00  4.57005809e-01  3.19745892e-09  3.34182810e-09  4.57005809e-01  4.57005809e-01  4.57005809e-01  3.42729497e-09  1.55101929e-07  8.60953264e-09  1.74000000e+00 
 1.75000000e+00  4.57005760e-01  3.19745892e-09  3.34182809e-09  4.57005760e-01  4.57005760e-01  4.57005760e-01  3.42729496e-09  1.55101867e-07  5.86885562e-09  1.75000000e+00 
 1.76000000e+00  4.57005778e-01  3.19745892e-09  3.34182804e-09  4.57005778e-01  4.57005778e-01  4.57005778e-01  3.42729496e-09  1.55101904e-07  3.60371644e-09  1.76000000e+00 
 1.77000000e+00  4.57005775e-01  3.19745892e-09  3.34182810e-09  4.57005775e-01  4.57005775e-01  4.57005775e-01  3.42729496e-09  1.55101883e-07  1.71284853e-09  1.77000000e+00 
 1.78000000e+00  4.57005763e-01  3.19745892e-09  3.34182809e-09  4.57005764e-01  4.57005763e-01  4.57005763e-01  3.42729496e-09  1.55101898e-07  1.34193101e-10  1.78000000e+00 
 1.79000000e+00  4.57005772e-01  3.19745892e-09  3.34182810e-09  4.57005772e-01  4.57005772e-01  4.57005772e-01  3.42729496e-09  1.55101885e-07 -1.15194609e-09  1.79000000e+00 
 1.80000000e+00  4.57005781e-01  3.19745892e-09  3.34182810e-09  4.57005781e-01  4.57005781e-01  4.57005781e-01  3.42729496e-09  1.55101905e-07 -2.14473062e-09  1.80000000e+00 
