 v-sweep         v(b0)           v(b1)           v(b2)           v(b3)           v(b4)           v(b5)           v(b6)           i(vbias)        i(viout)        v(vout)        
 0.00000000e+00  4.59087991e-01  4.59087991e-01  3.41303484e-09  3.35761159e-09  4.59087991e-01  3.30298005e-09  4.59087991e-01  1.61534030e-07  1.23622267e-07  0.00000000e+00 
 1.00000000e-02  4.59087982e-01  4.59087982e-01  3.41303488e-09  3.35761157e-09  4.59087982e-01  3.30297997e-09  4.59087982e-01  1.61534026e-07  1.23621884e-07  1.00000000e-02 
 2.00000000e-02  4.59088005e-01  4.59088005e-01  3.41303488e-09  3.35761157e-09  4.59088005e-01  3.30297997e-09  4.59088005e-01  1.61534036e-07  1.23621458e-07  2.00000000e-02 
 3.00000000e-02  4.59087969e-01  4.59087969e-01  3.41303487e-09  3.35761157e-09  4.59087969e-01  3.30297997e-09  4.59087969e-01  1.61534003e-07  1.23621096e-07  3.00000000e-02 
 4.00000000e-02  4.59087962e-01  4.59087962e-01  3.41303487e-09  3.35761157e-09  4.59087962e-01  3.30298003e-09  4.59087962e-01  1.61533979e-07  1.23620691e-07  4.00000000e-02 
 5.00000000e-02  4.59087983e-01  4.59087982e-01  3.41303482e-09  3.35761157e-09  4.59087982e-01  3.30297997e-09  4.59087983e-01  1.61534009e-07  1.23620415e-07  5.00000000e-02 
 6.00000000e-02  4.59087993e-01  4.59087993e-01  3.41303488e-09  3.35761157e-09  4.59087993e-01  3.30298003e-09  4.59087993e-01  1.61534017e-07  1.23620002e-07  6.00000000e-02 
 7.00000000e-02  4.59087996e-01  4.59087996e-01  3.41303488e-09  3.35761157e-09  4.59087996e-01  3.30298003e-09  4.59087996e-01  1.61534033e-07  1.23619707e-07  7.00000000e-02 
 8.00000000e-02  4.59087980e-01  4.59087980e-01  3.41303482e-09  3.35761157e-09  4.59087980e-01  3.30297997e-09  4.59087980e-01  1.61534002e-07  1.23619346e-07  8.00000000e-02 
 9.00000000e-02  4.59087990e-01  4.59087990e-01  3.41303488e-09  3.35761162e-09  4.59087990e-01  3.30298003e-09  4.59087990e-01  1.61534029e-07  1.23619057e-07  9.00000000e-02 
 1.00000000e-01  4.59087989e-01  4.59087989e-01  3.41303488e-09  3.35761161e-09  4.59087989e-01  3.30297997e-09  4.59087989e-01  1.61534020e-07  1.23618812e-07  1.00000000e-01 
 1.10000000e-01  4.59087966e-01  4.59087966e-01  3.41303487e-09  3.35761156e-09  4.59087966e-01  3.30298003e-09  4.59087966e-01  1.61533984e-07  1.23618474e-07  1.10000000e-01 
 1.20000000e-01  4.59087981e-01  4.59087981e-01  3.41303488e-09  3.35761157e-09  4.59087981e-01  3.30297997e-09  4.59087981e-01  1.61534007e-07  1.23618202e-07  1.20000000e-01 
 1.30000000e-01  4.59087975e-01  4.59087975e-01  3.41303487e-09  3.35761157e-09  4.59087975e-01  3.30297997e-09  4.59087975e-01  1.61534004e-07  1.23618008e-07  1.30000000e-01 
 1.40000000e-01  4.59087980e-01  4.59087980e-01  3.41303488e-09  3.35761162e-09  4.59087980e-01  3.30297997e-09  4.59087980e-01  1.61534014e-07  1.23617732e-07  1.40000000e-01 
 1.50000000e-01  4.59088013e-01  4.59088013e-01  3.41303488e-09  3.35761156e-09  4.59088013e-01  3.30298003e-09  4.59088013e-01  1.61534058e-07  1.23617649e-07  1.50000000e-01 
 1.60000000e-01  4.59087981e-01  4.59087981e-01  3.41303482e-09  3.35761157e-09  4.59087981e-01  3.30297997e-09  4.59087981e-01  1.61534021e-07  1.23617264e-07  1.60000000e-01 
 1.70000000e-01  4.59087980e-01  4.59087980e-01  3.41303488e-09  3.35761157e-09  4.59087980e-01  3.30298003e-09  4.59087980e-01  1.61534007e-07  1.23617083e-07  1.70000000e-01 
 1.80000000e-01  4.59087986e-01  4.59087986e-01  3.41303488e-09  3.35761157e-09  4.59087986e-01  3.30298003e-09  4.59087986e-01  1.61534004e-07  1.23616976e-07  1.80000000e-01 
 1.90000000e-01  4.59087956e-01  4.59087956e-01  3.41303482e-09  3.35761157e-09  4.59087956e-01  3.30298003e-09  4.59087957e-01  1.61533983e-07  1.23616637e-07  1.90000000e-01 
 2.00000000e-01  4.59087982e-01  4.59087982e-01  3.41303482e-09  3.35761157e-09  4.59087982e-01  3.30298003e-09  4.59087982e-01  1.61534019e-07  1.23616523e-07  2.00000000e-01 
 2.10000000e-01  4.59087969e-01  4.59087969e-01  3.41303487e-09  3.35761157e-09  4.59087969e-01  3.30297997e-09  4.59087969e-01  1.61533987e-07  1.23616376e-07  2.10000000e-01 
 2.20000000e-01  4.59087949e-01  4.59087949e-01  3.41303482e-09  3.35761157e-09  4.59087949e-01  3.30298003e-09  4.59087949e-01  1.61533956e-07  1.23615976e-07  2.20000000e-01 
 2.30000000e-01  4.59087977e-01  4.59087977e-01  3.41303487e-09  3.35761157e-09  4.59087977e-01  3.30298003e-09  4.59087977e-01  1.61534010e-07  1.23615967e-07  2.30000000e-01 
 2.40000000e-01  4.59087967e-01  4.59087967e-01  3.41303487e-09  3.35761157e-09  4.59087967e-01  3.30298003e-09  4.59087968e-01  1.61533989e-07  1.23615836e-07  2.40000000e-01 
 2.50000000e-01  4.59087975e-01  4.59087975e-01  3.41303487e-09  3.35761157e-09  4.59087975e-01  3.30298003e-09  4.59087976e-01  1.61533989e-07  1.23615573e-07  2.50000000e-01 
 2.60000000e-01  4.59087991e-01  4.59087990e-01  3.41303488e-09  3.35761157e-09  4.59087990e-01  3.30297997e-09  4.59087991e-01  1.61534016e-07  1.23615580e-07  2.60000000e-01 
 2.70000000e-01  4.59087993e-01  4.59087993e-01  3.41303488e-09  3.35761162e-09  4.59087993e-01  3.30298003e-09  4.59087993e-01  1.61534019e-07  1.23615404e-07  2.70000000e-01 
 2.80000000e-01  4.59087983e-01  4.59087983e-01  3.41303482e-09  3.35761155e-09  4.59087983e-01  3.30297997e-09  4.59087983e-01  1.61534008e-07  1.23615173e-07  2.80000000e-01 
 2.90000000e-01  4.59087969e-01  4.59087969e-01  3.41303487e-09  3.35761157e-09  4.59087969e-01  3.30297997e-09  4.59087969e-01  1.61534000e-07  1.23615131e-07  2.90000000e-01 
 3.00000000e-01  4.59087965e-01  4.59087965e-01  3.41303487e-09  3.35761157e-09  4.59087965e-01  3.30298003e-09  4.59087965e-01  1.61533989e-07  1.23614925e-07  3.00000000e-01 
 3.10000000e-01  4.59087972e-01  4.59087972e-01  3.41303487e-09  3.35761162e-09  4.59087972e-01  3.30298003e-09  4.59087972e-01  1.61534008e-07  1.23614839e-07  3.10000000e-01 
 3.20000000e-01  4.59087979e-01  4.59087979e-01  3.41303482e-09  3.35761155e-09  4.59087979e-01  3.30298003e-09  4.59087979e-01  1.61534003e-07  1.23614893e-07  3.20000000e-01 
 3.30000000e-01  4.59087987e-01  4.59087987e-01  3.41303488e-09  3.35761157e-09  4.59087987e-01  3.30298003e-09  4.59087987e-01  1.61534020e-07  1.23614683e-07  3.30000000e-01 
 3.40000000e-01  4.59087962e-01  4.59087962e-01  3.41303487e-09  3.35761157e-09  4.59087962e-01  3.30298003e-09  4.59087962e-01  1.61533980e-07  1.23614516e-07  3.40000000e-01 
 3.50000000e-01  4.59087975e-01  4.59087975e-01  3.41303487e-09  3.35761157e-09  4.59087975e-01  3.30298003e-09  4.59087975e-01  1.61533990e-07  1.23614374e-07  3.50000000e-01 
 3.60000000e-01  4.59088001e-01  4.59088001e-01  3.41303488e-09  3.35761157e-09  4.59088001e-01  3.30298003e-09  4.59088001e-01  1.61534034e-07  1.23614441e-07  3.60000000e-01 
 3.70000000e-01  4.59087968e-01  4.59087968e-01  3.41303487e-09  3.35761157e-09  4.59087968e-01  3.30298003e-09  4.59087968e-01  1.61533986e-07  1.23614104e-07  3.70000000e-01 
 3.80000000e-01  4.59088006e-01  4.59088006e-01  3.41303488e-09  3.35761157e-09  4.59088006e-01  3.30298003e-09  4.59088006e-01  1.61534045e-07  1.23614186e-07  3.80000000e-01 
 3.90000000e-01  4.59087971e-01  4.59087971e-01  3.41303487e-09  3.35761157e-09  4.59087971e-01  3.30297997e-09  4.59087971e-01  1.61534000e-07  1.23613976e-07  3.90000000e-01 
 4.00000000e-01  4.59087995e-01  4.59087995e-01  3.41303488e-09  3.35761157e-09  4.59087995e-01  3.30298003e-09  4.59087995e-01  1.61534016e-07  1.23613965e-07  4.00000000e-01 
 4.10000000e-01  4.59088017e-01  4.59088017e-01  3.41303482e-09  3.35761157e-09  4.59088017e-01  3.30297997e-09  4.59088017e-01  1.61534068e-07  1.23613809e-07  4.10000000e-01 
 4.20000000e-01  4.59087977e-01  4.59087977e-01  3.41303488e-09  3.35761157e-09  4.59087977e-01  3.30298003e-09  4.59087977e-01  1.61533999e-07  1.23613624e-07  4.20000000e-01 
 4.30000000e-01  4.59087998e-01  4.59087998e-01  3.41303488e-09  3.35761157e-09  4.59087998e-01  3.30298003e-09  4.59087998e-01  1.61534031e-07  1.23613606e-07  4.30000000e-01 
 4.40000000e-01  4.59087993e-01  4.59087993e-01  3.41303482e-09  3.35761157e-09  4.59087993e-01  3.30298003e-09  4.59087993e-01  1.61534029e-07  1.23613521e-07  4.40000000e-01 
 4.50000000e-01  4.59087972e-01  4.59087972e-01  3.41303487e-09  3.35761157e-09  4.59087972e-01  3.30297997e-09  4.59087972e-01  1.61533995e-07  1.23613422e-07  4.50000000e-01 
 4.60000000e-01  4.59088009e-01  4.59088009e-01  3.41303488e-09  3.35761157e-09  4.59088009e-01  3.30298003e-09  4.59088009e-01  1.61534053e-07  1.23613386e-07  4.60000000e-01 
 4.70000000e-01  4.59087993e-01  4.59087993e-01  3.41303482e-09  3.35761157e-09  4.59087993e-01  3.30298003e-09  4.59087993e-01  1.61534031e-07  1.23613358e-07  4.70000000e-01 
 4.80000000e-01  4.59087964e-01  4.59087964e-01  3.41303487e-09  3.35761157e-09  4.59087964e-01  3.30298003e-09  4.59087964e-01  1.61533983e-07  1.23612971e-07  4.80000000e-01 
 4.90000000e-01  4.59088016e-01  4.59088016e-01  3.41303488e-09  3.35761157e-09  4.59088016e-01  3.30298003e-09  4.59088016e-01  1.61534066e-07  1.23613056e-07  4.90000000e-01 
 5.00000000e-01  4.59088000e-01  4.59088000e-01  3.41303488e-09  3.35761157e-09  4.59088000e-01  3.30297997e-09  4.59088000e-01  1.61534035e-07  1.23612896e-07  5.00000000e-01 
 5.10000000e-01  4.59087987e-01  4.59087987e-01  3.41303482e-09  3.35761162e-09  4.59087987e-01  3.30297997e-09  4.59087987e-01  1.61534025e-07  1.23612764e-07  5.10000000e-01 
 5.20000000e-01  4.59087982e-01  4.59087982e-01  3.41303488e-09  3.35761155e-09  4.59087982e-01  3.30298003e-09  4.59087982e-01  1.61534021e-07  1.23612665e-07  5.20000000e-01 
 5.30000000e-01  4.59087986e-01  4.59087986e-01  3.41303482e-09  3.35761157e-09  4.59087986e-01  3.30298003e-09  4.59087986e-01  1.61534018e-07  1.23612651e-07  5.30000000e-01 
 5.40000000e-01  4.59087975e-01  4.59087975e-01  3.41303487e-09  3.35761157e-09  4.59087975e-01  3.30297997e-09  4.59087975e-01  1.61534003e-07  1.23612551e-07  5.40000000e-01 
 5.50000000e-01  4.59087983e-01  4.59087983e-01  3.41303482e-09  3.35761157e-09  4.59087983e-01  3.30297997e-09  4.59087983e-01  1.61534007e-07  1.23612452e-07  5.50000000e-01 
 5.60000000e-01  4.59087972e-01  4.59087972e-01  3.41303487e-09  3.35761157e-09  4.59087972e-01  3.30298003e-09  4.59087972e-01  1.61533983e-07  1.23612374e-07  5.60000000e-01 
 5.70000000e-01  4.59087985e-01  4.59087985e-01  3.41303488e-09  3.35761157e-09  4.59087985e-01  3.30298003e-09  4.59087985e-01  1.61534023e-07  1.23612359e-07  5.70000000e-01 
 5.80000000e-01  4.59087971e-01  4.59087971e-01  3.41303487e-09  3.35761157e-09  4.59087971e-01  3.30298003e-09  4.59087971e-01  1.61534000e-07  1.23612203e-07  5.80000000e-01 
 5.90000000e-01  4.59087986e-01  4.59087986e-01  3.41303488e-09  3.35761157e-09  4.59087986e-01  3.30297997e-09  4.59087986e-01  1.61534024e-07  1.23612161e-07  5.90000000e-01 
 6.00000000e-01  4.59087966e-01  4.59087966e-01  3.41303482e-09  3.35761157e-09  4.59087966e-01  3.30298003e-09  4.59087966e-01  1.61533989e-07  1.23612033e-07  6.00000000e-01 
 6.10000000e-01  4.59087990e-01  4.59087990e-01  3.41303488e-09  3.35761157e-09  4.59087990e-01  3.30298003e-09  4.59087990e-01  1.61534024e-07  1.23612153e-07  6.10000000e-01 
 6.20000000e-01  4.59087973e-01  4.59087973e-01  3.41303487e-09  3.35761157e-09  4.59087973e-01  3.30297997e-09  4.59087973e-01  1.61533990e-07  1.23611862e-07  6.20000000e-01 
 6.30000000e-01  4.59087988e-01  4.59087988e-01  3.41303488e-09  3.35761157e-09  4.59087988e-01  3.30298003e-09  4.59087988e-01  1.61534032e-07  1.23611819e-07  6.30000000e-01 
 6.40000000e-01  4.59088012e-01  4.59088012e-01  3.41303488e-09  3.35761157e-09  4.59088012e-01  3.30298003e-09  4.59088012e-01  1.61534069e-07  1.23611862e-07  6.40000000e-01 
 6.50000000e-01  4.59087975e-01  4.59087975e-01  3.41303482e-09  3.35761157e-09  4.59087975e-01  3.30298003e-09  4.59087975e-01  1.61534016e-07  1.23611606e-07  6.50000000e-01 
 6.60000000e-01  4.59087995e-01  4.59087995e-01  3.41303488e-09  3.35761157e-09  4.59087995e-01  3.30297997e-09  4.59087995e-01  1.61534031e-07  1.23611585e-07  6.60000000e-01 
 6.70000000e-01  4.59087990e-01  4.59087990e-01  3.41303488e-09  3.35761157e-09  4.59087990e-01  3.30297997e-09  4.59087990e-01  1.61534017e-07  1.23611500e-07  6.70000000e-01 
 6.80000000e-01  4.59087993e-01  4.59087992e-01  3.41303482e-09  3.35761157e-09  4.59087992e-01  3.30298003e-09  4.59087993e-01  1.61534028e-07  1.23611365e-07  6.80000000e-01 
 6.90000000e-01  4.59087975e-01  4.59087975e-01  3.41303487e-09  3.35761157e-09  4.59087975e-01  3.30298003e-09  4.59087975e-01  1.61533999e-07  1.23611422e-07  6.90000000e-01 
 7.00000000e-01  4.59087978e-01  4.59087978e-01  3.41303488e-09  3.35761157e-09  4.59087978e-01  3.30297997e-09  4.59087978e-01  1.61533992e-07  1.23611230e-07  7.00000000e-01 
 7.10000000e-01  4.59087979e-01  4.59087979e-01  3.41303488e-09  3.35761157e-09  4.59087979e-01  3.30298003e-09  4.59087979e-01  1.61533998e-07  1.23611080e-07  7.10000000e-01 
 7.20000000e-01  4.59087987e-01  4.59087987e-01  3.41303488e-09  3.35761157e-09  4.59087987e-01  3.30298003e-09  4.59087987e-01  1.61534023e-07  1.23611116e-07  7.20000000e-01 
 7.30000000e-01  4.59087960e-01  4.59087959e-01  3.41303482e-09  3.35761157e-09  4.59087959e-01  3.30298003e-09  4.59087960e-01  1.61533991e-07  1.23610960e-07  7.30000000e-01 
 7.40000000e-01  4.59087980e-01  4.59087980e-01  3.41303482e-09  3.35761157e-09  4.59087980e-01  3.30298003e-09  4.59087980e-01  1.61534016e-07  1.23610825e-07  7.40000000e-01 
 7.50000000e-01  4.59087992e-01  4.59087992e-01  3.41303488e-09  3.35761157e-09  4.59087992e-01  3.30298003e-09  4.59087992e-01  1.61534021e-07  1.23610889e-07  7.50000000e-01 
 7.60000000e-01  4.59087984e-01  4.59087984e-01  3.41303488e-09  3.35761157e-09  4.59087984e-01  3.30297997e-09  4.59087984e-01  1.61534016e-07  1.23610747e-07  7.60000000e-01 
 7.70000000e-01  4.59087972e-01  4.59087972e-01  3.41303487e-09  3.35761157e-09  4.59087972e-01  3.30298003e-09  4.59087972e-01  1.61533993e-07  1.23610668e-07  7.70000000e-01 
 7.80000000e-01  4.59087977e-01  4.59087977e-01  3.41303487e-09  3.35761157e-09  4.59087977e-01  3.30298003e-09  4.59087977e-01  1.61534008e-07  1.23610590e-07  7.80000000e-01 
 7.90000000e-01  4.59087985e-01  4.59087985e-01  3.41303488e-09  3.35761157e-09  4.59087985e-01  3.30298003e-09  4.59087985e-01  1.61534025e-07  1.23610405e-07  7.90000000e-01 
 8.00000000e-01  4.59087995e-01  4.59087995e-01  3.41303488e-09  3.35761157e-09  4.59087995e-01  3.30298003e-09  4.59087995e-01  1.61534030e-07  1.23610299e-07  8.00000000e-01 
 8.10000000e-01  4.59088006e-01  4.59088006e-01  3.41303488e-09  3.35761157e-09  4.59088006e-01  3.30298003e-09  4.59088006e-01  1.61534048e-07  1.23610299e-07  8.10000000e-01 
 8.20000000e-01  4.59087970e-01  4.59087970e-01  3.41303487e-09  3.35761162e-09  4.59087970e-01  3.30298003e-09  4.59087970e-01  1.61533988e-07  1.23610079e-07  8.20000000e-01 
 8.30000000e-01  4.59087979e-01  4.59087979e-01  3.41303482e-09  3.35761155e-09  4.59087979e-01  3.30298003e-09  4.59087979e-01  1.61534003e-07  1.23610036e-07  8.30000000e-01 
 8.40000000e-01  4.59087994e-01  4.59087994e-01  3.41303488e-09  3.35761157e-09  4.59087994e-01  3.30298003e-09  4.59087994e-01  1.61534035e-07  1.23610128e-07  8.40000000e-01 
 8.50000000e-01  4.59087966e-01  4.59087966e-01  3.41303482e-09  3.35761157e-09  4.59087966e-01  3.30298003e-09  4.59087966e-01  1.61533995e-07  1.23609908e-07  8.50000000e-01 
 8.60000000e-01  4.59087990e-01  4.59087990e-01  3.41303488e-09  3.35761157e-09  4.59087990e-01  3.30298003e-09  4.59087990e-01  1.61534024e-07  1.23609901e-07  8.60000000e-01 
 8.70000000e-01  4.59087981e-01  4.59087981e-01  3.41303488e-09  3.35761157e-09  4.59087981e-01  3.30298003e-09  4.59087981e-01  1.61534011e-07  1.23609716e-07  8.70000000e-01 
 8.80000000e-01  4.59087989e-01  4.59087989e-01  3.41303488e-09  3.35761157e-09  4.59087989e-01  3.30297997e-09  4.59087989e-01  1.61534028e-07  1.23609652e-07  8.80000000e-01 
 8.90000000e-01  4.59087990e-01  4.59087990e-01  3.41303482e-09  3.35761157e-09  4.59087990e-01  3.30297997e-09  4.59087990e-01  1.61534025e-07  1.23609581e-07  8.90000000e-01 
 9.00000000e-01  4.59087978e-01  4.59087977e-01  3.41303488e-09  3.35761157e-09  4.59087977e-01  3.30298003e-09  4.59087978e-01  1.61534009e-07  1.23609361e-07  9.00000000e-01 
 9.10000000e-01  4.59087988e-01  4.59087988e-01  3.41303488e-09  3.35761157e-09  4.59087988e-01  3.30298003e-09  4.59087988e-01  1.61534016e-07  1.23609418e-07  9.10000000e-01 
 9.20000000e-01  4.59087986e-01  4.59087986e-01  3.41303488e-09  3.35761157e-09  4.59087986e-01  3.30297997e-09  4.59087986e-01  1.61534021e-07  1.23609269e-07  9.20000000e-01 
 9.30000000e-01  4.59087958e-01  4.59087958e-01  3.41303487e-09  3.35761157e-09  4.59087958e-01  3.30298003e-09  4.59087958e-01  1.61533966e-07  1.23609077e-07  9.30000000e-01 
 9.40000000e-01  4.59087979e-01  4.59087979e-01  3.41303482e-09  3.35761157e-09  4.59087979e-01  3.30298003e-09  4.59087979e-01  1.61533994e-07  1.23609041e-07  9.40000000e-01 
 9.50000000e-01  4.59087979e-01  4.59087979e-01  3.41303488e-09  3.35761157e-09  4.59087979e-01  3.30297997e-09  4.59087979e-01  1.61534008e-07  1.23608949e-07  9.50000000e-01 
 9.60000000e-01  4.59087974e-01  4.59087974e-01  3.41303487e-09  3.35761157e-09  4.59087974e-01  3.30297997e-09  4.59087974e-01  1.61533996e-07  1.23608835e-07  9.60000000e-01 
 9.70000000e-01  4.59087987e-01  4.59087987e-01  3.41303488e-09  3.35761157e-09  4.59087987e-01  3.30297997e-09  4.59087987e-01  1.61534004e-07  1.23608807e-07  9.70000000e-01 
 9.80000000e-01  4.59087988e-01  4.59087988e-01  3.41303488e-09  3.35761157e-09  4.59087988e-01  3.30298003e-09  4.59087988e-01  1.61534006e-07  1.23608693e-07  9.80000000e-01 
 9.90000000e-01  4.59087964e-01  4.59087964e-01  3.41303487e-09  3.35761157e-09  4.59087964e-01  3.30297997e-09  4.59087964e-01  1.61533989e-07  1.23608565e-07  9.90000000e-01 
 1.00000000e+00  4.59087992e-01  4.59087992e-01  3.41303488e-09  3.35761157e-09  4.59087992e-01  3.30298003e-09  4.59087992e-01  1.61534036e-07  1.23608515e-07  1.00000000e+00 
 1.01000000e+00  4.59087994e-01  4.59087994e-01  3.41303488e-09  3.35761157e-09  4.59087994e-01  3.30298003e-09  4.59087994e-01  1.61534041e-07  1.23608409e-07  1.01000000e+00 
 1.02000000e+00  4.59087985e-01  4.59087985e-01  3.41303482e-09  3.35761157e-09  4.59087985e-01  3.30298003e-09  4.59087985e-01  1.61534037e-07  1.23608196e-07  1.02000000e+00 
 1.03000000e+00  4.59087977e-01  4.59087977e-01  3.41303487e-09  3.35761157e-09  4.59087977e-01  3.30297997e-09  4.59087977e-01  1.61534002e-07  1.23608132e-07  1.03000000e+00 
 1.04000000e+00  4.59087982e-01  4.59087982e-01  3.41303488e-09  3.35761157e-09  4.59087982e-01  3.30298003e-09  4.59087982e-01  1.61534019e-07  1.23608046e-07  1.04000000e+00 
 1.05000000e+00  4.59087983e-01  4.59087983e-01  3.41303482e-09  3.35761162e-09  4.59087983e-01  3.30298003e-09  4.59087983e-01  1.61534003e-07  1.23607961e-07  1.05000000e+00 
 1.06000000e+00  4.59088005e-01  4.59088005e-01  3.41303488e-09  3.35761156e-09  4.59088005e-01  3.30298003e-09  4.59088005e-01  1.61534045e-07  1.23607933e-07  1.06000000e+00 
 1.07000000e+00  4.59087976e-01  4.59087976e-01  3.41303487e-09  3.35761157e-09  4.59087976e-01  3.30298003e-09  4.59087976e-01  1.61533989e-07  1.23607748e-07  1.07000000e+00 
 1.08000000e+00  4.59087970e-01  4.59087970e-01  3.41303487e-09  3.35761157e-09  4.59087970e-01  3.30298003e-09  4.59087970e-01  1.61533998e-07  1.23607528e-07  1.08000000e+00 
 1.09000000e+00  4.59087998e-01  4.59087997e-01  3.41303488e-09  3.35761157e-09  4.59087997e-01  3.30298003e-09  4.59087998e-01  1.61534036e-07  1.23607549e-07  1.09000000e+00 
 1.10000000e+00  4.59087984e-01  4.59087984e-01  3.41303488e-09  3.35761162e-09  4.59087984e-01  3.30297997e-09  4.59087984e-01  1.61534022e-07  1.23607528e-07  1.10000000e+00 
 1.11000000e+00  4.59087988e-01  4.59087988e-01  3.41303488e-09  3.35761155e-09  4.59087988e-01  3.30298003e-09  4.59087988e-01  1.61534021e-07  1.23607364e-07  1.11000000e+00 
 1.12000000e+00  4.59087972e-01  4.59087972e-01  3.41303487e-09  3.35761157e-09  4.59087972e-01  3.30298003e-09  4.59087972e-01  1.61534009e-07  1.23607229e-07  1.12000000e+00 
 1.13000000e+00  4.59087989e-01  4.59087989e-01  3.41303488e-09  3.35761157e-09  4.59087989e-01  3.30298003e-09  4.59087989e-01  1.61534025e-07  1.23607180e-07  1.13000000e+00 
 1.14000000e+00  4.59087981e-01  4.59087981e-01  3.41303482e-09  3.35761157e-09  4.59087981e-01  3.30297997e-09  4.59087981e-01  1.61534010e-07  1.23606981e-07  1.14000000e+00 
 1.15000000e+00  4.59087981e-01  4.59087981e-01  3.41303488e-09  3.35761162e-09  4.59087981e-01  3.30298003e-09  4.59087981e-01  1.61534020e-07  1.23606959e-07  1.15000000e+00 
 1.16000000e+00  4.59087962e-01  4.59087962e-01  3.41303487e-09  3.35761155e-09  4.59087962e-01  3.30297997e-09  4.59087962e-01  1.61533977e-07  1.23606725e-07  1.16000000e+00 
 1.17000000e+00  4.59087975e-01  4.59087975e-01  3.41303487e-09  3.35761157e-09  4.59087975e-01  3.30297997e-09  4.59087975e-01  1.61534006e-07  1.23606569e-07  1.17000000e+00 
 1.18000000e+00  4.59087979e-01  4.59087979e-01  3.41303488e-09  3.35761157e-09  4.59087979e-01  3.30298003e-09  4.59087979e-01  1.61534019e-07  1.23606583e-07  1.18000000e+00 
 1.19000000e+00  4.59087992e-01  4.59087992e-01  3.41303488e-09  3.35761157e-09  4.59087992e-01  3.30298003e-09  4.59087992e-01  1.61534023e-07  1.23606512e-07  1.19000000e+00 
 1.20000000e+00  4.59087990e-01  4.59087990e-01  3.41303488e-09  3.35761157e-09  4.59087990e-01  3.30297997e-09  4.59087990e-01  1.61534030e-07  1.23606384e-07  1.20000000e+00 
 1.21000000e+00  4.59087981e-01  4.59087981e-01  3.41303488e-09  3.35761157e-09  4.59087981e-01  3.30298003e-09  4.59087981e-01  1.61534001e-07  1.23606171e-07  1.21000000e+00 
 1.22000000e+00  4.59087977e-01  4.59087977e-01  3.41303482e-09  3.35761157e-09  4.59087977e-01  3.30298003e-09  4.59087977e-01  1.61533998e-07  1.23606142e-07  1.22000000e+00 
 1.23000000e+00  4.59087989e-01  4.59087989e-01  3.41303488e-09  3.35761162e-09  4.59087989e-01  3.30298003e-09  4.59087989e-01  1.61534026e-07  1.23606000e-07  1.23000000e+00 
 1.24000000e+00  4.59087989e-01  4.59087989e-01  3.41303482e-09  3.35761155e-09  4.59087989e-01  3.30298003e-09  4.59087989e-01  1.61534023e-07  1.23605787e-07  1.24000000e+00 
 1.25000000e+00  4.59087987e-01  4.59087987e-01  3.41303488e-09  3.35761157e-09  4.59087987e-01  3.30298003e-09  4.59087987e-01  1.61534021e-07  1.23605730e-07  1.25000000e+00 
 1.26000000e+00  4.59087966e-01  4.59087966e-01  3.41303487e-09  3.35761157e-09  4.59087966e-01  3.30297997e-09  4.59087966e-01  1.61534001e-07  1.23605460e-07  1.26000000e+00 
 1.27000000e+00  4.59087958e-01  4.59087958e-01  3.41303487e-09  3.35761157e-09  4.59087958e-01  3.30298003e-09  4.59087958e-01  1.61533972e-07  1.23605417e-07  1.27000000e+00 
 1.28000000e+00  4.59087995e-01  4.59087995e-01  3.41303488e-09  3.35761157e-09  4.59087995e-01  3.30297997e-09  4.59087995e-01  1.61534015e-07  1.23605247e-07  1.28000000e+00 
 1.29000000e+00  4.59088006e-01  4.59088006e-01  3.41303488e-09  3.35761157e-09  4.59088006e-01  3.30298003e-09  4.59088006e-01  1.61534060e-07  1.23605133e-07  1.29000000e+00 
 1.30000000e+00  4.59087996e-01  4.59087996e-01  3.41303488e-09  3.35761157e-09  4.59087996e-01  3.30297997e-09  4.59087996e-01  1.61534034e-07  1.23605105e-07  1.30000000e+00 
 1.31000000e+00  4.59087989e-01  4.59087989e-01  3.41303488e-09  3.35761157e-09  4.59087989e-01  3.30297997e-09  4.59087989e-01  1.61534014e-07  1.23604863e-07  1.31000000e+00 
 1.32000000e+00  4.59087984e-01  4.59087984e-01  3.41303488e-09  3.35761157e-09  4.59087984e-01  3.30298003e-09  4.59087984e-01  1.61534016e-07  1.23604707e-07  1.32000000e+00 
 1.33000000e+00  4.59087953e-01  4.59087953e-01  3.41303487e-09  3.35761157e-09  4.59087953e-01  3.30297997e-09  4.59087953e-01  1.61533972e-07  1.23604494e-07  1.33000000e+00 
 1.34000000e+00  4.59087952e-01  4.59087952e-01  3.41303487e-09  3.35761157e-09  4.59087952e-01  3.30298003e-09  4.59087952e-01  1.61533958e-07  1.23604138e-07  1.34000000e+00 
 1.35000000e+00  4.59087987e-01  4.59087987e-01  3.41303488e-09  3.35761162e-09  4.59087987e-01  3.30297997e-09  4.59087987e-01  1.61534005e-07  1.23604096e-07  1.35000000e+00 
 1.36000000e+00  4.59087978e-01  4.59087978e-01  3.41303488e-09  3.35761155e-09  4.59087978e-01  3.30298003e-09  4.59087978e-01  1.61534007e-07  1.23603925e-07  1.36000000e+00 
 1.37000000e+00  4.59087995e-01  4.59087995e-01  3.41303488e-09  3.35761157e-09  4.59087995e-01  3.30297997e-09  4.59087995e-01  1.61534037e-07  1.23603698e-07  1.37000000e+00 
 1.38000000e+00  4.59088000e-01  4.59088000e-01  3.41303482e-09  3.35761157e-09  4.59088000e-01  3.30298003e-09  4.59088000e-01  1.61534028e-07  1.23603598e-07  1.38000000e+00 
 1.39000000e+00  4.59087985e-01  4.59087985e-01  3.41303488e-09  3.35761157e-09  4.59087985e-01  3.30298003e-09  4.59087985e-01  1.61534027e-07  1.23603272e-07  1.39000000e+00 
 1.40000000e+00  4.59087991e-01  4.59087991e-01  3.41303482e-09  3.35761157e-09  4.59087991e-01  3.30298003e-09  4.59087991e-01  1.61534019e-07  1.23603030e-07  1.40000000e+00 
 1.41000000e+00  4.59087965e-01  4.59087965e-01  3.41303487e-09  3.35761157e-09  4.59087965e-01  3.30298003e-09  4.59087965e-01  1.61533999e-07  1.23602632e-07  1.41000000e+00 
 1.42000000e+00  4.59087968e-01  4.59087968e-01  3.41303487e-09  3.35761157e-09  4.59087968e-01  3.30298003e-09  4.59087969e-01  1.61533986e-07  1.23602447e-07  1.42000000e+00 
 1.43000000e+00  4.59087973e-01  4.59087973e-01  3.41303487e-09  3.35761157e-09  4.59087973e-01  3.30298003e-09  4.59087973e-01  1.61533994e-07  1.23602078e-07  1.43000000e+00 
 1.44000000e+00  4.59087962e-01  4.59087962e-01  3.41303487e-09  3.35761157e-09  4.59087962e-01  3.30298003e-09  4.59087962e-01  1.61533979e-07  1.23601652e-07  1.44000000e+00 
 1.45000000e+00  4.59087974e-01  4.59087974e-01  3.41303482e-09  3.35761157e-09  4.59087974e-01  3.30298003e-09  4.59087974e-01  1.61533996e-07  1.23601239e-07  1.45000000e+00 
 1.46000000e+00  4.59087994e-01  4.59087994e-01  3.41303488e-09  3.35761157e-09  4.59087994e-01  3.30297997e-09  4.59087994e-01  1.61534017e-07  1.23600913e-07  1.46000000e+00 
 1.47000000e+00  4.59087990e-01  4.59087990e-01  3.41303488e-09  3.35761157e-09  4.59087990e-01  3.30298003e-09  4.59087990e-01  1.61534024e-07  1.23600202e-07  1.47000000e+00 
 1.48000000e+00  4.59087996e-01  4.59087996e-01  3.41303488e-09  3.35761162e-09  4.59087996e-01  3.30297997e-09  4.59087996e-01  1.61534020e-07  1.23599676e-07  1.48000000e+00 
 1.49000000e+00  4.59087981e-01  4.59087981e-01  3.41303488e-09  3.35761155e-09  4.59087981e-01  3.30297997e-09  4.59087981e-01  1.61534005e-07  1.23598724e-07  1.49000000e+00 
 1.50000000e+00  4.59087991e-01  4.59087991e-01  3.41303488e-09  3.35761157e-09  4.59087991e-01  3.30298003e-09  4.59087991e-01  1.61534033e-07  1.23597673e-07  1.50000000e+00 
 1.51000000e+00  4.59087995e-01  4.59087995e-01  3.41303488e-09  3.35761157e-09  4.59087995e-01  3.30298003e-09  4.59087995e-01  1.61534041e-07  1.23596394e-07  1.51000000e+00 
 1.52000000e+00  4.59088003e-01  4.59088003e-01  3.41303488e-09  3.35761157e-09  4.59088003e-01  3.30298003e-09  4.59088003e-01  1.61534041e-07  1.23594589e-07  1.52000000e+00 
 1.53000000e+00  4.59087973e-01  4.59087973e-01  3.41303487e-09  3.35761157e-09  4.59087973e-01  3.30297997e-09  4.59087973e-01  1.61533996e-07  1.23591732e-07  1.53000000e+00 
 1.54000000e+00  4.59087973e-01  4.59087973e-01  3.41303487e-09  3.35761157e-09  4.59087973e-01  3.30297997e-09  4.59087973e-01  1.61533998e-07  1.23587967e-07  1.54000000e+00 
 1.55000000e+00  4.59087973e-01  4.59087973e-01  3.41303482e-09  3.35761157e-09  4.59087973e-01  3.30298003e-09  4.59087973e-01  1.61533992e-07  1.23582254e-07  1.55000000e+00 
 1.56000000e+00  4.59087988e-01  4.59087988e-01  3.41303482e-09  3.35761157e-09  4.59087988e-01  3.30298003e-09  4.59087988e-01  1.61534016e-07  1.23573102e-07  1.56000000e+00 
 1.57000000e+00  4.59087983e-01  4.59087983e-01  3.41303488e-09  3.35761157e-09  4.59087983e-01  3.30298003e-09  4.59087984e-01  1.61534023e-07  1.23557427e-07  1.57000000e+00 
 1.58000000e+00  4.59087976e-01  4.59087976e-01  3.41303487e-09  3.35761157e-09  4.59087976e-01  3.30298003e-09  4.59087976e-01  1.61534003e-07  1.23529404e-07  1.58000000e+00 
 1.59000000e+00  4.59087994e-01  4.59087994e-01  3.41303488e-09  3.35761157e-09  4.59087994e-01  3.30298003e-09  4.59087994e-01  1.61534030e-07  1.23476681e-07  1.59000000e+00 
 1.60000000e+00  4.59087985e-01  4.59087985e-01  3.41303488e-09  3.35761157e-09  4.59087985e-01  3.30298003e-09  4.59087985e-01  1.61534023e-07  1.23368949e-07  1.60000000e+00 
 1.61000000e+00  4.59087985e-01  4.59087985e-01  3.41303482e-09  3.35761157e-09  4.59087985e-01  3.30298003e-09  4.59087985e-01  1.61534021e-07  1.23108563e-07  1.61000000e+00 
 1.62000000e+00  4.59087989e-01  4.59087989e-01  3.41303488e-09  3.35761157e-09  4.59087989e-01  3.30298003e-09  4.59087989e-01  1.61534030e-07  1.22418456e-07  1.62000000e+00 
 1.63000000e+00  4.59087990e-01  4.59087990e-01  3.41303488e-09  3.35761157e-09  4.59087990e-01  3.30298003e-09  4.59087990e-01  1.61534017e-07  1.20976864e-07  1.63000000e+00 
 1.64000000e+00  4.59087998e-01  4.59087998e-01  3.41303488e-09  3.35761157e-09  4.59087998e-01  3.30298003e-09  4.59087998e-01  1.61534044e-07  1.07680876e-07  1.64000000e+00 
 1.65000000e+00  4.59087980e-01  4.59087980e-01  3.41303488e-09  3.35761157e-09  4.59087980e-01  3.30298003e-09  4.59087980e-01  1.61534011e-07  8.85363676e-08  1.65000000e+00 
 1.66000000e+00  4.59087973e-01  4.59087973e-01  3.41303487e-09  3.35761157e-09  4.59087973e-01  3.30297997e-09  4.59087973e-01  1.61533991e-07  7.20713444e-08  1.66000000e+00 
 1.67000000e+00  4.59087956e-01  4.59087956e-01  3.41303487e-09  3.35761157e-09  4.59087956e-01  3.30298003e-09  4.59087956e-01  1.61533986e-07  5.81426889e-08  1.67000000e+00 
 1.68000000e+00  4.59087971e-01  4.59087971e-01  3.41303487e-09  3.35761157e-09  4.59087971e-01  3.30298003e-09  4.59087971e-01  1.61533973e-07  4.65042831e-08  1.68000000e+00 
 1.69000000e+00  4.59087993e-01  4.59087993e-01  3.41303488e-09  3.35761157e-09  4.59087993e-01  3.30298003e-09  4.59087993e-01  1.61534023e-07  3.68608113e-08  1.69000000e+00 
 1.70000000e+00  4.59088010e-01  4.59088010e-01  3.41303482e-09  3.35761163e-09  4.59088010e-01  3.30298003e-09  4.59088010e-01  1.61534046e-07  2.89189757e-08  1.70000000e+00 
 1.71000000e+00  4.59087956e-01  4.59087956e-01  3.41303487e-09  3.35761155e-09  4.59087956e-01  3.30298003e-09  4.59087956e-01  1.61533966e-07  2.24072068e-08  1.71000000e+00 
 1.72000000e+00  4.59087972e-01  4.59087972e-01  3.41303482e-09  3.35761157e-09  4.59087972e-01  3.30298003e-09  4.59087972e-01  1.61533988e-07  1.70831527e-08  1.72000000e+00 
 1.73000000e+00  4.59087981e-01  4.59087981e-01  3.41303488e-09  3.35761157e-09  4.59087981e-01  3.30297997e-09  4.59087981e-01  1.61534020e-07  1.27362370e-08  1.73000000e+00 
 1.74000000e+00  4.59087958e-01  4.59087958e-01  3.41303487e-09  3.35761157e-09  4.59087958e-01  3.30298003e-09  4.59087958e-01  1.61533978e-07  9.18362275e-09  1.74000000e+00 
 1.75000000e+00  4.59088011e-01  4.59088011e-01  3.41303482e-09  3.35761157e-09  4.59088011e-01  3.30298003e-09  4.59088011e-01  1.61534050e-07  6.26651797e-09  1.75000000e+00 
 1.76000000e+00  4.59087986e-01  4.59087986e-01  3.41303482e-09  3.35761157e-09  4.59087986e-01  3.30298003e-09  4.59087986e-01  1.61534011e-07  3.84882526e-09  1.76000000e+00 
 1.77000000e+00  4.59087991e-01  4.59087991e-01  3.41303488e-09  3.35761157e-09  4.59087991e-01  3.30297997e-09  4.59087991e-01  1.61534015e-07  1.82380688e-09  1.77000000e+00 
 1.78000000e+00  4.59088003e-01  4.59088003e-01  3.41303488e-09  3.35761157e-09  4.59088003e-01  3.30298003e-09  4.59088003e-01  1.61534045e-07  1.26860300e-10  1.78000000e+00 
 1.79000000e+00  4.59087976e-01  4.59087976e-01  3.41303482e-09  3.35761157e-09  4.59087976e-01  3.30297997e-09  4.59087976e-01  1.61534010e-07 -1.26161126e-09  1.79000000e+00 
 1.80000000e+00  4.59087974e-01  4.59087974e-01  3.41303482e-09  3.35761157e-09  4.59087974e-01  3.30298003e-09  4.59087974e-01  1.61533993e-07 -2.33869457e-09  1.80000000e+00 
