 v-sweep         v(b0)           v(b1)           v(b2)           v(b3)           v(b4)           v(b5)           v(b6)           i(vbias)        i(viout)        v(vout)        
 0.00000000e+00  3.13607347e-09  4.60004999e-01  3.23081867e-09  4.60004999e-01  3.22880301e-09  3.29014115e-09  3.32461837e-09  1.61623966e-07  1.47629649e-08  0.00000000e+00 
 1.00000000e-02  3.13607351e-09  4.60005009e-01  3.23081864e-09  4.60005008e-01  3.22880299e-09  3.29014118e-09  3.32461835e-09  1.61623968e-07  1.47625682e-08  1.00000000e-02 
 2.00000000e-02  3.13607351e-09  4.60005008e-01  3.23081860e-09  4.60005008e-01  3.22880299e-09  3.29014118e-09  3.32461841e-09  1.61623988e-07  1.47623245e-08  2.00000000e-02 
 3.00000000e-02  3.13607352e-09  4.60005021e-01  3.23081865e-09  4.60005021e-01  3.22880299e-09  3.29014113e-09  3.32461841e-09  1.61623991e-07  1.47619534e-08  3.00000000e-02 
 4.00000000e-02  3.13607351e-09  4.60005004e-01  3.23081859e-09  4.60005004e-01  3.22880305e-09  3.29014113e-09  3.32461841e-09  1.61623970e-07  1.47616226e-08  4.00000000e-02 
 5.00000000e-02  3.13607345e-09  4.60004981e-01  3.23081865e-09  4.60004981e-01  3.22880303e-09  3.29014113e-09  3.32461841e-09  1.61623935e-07  1.47612731e-08  5.00000000e-02 
 6.00000000e-02  3.13607351e-09  4.60005004e-01  3.23081865e-09  4.60005004e-01  3.22880300e-09  3.29014113e-09  3.32461841e-09  1.61623974e-07  1.47608743e-08  6.00000000e-02 
 7.00000000e-02  3.13607351e-09  4.60004983e-01  3.23081865e-09  4.60004983e-01  3.22880299e-09  3.29014118e-09  3.32461841e-09  1.61623935e-07  1.47606865e-08  7.00000000e-02 
 8.00000000e-02  3.13607346e-09  4.60005002e-01  3.23081865e-09  4.60005002e-01  3.22880305e-09  3.29014118e-09  3.32461835e-09  1.61623948e-07  1.47604515e-08  8.00000000e-02 
 9.00000000e-02  3.13607351e-09  4.60005016e-01  3.23081865e-09  4.60005016e-01  3.22880298e-09  3.29014119e-09  3.32461841e-09  1.61623990e-07  1.47599906e-08  9.00000000e-02 
 1.00000000e-01  3.13607351e-09  4.60004998e-01  3.23081859e-09  4.60004997e-01  3.22880305e-09  3.29014113e-09  3.32461835e-09  1.61623962e-07  1.47598307e-08  1.00000000e-01 
 1.10000000e-01  3.13607346e-09  4.60005000e-01  3.23081865e-09  4.60005000e-01  3.22880304e-09  3.29014113e-09  3.32461841e-09  1.61623965e-07  1.47595545e-08  1.10000000e-01 
 1.20000000e-01  3.13607351e-09  4.60004981e-01  3.23081865e-09  4.60004981e-01  3.22880304e-09  3.29014118e-09  3.32461835e-09  1.61623936e-07  1.47593822e-08  1.20000000e-01 
 1.30000000e-01  3.13607351e-09  4.60005004e-01  3.23081865e-09  4.60005004e-01  3.22880299e-09  3.29014113e-09  3.32461841e-09  1.61623962e-07  1.47591575e-08  1.30000000e-01 
 1.40000000e-01  3.13607345e-09  4.60004989e-01  3.23081865e-09  4.60004989e-01  3.22880300e-09  3.29014118e-09  3.32461841e-09  1.61623959e-07  1.47588688e-08  1.40000000e-01 
 1.50000000e-01  3.13607351e-09  4.60004988e-01  3.23081865e-09  4.60004988e-01  3.22880299e-09  3.29014113e-09  3.32461841e-09  1.61623947e-07  1.47587773e-08  1.50000000e-01 
 1.60000000e-01  3.13607346e-09  4.60005023e-01  3.23081865e-09  4.60005023e-01  3.22880299e-09  3.29014113e-09  3.32461841e-09  1.61623996e-07  1.47585482e-08  1.60000000e-01 
 1.70000000e-01  3.13607345e-09  4.60004992e-01  3.23081865e-09  4.60004992e-01  3.22880305e-09  3.29014118e-09  3.32461841e-09  1.61623953e-07  1.47583812e-08  1.70000000e-01 
 1.80000000e-01  3.13607346e-09  4.60005009e-01  3.23081859e-09  4.60005009e-01  3.22880304e-09  3.29014119e-09  3.32461835e-09  1.61623978e-07  1.47581734e-08  1.80000000e-01 
 1.90000000e-01  3.13607346e-09  4.60005010e-01  3.23081865e-09  4.60005010e-01  3.22880299e-09  3.29014113e-09  3.32461835e-09  1.61623973e-07  1.47580810e-08  1.90000000e-01 
 2.00000000e-01  3.13607351e-09  4.60005016e-01  3.23081865e-09  4.60005016e-01  3.22880300e-09  3.29014119e-09  3.32461841e-09  1.61623986e-07  1.47579193e-08  2.00000000e-01 
 2.10000000e-01  3.13607351e-09  4.60004997e-01  3.23081865e-09  4.60004997e-01  3.22880299e-09  3.29014113e-09  3.32461841e-09  1.61623969e-07  1.47577985e-08  2.10000000e-01 
 2.20000000e-01  3.13607346e-09  4.60005012e-01  3.23081865e-09  4.60005011e-01  3.22880305e-09  3.29014113e-09  3.32461841e-09  1.61623977e-07  1.47576511e-08  2.20000000e-01 
 2.30000000e-01  3.13607351e-09  4.60004978e-01  3.23081865e-09  4.60004978e-01  3.22880303e-09  3.29014113e-09  3.32461841e-09  1.61623925e-07  1.47574948e-08  2.30000000e-01 
 2.40000000e-01  3.13607346e-09  4.60005001e-01  3.23081865e-09  4.60005001e-01  3.22880300e-09  3.29014113e-09  3.32461841e-09  1.61623956e-07  1.47573598e-08  2.40000000e-01 
 2.50000000e-01  3.13607346e-09  4.60004999e-01  3.23081865e-09  4.60004999e-01  3.22880299e-09  3.29014113e-09  3.32461841e-09  1.61623963e-07  1.47572887e-08  2.50000000e-01 
 2.60000000e-01  3.13607346e-09  4.60005028e-01  3.23081865e-09  4.60005028e-01  3.22880299e-09  3.29014119e-09  3.32461841e-09  1.61623994e-07  1.47571892e-08  2.60000000e-01 
 2.70000000e-01  3.13607351e-09  4.60005015e-01  3.23081865e-09  4.60005015e-01  3.22880305e-09  3.29014119e-09  3.32461841e-09  1.61623981e-07  1.47570827e-08  2.70000000e-01 
 2.80000000e-01  3.13607346e-09  4.60004998e-01  3.23081859e-09  4.60004997e-01  3.22880304e-09  3.29014113e-09  3.32461841e-09  1.61623948e-07  1.47568553e-08  2.80000000e-01 
 2.90000000e-01  3.13607351e-09  4.60004999e-01  3.23081865e-09  4.60004999e-01  3.22880299e-09  3.29014113e-09  3.32461835e-09  1.61623959e-07  1.47568571e-08  2.90000000e-01 
 3.00000000e-01  3.13607346e-09  4.60005011e-01  3.23081865e-09  4.60005011e-01  3.22880306e-09  3.29014113e-09  3.32461841e-09  1.61623979e-07  1.47567008e-08  3.00000000e-01 
 3.10000000e-01  3.13607346e-09  4.60005012e-01  3.23081865e-09  4.60005012e-01  3.22880304e-09  3.29014119e-09  3.32461835e-09  1.61623979e-07  1.47566439e-08  3.10000000e-01 
 3.20000000e-01  3.13607345e-09  4.60004991e-01  3.23081865e-09  4.60004991e-01  3.22880304e-09  3.29014118e-09  3.32461841e-09  1.61623955e-07  1.47564307e-08  3.20000000e-01 
 3.30000000e-01  3.13607351e-09  4.60005007e-01  3.23081865e-09  4.60005007e-01  3.22880299e-09  3.29014113e-09  3.32461841e-09  1.61623973e-07  1.47564485e-08  3.30000000e-01 
 3.40000000e-01  3.13607351e-09  4.60005009e-01  3.23081865e-09  4.60005008e-01  3.22880300e-09  3.29014118e-09  3.32461835e-09  1.61623984e-07  1.47563881e-08  3.40000000e-01 
 3.50000000e-01  3.13607351e-09  4.60004987e-01  3.23081865e-09  4.60004986e-01  3.22880299e-09  3.29014118e-09  3.32461841e-09  1.61623947e-07  1.47561572e-08  3.50000000e-01 
 3.60000000e-01  3.13607351e-09  4.60005015e-01  3.23081865e-09  4.60005015e-01  3.22880305e-09  3.29014113e-09  3.32461841e-09  1.61623977e-07  1.47563028e-08  3.60000000e-01 
 3.70000000e-01  3.13607352e-09  4.60005022e-01  3.23081865e-09  4.60005021e-01  3.22880304e-09  3.29014113e-09  3.32461841e-09  1.61623991e-07  1.47561749e-08  3.70000000e-01 
 3.80000000e-01  3.13607351e-09  4.60004990e-01  3.23081865e-09  4.60004990e-01  3.22880298e-09  3.29014118e-09  3.32461841e-09  1.61623946e-07  1.47560897e-08  3.80000000e-01 
 3.90000000e-01  3.13607351e-09  4.60004977e-01  3.23081865e-09  4.60004976e-01  3.22880305e-09  3.29014113e-09  3.32461841e-09  1.61623927e-07  1.47560151e-08  3.90000000e-01 
 4.00000000e-01  3.13607351e-09  4.60004999e-01  3.23081865e-09  4.60004999e-01  3.22880298e-09  3.29014118e-09  3.32461835e-09  1.61623967e-07  1.47559334e-08  4.00000000e-01 
 4.10000000e-01  3.13607345e-09  4.60004989e-01  3.23081859e-09  4.60004989e-01  3.22880305e-09  3.29014113e-09  3.32461841e-09  1.61623940e-07  1.47557238e-08  4.10000000e-01 
 4.20000000e-01  3.13607351e-09  4.60004995e-01  3.23081865e-09  4.60004995e-01  3.22880304e-09  3.29014118e-09  3.32461841e-09  1.61623947e-07  1.47557877e-08  4.20000000e-01 
 4.30000000e-01  3.13607351e-09  4.60005017e-01  3.23081865e-09  4.60005017e-01  3.22880299e-09  3.29014113e-09  3.32461835e-09  1.61623994e-07  1.47556456e-08  4.30000000e-01 
 4.40000000e-01  3.13607346e-09  4.60004998e-01  3.23081865e-09  4.60004998e-01  3.22880305e-09  3.29014118e-09  3.32461835e-09  1.61623966e-07  1.47556598e-08  4.40000000e-01 
 4.50000000e-01  3.13607345e-09  4.60004987e-01  3.23081865e-09  4.60004987e-01  3.22880304e-09  3.29014113e-09  3.32461841e-09  1.61623933e-07  1.47555426e-08  4.50000000e-01 
 4.60000000e-01  3.13607351e-09  4.60005010e-01  3.23081865e-09  4.60005009e-01  3.22880300e-09  3.29014119e-09  3.32461841e-09  1.61623963e-07  1.47554680e-08  4.60000000e-01 
 4.70000000e-01  3.13607351e-09  4.60004985e-01  3.23081865e-09  4.60004985e-01  3.22880305e-09  3.29014118e-09  3.32461841e-09  1.61623946e-07  1.47553578e-08  4.70000000e-01 
 4.80000000e-01  3.13607346e-09  4.60005008e-01  3.23081865e-09  4.60005008e-01  3.22880304e-09  3.29014118e-09  3.32461835e-09  1.61623972e-07  1.47553791e-08  4.80000000e-01 
 4.90000000e-01  3.13607345e-09  4.60004976e-01  3.23081865e-09  4.60004976e-01  3.22880304e-09  3.29014118e-09  3.32461841e-09  1.61623925e-07  1.47552832e-08  4.90000000e-01 
 5.00000000e-01  3.13607345e-09  4.60004979e-01  3.23081865e-09  4.60004979e-01  3.22880304e-09  3.29014113e-09  3.32461835e-09  1.61623925e-07  1.47552903e-08  5.00000000e-01 
 5.10000000e-01  3.13607351e-09  4.60004990e-01  3.23081865e-09  4.60004990e-01  3.22880298e-09  3.29014113e-09  3.32461841e-09  1.61623930e-07  1.47551553e-08  5.10000000e-01 
 5.20000000e-01  3.13607346e-09  4.60005004e-01  3.23081865e-09  4.60005004e-01  3.22880306e-09  3.29014113e-09  3.32461841e-09  1.61623970e-07  1.47552051e-08  5.20000000e-01 
 5.30000000e-01  3.13607346e-09  4.60004994e-01  3.23081865e-09  4.60004993e-01  3.22880304e-09  3.29014118e-09  3.32461835e-09  1.61623949e-07  1.47551198e-08  5.30000000e-01 
 5.40000000e-01  3.13607345e-09  4.60004989e-01  3.23081865e-09  4.60004989e-01  3.22880304e-09  3.29014118e-09  3.32461841e-09  1.61623942e-07  1.47550629e-08  5.40000000e-01 
 5.50000000e-01  3.13607345e-09  4.60004993e-01  3.23081865e-09  4.60004992e-01  3.22880304e-09  3.29014118e-09  3.32461841e-09  1.61623945e-07  1.47549990e-08  5.50000000e-01 
 5.60000000e-01  3.13607351e-09  4.60005008e-01  3.23081865e-09  4.60005008e-01  3.22880299e-09  3.29014113e-09  3.32461841e-09  1.61623973e-07  1.47548818e-08  5.60000000e-01 
 5.70000000e-01  3.13607351e-09  4.60005014e-01  3.23081865e-09  4.60005014e-01  3.22880300e-09  3.29014119e-09  3.32461835e-09  1.61623983e-07  1.47548462e-08  5.70000000e-01 
 5.80000000e-01  3.13607351e-09  4.60005007e-01  3.23081865e-09  4.60005006e-01  3.22880299e-09  3.29014118e-09  3.32461841e-09  1.61623969e-07  1.47549315e-08  5.80000000e-01 
 5.90000000e-01  3.13607345e-09  4.60004990e-01  3.23081865e-09  4.60004990e-01  3.22880299e-09  3.29014113e-09  3.32461835e-09  1.61623950e-07  1.47548391e-08  5.90000000e-01 
 6.00000000e-01  3.13607351e-09  4.60005006e-01  3.23081865e-09  4.60005006e-01  3.22880299e-09  3.29014113e-09  3.32461841e-09  1.61623961e-07  1.47547610e-08  6.00000000e-01 
 6.10000000e-01  3.13607351e-09  4.60004983e-01  3.23081865e-09  4.60004983e-01  3.22880305e-09  3.29014113e-09  3.32461841e-09  1.61623947e-07  1.47545975e-08  6.10000000e-01 
 6.20000000e-01  3.13607346e-09  4.60004996e-01  3.23081865e-09  4.60004996e-01  3.22880304e-09  3.29014113e-09  3.32461841e-09  1.61623957e-07  1.47545975e-08  6.20000000e-01 
 6.30000000e-01  3.13607351e-09  4.60005012e-01  3.23081865e-09  4.60005012e-01  3.22880299e-09  3.29014119e-09  3.32461841e-09  1.61623979e-07  1.47546615e-08  6.30000000e-01 
 6.40000000e-01  3.13607351e-09  4.60004992e-01  3.23081865e-09  4.60004991e-01  3.22880300e-09  3.29014118e-09  3.32461841e-09  1.61623952e-07  1.47545691e-08  6.40000000e-01 
 6.50000000e-01  3.13607346e-09  4.60005005e-01  3.23081859e-09  4.60005005e-01  3.22880299e-09  3.29014118e-09  3.32461841e-09  1.61623973e-07  1.47544839e-08  6.50000000e-01 
 6.60000000e-01  3.13607345e-09  4.60004967e-01  3.23081865e-09  4.60004966e-01  3.22880299e-09  3.29014113e-09  3.32461841e-09  1.61623915e-07  1.47543986e-08  6.60000000e-01 
 6.70000000e-01  3.13607351e-09  4.60005009e-01  3.23081865e-09  4.60005008e-01  3.22880305e-09  3.29014113e-09  3.32461841e-09  1.61623975e-07  1.47542707e-08  6.70000000e-01 
 6.80000000e-01  3.13607346e-09  4.60005008e-01  3.23081865e-09  4.60005008e-01  3.22880298e-09  3.29014118e-09  3.32461841e-09  1.61623972e-07  1.47542636e-08  6.80000000e-01 
 6.90000000e-01  3.13607346e-09  4.60005014e-01  3.23081859e-09  4.60005014e-01  3.22880306e-09  3.29014113e-09  3.32461835e-09  1.61623964e-07  1.47542423e-08  6.90000000e-01 
 7.00000000e-01  3.13607346e-09  4.60004998e-01  3.23081865e-09  4.60004997e-01  3.22880298e-09  3.29014118e-09  3.32461841e-09  1.61623972e-07  1.47540788e-08  7.00000000e-01 
 7.10000000e-01  3.13607345e-09  4.60004978e-01  3.23081865e-09  4.60004978e-01  3.22880300e-09  3.29014113e-09  3.32461841e-09  1.61623920e-07  1.47540149e-08  7.10000000e-01 
 7.20000000e-01  3.13607346e-09  4.60005001e-01  3.23081865e-09  4.60005001e-01  3.22880305e-09  3.29014113e-09  3.32461841e-09  1.61623949e-07  1.47541144e-08  7.20000000e-01 
 7.30000000e-01  3.13607351e-09  4.60005006e-01  3.23081865e-09  4.60005006e-01  3.22880304e-09  3.29014113e-09  3.32461835e-09  1.61623978e-07  1.47540646e-08  7.30000000e-01 
 7.40000000e-01  3.13607352e-09  4.60005024e-01  3.23081865e-09  4.60005024e-01  3.22880305e-09  3.29014119e-09  3.32461841e-09  1.61623986e-07  1.47540646e-08  7.40000000e-01 
 7.50000000e-01  3.13607351e-09  4.60005003e-01  3.23081865e-09  4.60005002e-01  3.22880299e-09  3.29014113e-09  3.32461841e-09  1.61623970e-07  1.47539012e-08  7.50000000e-01 
 7.60000000e-01  3.13607351e-09  4.60004981e-01  3.23081859e-09  4.60004981e-01  3.22880305e-09  3.29014113e-09  3.32461841e-09  1.61623933e-07  1.47539154e-08  7.60000000e-01 
 7.70000000e-01  3.13607346e-09  4.60005003e-01  3.23081865e-09  4.60005003e-01  3.22880298e-09  3.29014118e-09  3.32461841e-09  1.61623967e-07  1.47538231e-08  7.70000000e-01 
 7.80000000e-01  3.13607351e-09  4.60004989e-01  3.23081865e-09  4.60004989e-01  3.22880300e-09  3.29014113e-09  3.32461841e-09  1.61623951e-07  1.47537804e-08  7.80000000e-01 
 7.90000000e-01  3.13607351e-09  4.60005004e-01  3.23081859e-09  4.60005004e-01  3.22880299e-09  3.29014118e-09  3.32461841e-09  1.61623961e-07  1.47538088e-08  7.90000000e-01 
 8.00000000e-01  3.13607351e-09  4.60005015e-01  3.23081865e-09  4.60005015e-01  3.22880299e-09  3.29014119e-09  3.32461835e-09  1.61623984e-07  1.47536880e-08  8.00000000e-01 
 8.10000000e-01  3.13607351e-09  4.60005008e-01  3.23081865e-09  4.60005008e-01  3.22880305e-09  3.29014113e-09  3.32461841e-09  1.61623966e-07  1.47536028e-08  8.10000000e-01 
 8.20000000e-01  3.13607351e-09  4.60004992e-01  3.23081865e-09  4.60004992e-01  3.22880304e-09  3.29014113e-09  3.32461841e-09  1.61623963e-07  1.47535815e-08  8.20000000e-01 
 8.30000000e-01  3.13607346e-09  4.60004996e-01  3.23081859e-09  4.60004996e-01  3.22880300e-09  3.29014113e-09  3.32461841e-09  1.61623959e-07  1.47535744e-08  8.30000000e-01 
 8.40000000e-01  3.13607351e-09  4.60005005e-01  3.23081865e-09  4.60005005e-01  3.22880299e-09  3.29014118e-09  3.32461841e-09  1.61623959e-07  1.47535033e-08  8.40000000e-01 
 8.50000000e-01  3.13607346e-09  4.60005018e-01  3.23081865e-09  4.60005017e-01  3.22880299e-09  3.29014119e-09  3.32461835e-09  1.61623987e-07  1.47534180e-08  8.50000000e-01 
 8.60000000e-01  3.13607345e-09  4.60004985e-01  3.23081865e-09  4.60004984e-01  3.22880299e-09  3.29014113e-09  3.32461841e-09  1.61623944e-07  1.47534323e-08  8.60000000e-01 
 8.70000000e-01  3.13607351e-09  4.60005009e-01  3.23081865e-09  4.60005008e-01  3.22880299e-09  3.29014113e-09  3.32461841e-09  1.61623956e-07  1.47534536e-08  8.70000000e-01 
 8.80000000e-01  3.13607351e-09  4.60005007e-01  3.23081865e-09  4.60005007e-01  3.22880305e-09  3.29014118e-09  3.32461841e-09  1.61623980e-07  1.47532901e-08  8.80000000e-01 
 8.90000000e-01  3.13607351e-09  4.60005016e-01  3.23081865e-09  4.60005016e-01  3.22880304e-09  3.29014113e-09  3.32461841e-09  1.61623972e-07  1.47533541e-08  8.90000000e-01 
 9.00000000e-01  3.13607346e-09  4.60005013e-01  3.23081865e-09  4.60005013e-01  3.22880304e-09  3.29014119e-09  3.32461841e-09  1.61623980e-07  1.47532262e-08  9.00000000e-01 
 9.10000000e-01  3.13607351e-09  4.60005003e-01  3.23081865e-09  4.60005002e-01  3.22880304e-09  3.29014113e-09  3.32461841e-09  1.61623969e-07  1.47532191e-08  9.10000000e-01 
 9.20000000e-01  3.13607346e-09  4.60004997e-01  3.23081865e-09  4.60004996e-01  3.22880299e-09  3.29014113e-09  3.32461841e-09  1.61623945e-07  1.47532191e-08  9.20000000e-01 
 9.30000000e-01  3.13607351e-09  4.60004983e-01  3.23081865e-09  4.60004983e-01  3.22880300e-09  3.29014118e-09  3.32461841e-09  1.61623935e-07  1.47530699e-08  9.30000000e-01 
 9.40000000e-01  3.13607346e-09  4.60005008e-01  3.23081865e-09  4.60005007e-01  3.22880299e-09  3.29014118e-09  3.32461841e-09  1.61623970e-07  1.47530201e-08  9.40000000e-01 
 9.50000000e-01  3.13607345e-09  4.60004981e-01  3.23081865e-09  4.60004981e-01  3.22880299e-09  3.29014113e-09  3.32461841e-09  1.61623934e-07  1.47528993e-08  9.50000000e-01 
 9.60000000e-01  3.13607351e-09  4.60005003e-01  3.23081865e-09  4.60005003e-01  3.22880299e-09  3.29014118e-09  3.32461835e-09  1.61623964e-07  1.47528070e-08  9.60000000e-01 
 9.70000000e-01  3.13607345e-09  4.60004983e-01  3.23081859e-09  4.60004983e-01  3.22880305e-09  3.29014118e-09  3.32461841e-09  1.61623940e-07  1.47528070e-08  9.70000000e-01 
 9.80000000e-01  3.13607351e-09  4.60005008e-01  3.23081865e-09  4.60005008e-01  3.22880304e-09  3.29014113e-09  3.32461835e-09  1.61623971e-07  1.47529278e-08  9.80000000e-01 
 9.90000000e-01  3.13607346e-09  4.60004997e-01  3.23081865e-09  4.60004997e-01  3.22880304e-09  3.29014118e-09  3.32461841e-09  1.61623964e-07  1.47527288e-08  9.90000000e-01 
 1.00000000e+00  3.13607351e-09  4.60004993e-01  3.23081865e-09  4.60004992e-01  3.22880298e-09  3.29014118e-09  3.32461841e-09  1.61623944e-07  1.47526222e-08  1.00000000e+00 
 1.01000000e+00  3.13607351e-09  4.60004985e-01  3.23081865e-09  4.60004985e-01  3.22880305e-09  3.29014118e-09  3.32461841e-09  1.61623944e-07  1.47526293e-08  1.01000000e+00 
 1.02000000e+00  3.13607345e-09  4.60004992e-01  3.23081865e-09  4.60004992e-01  3.22880298e-09  3.29014118e-09  3.32461841e-09  1.61623951e-07  1.47524872e-08  1.02000000e+00 
 1.03000000e+00  3.13607345e-09  4.60004986e-01  3.23081865e-09  4.60004986e-01  3.22880305e-09  3.29014118e-09  3.32461835e-09  1.61623940e-07  1.47525014e-08  1.03000000e+00 
 1.04000000e+00  3.13607351e-09  4.60004981e-01  3.23081865e-09  4.60004981e-01  3.22880303e-09  3.29014118e-09  3.32461841e-09  1.61623926e-07  1.47523949e-08  1.04000000e+00 
 1.05000000e+00  3.13607352e-09  4.60005021e-01  3.23081865e-09  4.60005021e-01  3.22880300e-09  3.29014119e-09  3.32461841e-09  1.61623988e-07  1.47523949e-08  1.05000000e+00 
 1.06000000e+00  3.13607351e-09  4.60005011e-01  3.23081865e-09  4.60005011e-01  3.22880305e-09  3.29014113e-09  3.32461841e-09  1.61623972e-07  1.47522456e-08  1.06000000e+00 
 1.07000000e+00  3.13607351e-09  4.60005002e-01  3.23081865e-09  4.60005001e-01  3.22880304e-09  3.29014118e-09  3.32461841e-09  1.61623959e-07  1.47522599e-08  1.07000000e+00 
 1.08000000e+00  3.13607346e-09  4.60004999e-01  3.23081865e-09  4.60004999e-01  3.22880299e-09  3.29014118e-09  3.32461841e-09  1.61623956e-07  1.47522528e-08  1.08000000e+00 
 1.09000000e+00  3.13607345e-09  4.60004982e-01  3.23081865e-09  4.60004982e-01  3.22880305e-09  3.29014113e-09  3.32461841e-09  1.61623943e-07  1.47522172e-08  1.09000000e+00 
 1.10000000e+00  3.13607346e-09  4.60004995e-01  3.23081865e-09  4.60004995e-01  3.22880298e-09  3.29014113e-09  3.32461835e-09  1.61623954e-07  1.47521249e-08  1.10000000e+00 
 1.11000000e+00  3.13607346e-09  4.60005020e-01  3.23081865e-09  4.60005020e-01  3.22880300e-09  3.29014113e-09  3.32461841e-09  1.61623983e-07  1.47520609e-08  1.11000000e+00 
 1.12000000e+00  3.13607346e-09  4.60005013e-01  3.23081865e-09  4.60005013e-01  3.22880299e-09  3.29014113e-09  3.32461835e-09  1.61623972e-07  1.47519543e-08  1.12000000e+00 
 1.13000000e+00  3.13607351e-09  4.60005011e-01  3.23081865e-09  4.60005010e-01  3.22880305e-09  3.29014119e-09  3.32461835e-09  1.61623969e-07  1.47519756e-08  1.13000000e+00 
 1.14000000e+00  3.13607351e-09  4.60005014e-01  3.23081865e-09  4.60005014e-01  3.22880304e-09  3.29014119e-09  3.32461835e-09  1.61623973e-07  1.47519472e-08  1.14000000e+00 
 1.15000000e+00  3.13607351e-09  4.60005004e-01  3.23081865e-09  4.60005004e-01  3.22880299e-09  3.29014118e-09  3.32461841e-09  1.61623980e-07  1.47519543e-08  1.15000000e+00 
 1.16000000e+00  3.13607346e-09  4.60005015e-01  3.23081865e-09  4.60005014e-01  3.22880300e-09  3.29014113e-09  3.32461841e-09  1.61623994e-07  1.47518477e-08  1.16000000e+00 
 1.17000000e+00  3.13607352e-09  4.60005022e-01  3.23081865e-09  4.60005022e-01  3.22880305e-09  3.29014119e-09  3.32461841e-09  1.61623994e-07  1.47517909e-08  1.17000000e+00 
 1.18000000e+00  3.13607351e-09  4.60005012e-01  3.23081865e-09  4.60005012e-01  3.22880304e-09  3.29014113e-09  3.32461841e-09  1.61623983e-07  1.47516346e-08  1.18000000e+00 
 1.19000000e+00  3.13607346e-09  4.60005033e-01  3.23081865e-09  4.60005032e-01  3.22880305e-09  3.29014113e-09  3.32461841e-09  1.61624002e-07  1.47517056e-08  1.19000000e+00 
 1.20000000e+00  3.13607346e-09  4.60005008e-01  3.23081865e-09  4.60005008e-01  3.22880304e-09  3.29014118e-09  3.32461841e-09  1.61623960e-07  1.47514925e-08  1.20000000e+00 
 1.21000000e+00  3.13607351e-09  4.60005010e-01  3.23081865e-09  4.60005010e-01  3.22880299e-09  3.29014113e-09  3.32461835e-09  1.61623972e-07  1.47515493e-08  1.21000000e+00 
 1.22000000e+00  3.13607345e-09  4.60004979e-01  3.23081865e-09  4.60004979e-01  3.22880300e-09  3.29014118e-09  3.32461835e-09  1.61623923e-07  1.47514498e-08  1.22000000e+00 
 1.23000000e+00  3.13607345e-09  4.60004986e-01  3.23081865e-09  4.60004986e-01  3.22880299e-09  3.29014113e-09  3.32461841e-09  1.61623937e-07  1.47515493e-08  1.23000000e+00 
 1.24000000e+00  3.13607351e-09  4.60005007e-01  3.23081865e-09  4.60005007e-01  3.22880305e-09  3.29014113e-09  3.32461835e-09  1.61623976e-07  1.47512225e-08  1.24000000e+00 
 1.25000000e+00  3.13607351e-09  4.60004987e-01  3.23081865e-09  4.60004987e-01  3.22880298e-09  3.29014113e-09  3.32461835e-09  1.61623936e-07  1.47511372e-08  1.25000000e+00 
 1.26000000e+00  3.13607346e-09  4.60005002e-01  3.23081865e-09  4.60005002e-01  3.22880306e-09  3.29014118e-09  3.32461841e-09  1.61623959e-07  1.47513362e-08  1.26000000e+00 
 1.27000000e+00  3.13607345e-09  4.60004993e-01  3.23081865e-09  4.60004993e-01  3.22880304e-09  3.29014118e-09  3.32461835e-09  1.61623956e-07  1.47511230e-08  1.27000000e+00 
 1.28000000e+00  3.13607351e-09  4.60004997e-01  3.23081859e-09  4.60004997e-01  3.22880304e-09  3.29014118e-09  3.32461841e-09  1.61623962e-07  1.47509951e-08  1.28000000e+00 
 1.29000000e+00  3.13607346e-09  4.60005018e-01  3.23081859e-09  4.60005018e-01  3.22880304e-09  3.29014119e-09  3.32461841e-09  1.61623986e-07  1.47510661e-08  1.29000000e+00 
 1.30000000e+00  3.13607351e-09  4.60005018e-01  3.23081865e-09  4.60005017e-01  3.22880304e-09  3.29014119e-09  3.32461841e-09  1.61623986e-07  1.47510804e-08  1.30000000e+00 
 1.31000000e+00  3.13607351e-09  4.60004990e-01  3.23081865e-09  4.60004990e-01  3.22880304e-09  3.29014118e-09  3.32461841e-09  1.61623944e-07  1.47508672e-08  1.31000000e+00 
 1.32000000e+00  3.13607345e-09  4.60004985e-01  3.23081859e-09  4.60004985e-01  3.22880298e-09  3.29014118e-09  3.32461841e-09  1.61623935e-07  1.47509240e-08  1.32000000e+00 
 1.33000000e+00  3.13607351e-09  4.60005008e-01  3.23081865e-09  4.60005007e-01  3.22880300e-09  3.29014118e-09  3.32461835e-09  1.61623967e-07  1.47507535e-08  1.33000000e+00 
 1.34000000e+00  3.13607346e-09  4.60004999e-01  3.23081865e-09  4.60004998e-01  3.22880299e-09  3.29014118e-09  3.32461841e-09  1.61623969e-07  1.47507251e-08  1.34000000e+00 
 1.35000000e+00  3.13607351e-09  4.60005018e-01  3.23081865e-09  4.60005017e-01  3.22880299e-09  3.29014113e-09  3.32461841e-09  1.61623984e-07  1.47508530e-08  1.35000000e+00 
 1.36000000e+00  3.13607346e-09  4.60005027e-01  3.23081860e-09  4.60005026e-01  3.22880305e-09  3.29014113e-09  3.32461841e-09  1.61624001e-07  1.47507677e-08  1.36000000e+00 
 1.37000000e+00  3.13607345e-09  4.60004992e-01  3.23081865e-09  4.60004992e-01  3.22880304e-09  3.29014118e-09  3.32461841e-09  1.61623943e-07  1.47505403e-08  1.37000000e+00 
 1.38000000e+00  3.13607346e-09  4.60004998e-01  3.23081865e-09  4.60004998e-01  3.22880300e-09  3.29014113e-09  3.32461841e-09  1.61623949e-07  1.47504977e-08  1.38000000e+00 
 1.39000000e+00  3.13607351e-09  4.60005005e-01  3.23081865e-09  4.60005005e-01  3.22880305e-09  3.29014113e-09  3.32461841e-09  1.61623965e-07  1.47504409e-08  1.39000000e+00 
 1.40000000e+00  3.13607351e-09  4.60005000e-01  3.23081865e-09  4.60004999e-01  3.22880304e-09  3.29014113e-09  3.32461841e-09  1.61623973e-07  1.47503840e-08  1.40000000e+00 
 1.41000000e+00  3.13607346e-09  4.60004997e-01  3.23081865e-09  4.60004997e-01  3.22880304e-09  3.29014113e-09  3.32461835e-09  1.61623961e-07  1.47503414e-08  1.41000000e+00 
 1.42000000e+00  3.13607346e-09  4.60005004e-01  3.23081859e-09  4.60005003e-01  3.22880304e-09  3.29014118e-09  3.32461841e-09  1.61623961e-07  1.47502703e-08  1.42000000e+00 
 1.43000000e+00  3.13607345e-09  4.60004989e-01  3.23081865e-09  4.60004989e-01  3.22880298e-09  3.29014113e-09  3.32461835e-09  1.61623938e-07  1.47502277e-08  1.43000000e+00 
 1.44000000e+00  3.13607351e-09  4.60005000e-01  3.23081865e-09  4.60005000e-01  3.22880300e-09  3.29014118e-09  3.32461841e-09  1.61623950e-07  1.47500572e-08  1.44000000e+00 
 1.45000000e+00  3.13607351e-09  4.60005012e-01  3.23081859e-09  4.60005011e-01  3.22880299e-09  3.29014113e-09  3.32461841e-09  1.61623986e-07  1.47501424e-08  1.45000000e+00 
 1.46000000e+00  3.13607351e-09  4.60005010e-01  3.23081865e-09  4.60005010e-01  3.22880299e-09  3.29014119e-09  3.32461835e-09  1.61623965e-07  1.47499151e-08  1.46000000e+00 
 1.47000000e+00  3.13607351e-09  4.60005002e-01  3.23081865e-09  4.60005001e-01  3.22880299e-09  3.29014113e-09  3.32461841e-09  1.61623969e-07  1.47499577e-08  1.47000000e+00 
 1.48000000e+00  3.13607346e-09  4.60005015e-01  3.23081865e-09  4.60005014e-01  3.22880305e-09  3.29014113e-09  3.32461835e-09  1.61623980e-07  1.47498298e-08  1.48000000e+00 
 1.49000000e+00  3.13607346e-09  4.60005011e-01  3.23081859e-09  4.60005010e-01  3.22880304e-09  3.29014113e-09  3.32461841e-09  1.61623993e-07  1.47497730e-08  1.49000000e+00 
 1.50000000e+00  3.13607351e-09  4.60004997e-01  3.23081865e-09  4.60004997e-01  3.22880304e-09  3.29014118e-09  3.32461841e-09  1.61623955e-07  1.47496451e-08  1.50000000e+00 
 1.51000000e+00  3.13607345e-09  4.60004983e-01  3.23081859e-09  4.60004983e-01  3.22880304e-09  3.29014118e-09  3.32461835e-09  1.61623928e-07  1.47494461e-08  1.51000000e+00 
 1.52000000e+00  3.13607351e-09  4.60005010e-01  3.23081865e-09  4.60005010e-01  3.22880304e-09  3.29014113e-09  3.32461835e-09  1.61623965e-07  1.47494745e-08  1.52000000e+00 
 1.53000000e+00  3.13607351e-09  4.60005001e-01  3.23081865e-09  4.60005001e-01  3.22880304e-09  3.29014113e-09  3.32461841e-09  1.61623961e-07  1.47493182e-08  1.53000000e+00 
 1.54000000e+00  3.13607351e-09  4.60004983e-01  3.23081859e-09  4.60004983e-01  3.22880304e-09  3.29014113e-09  3.32461841e-09  1.61623936e-07  1.47491619e-08  1.54000000e+00 
 1.55000000e+00  3.13607351e-09  4.60004985e-01  3.23081859e-09  4.60004985e-01  3.22880304e-09  3.29014113e-09  3.32461835e-09  1.61623934e-07  1.47491050e-08  1.55000000e+00 
 1.56000000e+00  3.13607346e-09  4.60005001e-01  3.23081859e-09  4.60005000e-01  3.22880304e-09  3.29014118e-09  3.32461841e-09  1.61623948e-07  1.47489203e-08  1.56000000e+00 
 1.57000000e+00  3.13607351e-09  4.60005008e-01  3.23081865e-09  4.60005008e-01  3.22880299e-09  3.29014113e-09  3.32461841e-09  1.61623975e-07  1.47486929e-08  1.57000000e+00 
 1.58000000e+00  3.13607345e-09  4.60004992e-01  3.23081865e-09  4.60004991e-01  3.22880305e-09  3.29014113e-09  3.32461835e-09  1.61623939e-07  1.47485082e-08  1.58000000e+00 
 1.59000000e+00  3.13607346e-09  4.60005008e-01  3.23081865e-09  4.60005008e-01  3.22880304e-09  3.29014118e-09  3.32461841e-09  1.61623979e-07  1.47483092e-08  1.59000000e+00 
 1.60000000e+00  3.13607345e-09  4.60004980e-01  3.23081865e-09  4.60004980e-01  3.22880304e-09  3.29014118e-09  3.32461841e-09  1.61623936e-07  1.47480534e-08  1.60000000e+00 
 1.61000000e+00  3.13607346e-09  4.60004997e-01  3.23081865e-09  4.60004997e-01  3.22880299e-09  3.29014118e-09  3.32461841e-09  1.61623946e-07  1.47476413e-08  1.61000000e+00 
 1.62000000e+00  3.13607351e-09  4.60004977e-01  3.23081859e-09  4.60004977e-01  3.22880300e-09  3.29014113e-09  3.32461841e-09  1.61623931e-07  1.47470303e-08  1.62000000e+00 
 1.63000000e+00  3.13607351e-09  4.60004994e-01  3.23081859e-09  4.60004994e-01  3.22880305e-09  3.29014113e-09  3.32461841e-09  1.61623956e-07  1.47461776e-08  1.63000000e+00 
 1.64000000e+00  3.13607346e-09  4.60005014e-01  3.23081865e-09  4.60005014e-01  3.22880304e-09  3.29014119e-09  3.32461835e-09  1.61623972e-07  1.47451829e-08  1.64000000e+00 
 1.65000000e+00  3.13607346e-09  4.60005011e-01  3.23081865e-09  4.60005010e-01  3.22880299e-09  3.29014119e-09  3.32461841e-09  1.61623987e-07  1.47433639e-08  1.65000000e+00 
 1.66000000e+00  3.13607346e-09  4.60004995e-01  3.23081859e-09  4.60004995e-01  3.22880300e-09  3.29014113e-09  3.32461841e-09  1.61623943e-07  1.47403085e-08  1.66000000e+00 
 1.67000000e+00  3.13607351e-09  4.60004982e-01  3.23081865e-09  4.60004982e-01  3.22880305e-09  3.29014118e-09  3.32461835e-09  1.61623927e-07  1.47348942e-08  1.67000000e+00 
 1.68000000e+00  3.13607351e-09  4.60004990e-01  3.23081859e-09  4.60004990e-01  3.22880298e-09  3.29014113e-09  3.32461841e-09  1.61623952e-07  1.47254440e-08  1.68000000e+00 
 1.69000000e+00  3.13607346e-09  4.60005007e-01  3.23081865e-09  4.60005006e-01  3.22880300e-09  3.29014118e-09  3.32461841e-09  1.61623976e-07  1.47078509e-08  1.69000000e+00 
 1.70000000e+00  3.13607346e-09  4.60005002e-01  3.23081865e-09  4.60005001e-01  3.22880305e-09  3.29014118e-09  3.32461841e-09  1.61623962e-07  1.46752512e-08  1.70000000e+00 
 1.71000000e+00  3.13607345e-09  4.60004981e-01  3.23081865e-09  4.60004981e-01  3.22880305e-09  3.29014118e-09  3.32461835e-09  1.61623922e-07  1.45869734e-08  1.71000000e+00 
 1.72000000e+00  3.13607351e-09  4.60004997e-01  3.23081865e-09  4.60004997e-01  3.22880299e-09  3.29014118e-09  3.32461835e-09  1.61623939e-07  1.35551943e-08  1.72000000e+00 
 1.73000000e+00  3.13607346e-09  4.60004996e-01  3.23081859e-09  4.60004995e-01  3.22880299e-09  3.29014113e-09  3.32461841e-09  1.61623952e-07  1.19711672e-08  1.73000000e+00 
 1.74000000e+00  3.13607351e-09  4.60005004e-01  3.23081865e-09  4.60005004e-01  3.22880299e-09  3.29014113e-09  3.32461841e-09  1.61623964e-07  8.69280825e-09  1.74000000e+00 
 1.75000000e+00  3.13607346e-09  4.60005011e-01  3.23081865e-09  4.60005011e-01  3.22880299e-09  3.29014119e-09  3.32461841e-09  1.61623965e-07  5.92287108e-09  1.75000000e+00 
 1.76000000e+00  3.13607351e-09  4.60005017e-01  3.23081865e-09  4.60005017e-01  3.22880305e-09  3.29014119e-09  3.32461835e-09  1.61623985e-07  3.63168340e-09  1.76000000e+00 
 1.77000000e+00  3.13607345e-09  4.60004993e-01  3.23081865e-09  4.60004993e-01  3.22880304e-09  3.29014118e-09  3.32461841e-09  1.61623958e-07  1.71758074e-09  1.77000000e+00 
 1.78000000e+00  3.13607351e-09  4.60005008e-01  3.23081865e-09  4.60005008e-01  3.22880299e-09  3.29014113e-09  3.32461841e-09  1.61623977e-07  1.17921672e-10  1.78000000e+00 
 1.79000000e+00  3.13607346e-09  4.60004997e-01  3.23081865e-09  4.60004997e-01  3.22880305e-09  3.29014113e-09  3.32461841e-09  1.61623961e-07 -1.18662058e-09  1.79000000e+00 
 1.80000000e+00  3.13607345e-09  4.60004991e-01  3.23081865e-09  4.60004991e-01  3.22880298e-09  3.29014113e-09  3.32461841e-09  1.61623951e-07 -2.19482388e-09  1.80000000e+00 
