 v-sweep         v(b0)           v(b1)           v(b2)           v(b3)           v(b4)           v(b5)           v(b6)           i(vbias)        i(viout)        v(vout)        
 0.00000000e+00  3.15265860e-09  4.59804985e-01  3.22949420e-09  3.21674409e-09  3.32775839e-09  4.59804985e-01  4.59804985e-01  1.60039330e-07  1.53511529e-07  0.00000000e+00 
 1.00000000e-02  3.15265864e-09  4.59804995e-01  3.22949424e-09  3.21674407e-09  3.32775837e-09  4.59804995e-01  4.59804995e-01  1.60039347e-07  1.53511147e-07  1.00000000e-02 
 2.00000000e-02  3.15265864e-09  4.59804989e-01  3.22949423e-09  3.21674407e-09  3.32775843e-09  4.59804989e-01  4.59804989e-01  1.60039338e-07  1.53510647e-07  2.00000000e-02 
 3.00000000e-02  3.15265864e-09  4.59805000e-01  3.22949424e-09  3.21674407e-09  3.32775838e-09  4.59805000e-01  4.59805000e-01  1.60039358e-07  1.53510387e-07  3.00000000e-02 
 4.00000000e-02  3.15265858e-09  4.59804973e-01  3.22949418e-09  3.21674407e-09  3.32775837e-09  4.59804973e-01  4.59804973e-01  1.60039323e-07  1.53509895e-07  4.00000000e-02 
 5.00000000e-02  3.15265864e-09  4.59804995e-01  3.22949424e-09  3.21674413e-09  3.32775843e-09  4.59804995e-01  4.59804995e-01  1.60039344e-07  1.53509611e-07  5.00000000e-02 
 6.00000000e-02  3.15265864e-09  4.59805000e-01  3.22949424e-09  3.21674406e-09  3.32775843e-09  4.59805000e-01  4.59805000e-01  1.60039353e-07  1.53509191e-07  6.00000000e-02 
 7.00000000e-02  3.15265858e-09  4.59804976e-01  3.22949423e-09  3.21674407e-09  3.32775843e-09  4.59804976e-01  4.59804976e-01  1.60039324e-07  1.53508748e-07  7.00000000e-02 
 8.00000000e-02  3.15265858e-09  4.59804991e-01  3.22949423e-09  3.21674407e-09  3.32775843e-09  4.59804991e-01  4.59804991e-01  1.60039343e-07  1.53508528e-07  8.00000000e-02 
 9.00000000e-02  3.15265864e-09  4.59804986e-01  3.22949423e-09  3.21674407e-09  3.32775837e-09  4.59804986e-01  4.59804986e-01  1.60039343e-07  1.53508156e-07  9.00000000e-02 
 1.00000000e-01  3.15265864e-09  4.59805001e-01  3.22949424e-09  3.21674413e-09  3.32775838e-09  4.59805001e-01  4.59805001e-01  1.60039363e-07  1.53507928e-07  1.00000000e-01 
 1.10000000e-01  3.15265864e-09  4.59804976e-01  3.22949418e-09  3.21674411e-09  3.32775837e-09  4.59804976e-01  4.59804976e-01  1.60039312e-07  1.53507516e-07  1.10000000e-01 
 1.20000000e-01  3.15265864e-09  4.59804987e-01  3.22949423e-09  3.21674407e-09  3.32775837e-09  4.59804987e-01  4.59804987e-01  1.60039329e-07  1.53507283e-07  1.20000000e-01 
 1.30000000e-01  3.15265858e-09  4.59804982e-01  3.22949423e-09  3.21674407e-09  3.32775843e-09  4.59804982e-01  4.59804982e-01  1.60039331e-07  1.53506969e-07  1.30000000e-01 
 1.40000000e-01  3.15265864e-09  4.59804993e-01  3.22949423e-09  3.21674407e-09  3.32775843e-09  4.59804994e-01  4.59804994e-01  1.60039342e-07  1.53506686e-07  1.40000000e-01 
 1.50000000e-01  3.15265864e-09  4.59804982e-01  3.22949423e-09  3.21674407e-09  3.32775837e-09  4.59804982e-01  4.59804982e-01  1.60039341e-07  1.53506525e-07  1.50000000e-01 
 1.60000000e-01  3.15265864e-09  4.59804973e-01  3.22949423e-09  3.21674412e-09  3.32775837e-09  4.59804973e-01  4.59804973e-01  1.60039318e-07  1.53506216e-07  1.60000000e-01 
 1.70000000e-01  3.15265864e-09  4.59804980e-01  3.22949423e-09  3.21674406e-09  3.32775843e-09  4.59804980e-01  4.59804980e-01  1.60039330e-07  1.53506113e-07  1.70000000e-01 
 1.80000000e-01  3.15265864e-09  4.59804986e-01  3.22949423e-09  3.21674407e-09  3.32775843e-09  4.59804986e-01  4.59804986e-01  1.60039335e-07  1.53505875e-07  1.80000000e-01 
 1.90000000e-01  3.15265864e-09  4.59804993e-01  3.22949423e-09  3.21674407e-09  3.32775837e-09  4.59804993e-01  4.59804993e-01  1.60039339e-07  1.53505740e-07  1.90000000e-01 
 2.00000000e-01  3.15265858e-09  4.59804985e-01  3.22949423e-09  3.21674407e-09  3.32775837e-09  4.59804985e-01  4.59804985e-01  1.60039331e-07  1.53505407e-07  2.00000000e-01 
 2.10000000e-01  3.15265864e-09  4.59804981e-01  3.22949418e-09  3.21674407e-09  3.32775837e-09  4.59804981e-01  4.59804981e-01  1.60039332e-07  1.53505178e-07  2.10000000e-01 
 2.20000000e-01  3.15265864e-09  4.59804990e-01  3.22949418e-09  3.21674407e-09  3.32775837e-09  4.59804990e-01  4.59804990e-01  1.60039320e-07  1.53505157e-07  2.20000000e-01 
 2.30000000e-01  3.15265858e-09  4.59804988e-01  3.22949423e-09  3.21674407e-09  3.32775843e-09  4.59804988e-01  4.59804988e-01  1.60039333e-07  1.53504818e-07  2.30000000e-01 
 2.40000000e-01  3.15265864e-09  4.59804998e-01  3.22949424e-09  3.21674407e-09  3.32775837e-09  4.59804998e-01  4.59804998e-01  1.60039344e-07  1.53504676e-07  2.40000000e-01 
 2.50000000e-01  3.15265864e-09  4.59804990e-01  3.22949418e-09  3.21674407e-09  3.32775837e-09  4.59804990e-01  4.59804990e-01  1.60039352e-07  1.53504628e-07  2.50000000e-01 
 2.60000000e-01  3.15265864e-09  4.59804986e-01  3.22949423e-09  3.21674407e-09  3.32775837e-09  4.59804986e-01  4.59804986e-01  1.60039334e-07  1.53504374e-07  2.60000000e-01 
 2.70000000e-01  3.15265858e-09  4.59805000e-01  3.22949424e-09  3.21674407e-09  3.32775843e-09  4.59805000e-01  4.59805000e-01  1.60039353e-07  1.53504185e-07  2.70000000e-01 
 2.80000000e-01  3.15265864e-09  4.59805003e-01  3.22949424e-09  3.21674413e-09  3.32775838e-09  4.59805003e-01  4.59805003e-01  1.60039353e-07  1.53504196e-07  2.80000000e-01 
 2.90000000e-01  3.15265858e-09  4.59804998e-01  3.22949424e-09  3.21674411e-09  3.32775837e-09  4.59804998e-01  4.59804998e-01  1.60039348e-07  1.53503887e-07  2.90000000e-01 
 3.00000000e-01  3.15265858e-09  4.59804988e-01  3.22949423e-09  3.21674406e-09  3.32775837e-09  4.59804988e-01  4.59804988e-01  1.60039319e-07  1.53503660e-07  3.00000000e-01 
 3.10000000e-01  3.15265864e-09  4.59805001e-01  3.22949424e-09  3.21674408e-09  3.32775838e-09  4.59805001e-01  4.59805001e-01  1.60039356e-07  1.53503645e-07  3.10000000e-01 
 3.20000000e-01  3.15265864e-09  4.59804983e-01  3.22949423e-09  3.21674407e-09  3.32775837e-09  4.59804983e-01  4.59804983e-01  1.60039321e-07  1.53503365e-07  3.20000000e-01 
 3.30000000e-01  3.15265864e-09  4.59804979e-01  3.22949423e-09  3.21674407e-09  3.32775837e-09  4.59804979e-01  4.59804979e-01  1.60039330e-07  1.53503311e-07  3.30000000e-01 
 3.40000000e-01  3.15265864e-09  4.59804990e-01  3.22949423e-09  3.21674407e-09  3.32775837e-09  4.59804990e-01  4.59804990e-01  1.60039332e-07  1.53503223e-07  3.40000000e-01 
 3.50000000e-01  3.15265858e-09  4.59804980e-01  3.22949423e-09  3.21674413e-09  3.32775837e-09  4.59804980e-01  4.59804980e-01  1.60039314e-07  1.53502981e-07  3.50000000e-01 
 3.60000000e-01  3.15265864e-09  4.59804997e-01  3.22949418e-09  3.21674411e-09  3.32775837e-09  4.59804997e-01  4.59804997e-01  1.60039346e-07  1.53502942e-07  3.60000000e-01 
 3.70000000e-01  3.15265864e-09  4.59804982e-01  3.22949418e-09  3.21674406e-09  3.32775837e-09  4.59804982e-01  4.59804982e-01  1.60039319e-07  1.53502782e-07  3.70000000e-01 
 3.80000000e-01  3.15265858e-09  4.59805000e-01  3.22949424e-09  3.21674413e-09  3.32775843e-09  4.59805000e-01  4.59805000e-01  1.60039364e-07  1.53502658e-07  3.80000000e-01 
 3.90000000e-01  3.15265864e-09  4.59805006e-01  3.22949424e-09  3.21674411e-09  3.32775838e-09  4.59805006e-01  4.59805006e-01  1.60039349e-07  1.53502601e-07  3.90000000e-01 
 4.00000000e-01  3.15265858e-09  4.59804982e-01  3.22949423e-09  3.21674406e-09  3.32775837e-09  4.59804982e-01  4.59804982e-01  1.60039326e-07  1.53502416e-07  4.00000000e-01 
 4.10000000e-01  3.15265864e-09  4.59804997e-01  3.22949424e-09  3.21674413e-09  3.32775837e-09  4.59804997e-01  4.59804997e-01  1.60039350e-07  1.53502313e-07  4.10000000e-01 
 4.20000000e-01  3.15265864e-09  4.59804986e-01  3.22949418e-09  3.21674411e-09  3.32775837e-09  4.59804986e-01  4.59804986e-01  1.60039322e-07  1.53502210e-07  4.20000000e-01 
 4.30000000e-01  3.15265864e-09  4.59804994e-01  3.22949424e-09  3.21674413e-09  3.32775837e-09  4.59804994e-01  4.59804994e-01  1.60039351e-07  1.53502079e-07  4.30000000e-01 
 4.40000000e-01  3.15265858e-09  4.59804974e-01  3.22949423e-09  3.21674406e-09  3.32775837e-09  4.59804974e-01  4.59804974e-01  1.60039318e-07  1.53501862e-07  4.40000000e-01 
 4.50000000e-01  3.15265858e-09  4.59804970e-01  3.22949418e-09  3.21674407e-09  3.32775837e-09  4.59804970e-01  4.59804970e-01  1.60039294e-07  1.53501748e-07  4.50000000e-01 
 4.60000000e-01  3.15265864e-09  4.59804981e-01  3.22949423e-09  3.21674407e-09  3.32775843e-09  4.59804982e-01  4.59804981e-01  1.60039331e-07  1.53501663e-07  4.60000000e-01 
 4.70000000e-01  3.15265864e-09  4.59804992e-01  3.22949423e-09  3.21674407e-09  3.32775837e-09  4.59804992e-01  4.59804992e-01  1.60039330e-07  1.53501492e-07  4.70000000e-01 
 4.80000000e-01  3.15265864e-09  4.59804993e-01  3.22949423e-09  3.21674407e-09  3.32775843e-09  4.59804993e-01  4.59804993e-01  1.60039345e-07  1.53501521e-07  4.80000000e-01 
 4.90000000e-01  3.15265858e-09  4.59804970e-01  3.22949423e-09  3.21674407e-09  3.32775837e-09  4.59804970e-01  4.59804970e-01  1.60039304e-07  1.53501350e-07  4.90000000e-01 
 5.00000000e-01  3.15265864e-09  4.59805007e-01  3.22949418e-09  3.21674407e-09  3.32775843e-09  4.59805007e-01  4.59805007e-01  1.60039360e-07  1.53501311e-07  5.00000000e-01 
 5.10000000e-01  3.15265864e-09  4.59804977e-01  3.22949423e-09  3.21674412e-09  3.32775837e-09  4.59804977e-01  4.59804977e-01  1.60039307e-07  1.53501102e-07  5.10000000e-01 
 5.20000000e-01  3.15265858e-09  4.59804972e-01  3.22949423e-09  3.21674406e-09  3.32775837e-09  4.59804972e-01  4.59804972e-01  1.60039319e-07  1.53500952e-07  5.20000000e-01 
 5.30000000e-01  3.15265858e-09  4.59804997e-01  3.22949424e-09  3.21674408e-09  3.32775843e-09  4.59804997e-01  4.59804997e-01  1.60039349e-07  1.53501066e-07  5.30000000e-01 
 5.40000000e-01  3.15265864e-09  4.59804967e-01  3.22949423e-09  3.21674407e-09  3.32775843e-09  4.59804967e-01  4.59804967e-01  1.60039283e-07  1.53500796e-07  5.40000000e-01 
 5.50000000e-01  3.15265864e-09  4.59804969e-01  3.22949423e-09  3.21674407e-09  3.32775837e-09  4.59804969e-01  4.59804969e-01  1.60039309e-07  1.53500679e-07  5.50000000e-01 
 5.60000000e-01  3.15265864e-09  4.59804968e-01  3.22949423e-09  3.21674407e-09  3.32775837e-09  4.59804968e-01  4.59804968e-01  1.60039303e-07  1.53500494e-07  5.60000000e-01 
 5.70000000e-01  3.15265864e-09  4.59805012e-01  3.22949418e-09  3.21674413e-09  3.32775843e-09  4.59805012e-01  4.59805012e-01  1.60039366e-07  1.53500647e-07  5.70000000e-01 
 5.80000000e-01  3.15265864e-09  4.59805000e-01  3.22949424e-09  3.21674406e-09  3.32775838e-09  4.59805000e-01  4.59805000e-01  1.60039346e-07  1.53500430e-07  5.80000000e-01 
 5.90000000e-01  3.15265864e-09  4.59804984e-01  3.22949418e-09  3.21674407e-09  3.32775837e-09  4.59804984e-01  4.59804984e-01  1.60039339e-07  1.53500288e-07  5.90000000e-01 
 6.00000000e-01  3.15265864e-09  4.59804978e-01  3.22949423e-09  3.21674407e-09  3.32775843e-09  4.59804979e-01  4.59804978e-01  1.60039321e-07  1.53500224e-07  6.00000000e-01 
 6.10000000e-01  3.15265864e-09  4.59804997e-01  3.22949418e-09  3.21674413e-09  3.32775843e-09  4.59804997e-01  4.59804997e-01  1.60039352e-07  1.53500118e-07  6.10000000e-01 
 6.20000000e-01  3.15265864e-09  4.59804974e-01  3.22949423e-09  3.21674411e-09  3.32775837e-09  4.59804974e-01  4.59804974e-01  1.60039303e-07  1.53499904e-07  6.20000000e-01 
 6.30000000e-01  3.15265864e-09  4.59804995e-01  3.22949418e-09  3.21674407e-09  3.32775843e-09  4.59804995e-01  4.59804995e-01  1.60039339e-07  1.53499897e-07  6.30000000e-01 
 6.40000000e-01  3.15265864e-09  4.59804996e-01  3.22949424e-09  3.21674407e-09  3.32775837e-09  4.59804996e-01  4.59804996e-01  1.60039340e-07  1.53499784e-07  6.40000000e-01 
 6.50000000e-01  3.15265864e-09  4.59804984e-01  3.22949423e-09  3.21674413e-09  3.32775843e-09  4.59804984e-01  4.59804984e-01  1.60039330e-07  1.53499585e-07  6.50000000e-01 
 6.60000000e-01  3.15265864e-09  4.59804972e-01  3.22949418e-09  3.21674406e-09  3.32775837e-09  4.59804972e-01  4.59804972e-01  1.60039308e-07  1.53499556e-07  6.60000000e-01 
 6.70000000e-01  3.15265864e-09  4.59805001e-01  3.22949424e-09  3.21674408e-09  3.32775838e-09  4.59805001e-01  4.59805001e-01  1.60039353e-07  1.53499471e-07  6.70000000e-01 
 6.80000000e-01  3.15265864e-09  4.59804989e-01  3.22949423e-09  3.21674407e-09  3.32775837e-09  4.59804989e-01  4.59804989e-01  1.60039326e-07  1.53499350e-07  6.80000000e-01 
 6.90000000e-01  3.15265858e-09  4.59804977e-01  3.22949418e-09  3.21674407e-09  3.32775843e-09  4.59804977e-01  4.59804977e-01  1.60039321e-07  1.53499222e-07  6.90000000e-01 
 7.00000000e-01  3.15265864e-09  4.59804991e-01  3.22949423e-09  3.21674407e-09  3.32775837e-09  4.59804991e-01  4.59804991e-01  1.60039351e-07  1.53499144e-07  7.00000000e-01 
 7.10000000e-01  3.15265864e-09  4.59804974e-01  3.22949423e-09  3.21674407e-09  3.32775837e-09  4.59804974e-01  4.59804974e-01  1.60039312e-07  1.53498938e-07  7.10000000e-01 
 7.20000000e-01  3.15265858e-09  4.59804990e-01  3.22949418e-09  3.21674407e-09  3.32775843e-09  4.59804990e-01  4.59804990e-01  1.60039342e-07  1.53498938e-07  7.20000000e-01 
 7.30000000e-01  3.15265864e-09  4.59805003e-01  3.22949424e-09  3.21674407e-09  3.32775838e-09  4.59805003e-01  4.59805003e-01  1.60039355e-07  1.53498831e-07  7.30000000e-01 
 7.40000000e-01  3.15265864e-09  4.59804991e-01  3.22949423e-09  3.21674407e-09  3.32775843e-09  4.59804992e-01  4.59804992e-01  1.60039328e-07  1.53498746e-07  7.40000000e-01 
 7.50000000e-01  3.15265864e-09  4.59805007e-01  3.22949418e-09  3.21674413e-09  3.32775838e-09  4.59805007e-01  4.59805007e-01  1.60039365e-07  1.53498789e-07  7.50000000e-01 
 7.60000000e-01  3.15265858e-09  4.59804965e-01  3.22949423e-09  3.21674411e-09  3.32775843e-09  4.59804965e-01  4.59804965e-01  1.60039293e-07  1.53498391e-07  7.60000000e-01 
 7.70000000e-01  3.15265864e-09  4.59805007e-01  3.22949424e-09  3.21674408e-09  3.32775838e-09  4.59805007e-01  4.59805007e-01  1.60039368e-07  1.53498426e-07  7.70000000e-01 
 7.80000000e-01  3.15265864e-09  4.59805000e-01  3.22949424e-09  3.21674407e-09  3.32775838e-09  4.59805000e-01  4.59805000e-01  1.60039351e-07  1.53498284e-07  7.80000000e-01 
 7.90000000e-01  3.15265864e-09  4.59804972e-01  3.22949418e-09  3.21674412e-09  3.32775843e-09  4.59804972e-01  4.59804972e-01  1.60039311e-07  1.53498085e-07  7.90000000e-01 
 8.00000000e-01  3.15265864e-09  4.59804989e-01  3.22949423e-09  3.21674411e-09  3.32775843e-09  4.59804989e-01  4.59804989e-01  1.60039343e-07  1.53498014e-07  8.00000000e-01 
 8.10000000e-01  3.15265864e-09  4.59804990e-01  3.22949423e-09  3.21674407e-09  3.32775843e-09  4.59804990e-01  4.59804990e-01  1.60039338e-07  1.53497794e-07  8.10000000e-01 
 8.20000000e-01  3.15265858e-09  4.59804968e-01  3.22949423e-09  3.21674407e-09  3.32775837e-09  4.59804968e-01  4.59804968e-01  1.60039299e-07  1.53497680e-07  8.20000000e-01 
 8.30000000e-01  3.15265864e-09  4.59804998e-01  3.22949418e-09  3.21674407e-09  3.32775837e-09  4.59804998e-01  4.59804998e-01  1.60039355e-07  1.53497737e-07  8.30000000e-01 
 8.40000000e-01  3.15265858e-09  4.59804995e-01  3.22949418e-09  3.21674413e-09  3.32775837e-09  4.59804995e-01  4.59804995e-01  1.60039338e-07  1.53497624e-07  8.40000000e-01 
 8.50000000e-01  3.15265858e-09  4.59804984e-01  3.22949423e-09  3.21674406e-09  3.32775837e-09  4.59804984e-01  4.59804984e-01  1.60039316e-07  1.53497361e-07  8.50000000e-01 
 8.60000000e-01  3.15265864e-09  4.59804994e-01  3.22949418e-09  3.21674407e-09  3.32775837e-09  4.59804994e-01  4.59804994e-01  1.60039349e-07  1.53497425e-07  8.60000000e-01 
 8.70000000e-01  3.15265864e-09  4.59805007e-01  3.22949424e-09  3.21674407e-09  3.32775838e-09  4.59805007e-01  4.59805007e-01  1.60039342e-07  1.53497275e-07  8.70000000e-01 
 8.80000000e-01  3.15265864e-09  4.59804975e-01  3.22949423e-09  3.21674407e-09  3.32775843e-09  4.59804975e-01  4.59804975e-01  1.60039308e-07  1.53496956e-07  8.80000000e-01 
 8.90000000e-01  3.15265864e-09  4.59805006e-01  3.22949424e-09  3.21674413e-09  3.32775843e-09  4.59805007e-01  4.59805007e-01  1.60039359e-07  1.53497155e-07  8.90000000e-01 
 9.00000000e-01  3.15265858e-09  4.59804986e-01  3.22949423e-09  3.21674411e-09  3.32775843e-09  4.59804986e-01  4.59804986e-01  1.60039323e-07  1.53496998e-07  9.00000000e-01 
 9.10000000e-01  3.15265858e-09  4.59804990e-01  3.22949423e-09  3.21674407e-09  3.32775843e-09  4.59804990e-01  4.59804990e-01  1.60039340e-07  1.53496771e-07  9.10000000e-01 
 9.20000000e-01  3.15265864e-09  4.59804974e-01  3.22949423e-09  3.21674407e-09  3.32775843e-09  4.59804974e-01  4.59804974e-01  1.60039324e-07  1.53496615e-07  9.20000000e-01 
 9.30000000e-01  3.15265864e-09  4.59804987e-01  3.22949418e-09  3.21674407e-09  3.32775837e-09  4.59804987e-01  4.59804987e-01  1.60039343e-07  1.53496458e-07  9.30000000e-01 
 9.40000000e-01  3.15265864e-09  4.59804991e-01  3.22949423e-09  3.21674413e-09  3.32775843e-09  4.59804991e-01  4.59804991e-01  1.60039342e-07  1.53496288e-07  9.40000000e-01 
 9.50000000e-01  3.15265864e-09  4.59804976e-01  3.22949423e-09  3.21674406e-09  3.32775843e-09  4.59804976e-01  4.59804976e-01  1.60039312e-07  1.53496202e-07  9.50000000e-01 
 9.60000000e-01  3.15265858e-09  4.59804977e-01  3.22949423e-09  3.21674413e-09  3.32775837e-09  4.59804977e-01  4.59804977e-01  1.60039330e-07  1.53496110e-07  9.60000000e-01 
 9.70000000e-01  3.15265858e-09  4.59804982e-01  3.22949423e-09  3.21674406e-09  3.32775837e-09  4.59804982e-01  4.59804982e-01  1.60039326e-07  1.53495954e-07  9.70000000e-01 
 9.80000000e-01  3.15265864e-09  4.59804991e-01  3.22949423e-09  3.21674407e-09  3.32775837e-09  4.59804991e-01  4.59804991e-01  1.60039339e-07  1.53495961e-07  9.80000000e-01 
 9.90000000e-01  3.15265858e-09  4.59804975e-01  3.22949423e-09  3.21674412e-09  3.32775837e-09  4.59804975e-01  4.59804975e-01  1.60039314e-07  1.53495648e-07  9.90000000e-01 
 1.00000000e+00  3.15265864e-09  4.59804997e-01  3.22949418e-09  3.21674411e-09  3.32775837e-09  4.59804997e-01  4.59804997e-01  1.60039350e-07  1.53495606e-07  1.00000000e+00 
 1.01000000e+00  3.15265864e-09  4.59805003e-01  3.22949424e-09  3.21674406e-09  3.32775843e-09  4.59805003e-01  4.59805003e-01  1.60039345e-07  1.53495520e-07  1.01000000e+00 
 1.02000000e+00  3.15265864e-09  4.59804966e-01  3.22949423e-09  3.21674407e-09  3.32775837e-09  4.59804966e-01  4.59804966e-01  1.60039302e-07  1.53495201e-07  1.02000000e+00 
 1.03000000e+00  3.15265864e-09  4.59804984e-01  3.22949418e-09  3.21674407e-09  3.32775843e-09  4.59804984e-01  4.59804984e-01  1.60039328e-07  1.53495286e-07  1.03000000e+00 
 1.04000000e+00  3.15265864e-09  4.59804970e-01  3.22949423e-09  3.21674407e-09  3.32775843e-09  4.59804970e-01  4.59804970e-01  1.60039321e-07  1.53495030e-07  1.04000000e+00 
 1.05000000e+00  3.15265864e-09  4.59804983e-01  3.22949423e-09  3.21674407e-09  3.32775837e-09  4.59804983e-01  4.59804983e-01  1.60039343e-07  1.53494980e-07  1.05000000e+00 
 1.06000000e+00  3.15265864e-09  4.59804957e-01  3.22949423e-09  3.21674407e-09  3.32775837e-09  4.59804957e-01  4.59804957e-01  1.60039288e-07  1.53494746e-07  1.06000000e+00 
 1.07000000e+00  3.15265858e-09  4.59805006e-01  3.22949424e-09  3.21674407e-09  3.32775843e-09  4.59805006e-01  4.59805006e-01  1.60039369e-07  1.53494753e-07  1.07000000e+00 
 1.08000000e+00  3.15265858e-09  4.59804989e-01  3.22949423e-09  3.21674407e-09  3.32775837e-09  4.59804989e-01  4.59804989e-01  1.60039334e-07  1.53494518e-07  1.08000000e+00 
 1.09000000e+00  3.15265858e-09  4.59805002e-01  3.22949424e-09  3.21674407e-09  3.32775838e-09  4.59805002e-01  4.59805002e-01  1.60039359e-07  1.53494561e-07  1.09000000e+00 
 1.10000000e+00  3.15265858e-09  4.59804987e-01  3.22949418e-09  3.21674407e-09  3.32775837e-09  4.59804987e-01  4.59804987e-01  1.60039339e-07  1.53494334e-07  1.10000000e+00 
 1.11000000e+00  3.15265864e-09  4.59804986e-01  3.22949418e-09  3.21674413e-09  3.32775843e-09  4.59804986e-01  4.59804986e-01  1.60039326e-07  1.53494142e-07  1.11000000e+00 
 1.12000000e+00  3.15265864e-09  4.59804982e-01  3.22949418e-09  3.21674406e-09  3.32775837e-09  4.59804982e-01  4.59804982e-01  1.60039328e-07  1.53493971e-07  1.12000000e+00 
 1.13000000e+00  3.15265858e-09  4.59804973e-01  3.22949423e-09  3.21674407e-09  3.32775837e-09  4.59804973e-01  4.59804973e-01  1.60039318e-07  1.53493836e-07  1.13000000e+00 
 1.14000000e+00  3.15265864e-09  4.59805019e-01  3.22949424e-09  3.21674407e-09  3.32775843e-09  4.59805019e-01  4.59805019e-01  1.60039380e-07  1.53493893e-07  1.14000000e+00 
 1.15000000e+00  3.15265858e-09  4.59804985e-01  3.22949423e-09  3.21674407e-09  3.32775837e-09  4.59804985e-01  4.59804985e-01  1.60039313e-07  1.53493581e-07  1.15000000e+00 
 1.16000000e+00  3.15265864e-09  4.59804989e-01  3.22949418e-09  3.21674407e-09  3.32775843e-09  4.59804989e-01  4.59804989e-01  1.60039355e-07  1.53493531e-07  1.16000000e+00 
 1.17000000e+00  3.15265864e-09  4.59804974e-01  3.22949423e-09  3.21674407e-09  3.32775843e-09  4.59804974e-01  4.59804974e-01  1.60039311e-07  1.53493303e-07  1.17000000e+00 
 1.18000000e+00  3.15265864e-09  4.59804993e-01  3.22949423e-09  3.21674413e-09  3.32775837e-09  4.59804993e-01  4.59804993e-01  1.60039350e-07  1.53493090e-07  1.18000000e+00 
 1.19000000e+00  3.15265864e-09  4.59804980e-01  3.22949423e-09  3.21674406e-09  3.32775843e-09  4.59804980e-01  4.59804980e-01  1.60039332e-07  1.53492948e-07  1.19000000e+00 
 1.20000000e+00  3.15265858e-09  4.59804982e-01  3.22949423e-09  3.21674407e-09  3.32775843e-09  4.59804982e-01  4.59804982e-01  1.60039325e-07  1.53492749e-07  1.20000000e+00 
 1.21000000e+00  3.15265864e-09  4.59804988e-01  3.22949423e-09  3.21674407e-09  3.32775837e-09  4.59804988e-01  4.59804988e-01  1.60039328e-07  1.53492607e-07  1.21000000e+00 
 1.22000000e+00  3.15265864e-09  4.59804969e-01  3.22949423e-09  3.21674412e-09  3.32775843e-09  4.59804969e-01  4.59804969e-01  1.60039305e-07  1.53492408e-07  1.22000000e+00 
 1.23000000e+00  3.15265858e-09  4.59805001e-01  3.22949424e-09  3.21674411e-09  3.32775843e-09  4.59805001e-01  4.59805001e-01  1.60039350e-07  1.53492323e-07  1.23000000e+00 
 1.24000000e+00  3.15265864e-09  4.59804975e-01  3.22949423e-09  3.21674406e-09  3.32775837e-09  4.59804975e-01  4.59804975e-01  1.60039304e-07  1.53492053e-07  1.24000000e+00 
 1.25000000e+00  3.15265858e-09  4.59804983e-01  3.22949423e-09  3.21674407e-09  3.32775843e-09  4.59804983e-01  4.59804983e-01  1.60039324e-07  1.53491882e-07  1.25000000e+00 
 1.26000000e+00  3.15265864e-09  4.59804982e-01  3.22949418e-09  3.21674413e-09  3.32775843e-09  4.59804982e-01  4.59804982e-01  1.60039343e-07  1.53491726e-07  1.26000000e+00 
 1.27000000e+00  3.15265858e-09  4.59804997e-01  3.22949424e-09  3.21674406e-09  3.32775837e-09  4.59804997e-01  4.59804997e-01  1.60039349e-07  1.53491555e-07  1.27000000e+00 
 1.28000000e+00  3.15265864e-09  4.59804981e-01  3.22949423e-09  3.21674413e-09  3.32775837e-09  4.59804981e-01  4.59804981e-01  1.60039331e-07  1.53491328e-07  1.28000000e+00 
 1.29000000e+00  3.15265864e-09  4.59804980e-01  3.22949423e-09  3.21674411e-09  3.32775837e-09  4.59804980e-01  4.59804980e-01  1.60039330e-07  1.53490987e-07  1.29000000e+00 
 1.30000000e+00  3.15265864e-09  4.59805010e-01  3.22949424e-09  3.21674408e-09  3.32775838e-09  4.59805010e-01  4.59805010e-01  1.60039357e-07  1.53490987e-07  1.30000000e+00 
 1.31000000e+00  3.15265864e-09  4.59805009e-01  3.22949424e-09  3.21674407e-09  3.32775843e-09  4.59805009e-01  4.59805009e-01  1.60039350e-07  1.53490717e-07  1.31000000e+00 
 1.32000000e+00  3.15265858e-09  4.59805000e-01  3.22949418e-09  3.21674407e-09  3.32775843e-09  4.59805000e-01  4.59805000e-01  1.60039348e-07  1.53490376e-07  1.32000000e+00 
 1.33000000e+00  3.15265858e-09  4.59804996e-01  3.22949418e-09  3.21674413e-09  3.32775843e-09  4.59804996e-01  4.59804996e-01  1.60039339e-07  1.53490319e-07  1.33000000e+00 
 1.34000000e+00  3.15265858e-09  4.59804983e-01  3.22949418e-09  3.21674406e-09  3.32775837e-09  4.59804983e-01  4.59804983e-01  1.60039322e-07  1.53490021e-07  1.34000000e+00 
 1.35000000e+00  3.15265864e-09  4.59804973e-01  3.22949423e-09  3.21674407e-09  3.32775843e-09  4.59804973e-01  4.59804973e-01  1.60039313e-07  1.53489552e-07  1.35000000e+00 
 1.36000000e+00  3.15265858e-09  4.59804992e-01  3.22949418e-09  3.21674407e-09  3.32775837e-09  4.59804992e-01  4.59804992e-01  1.60039345e-07  1.53489367e-07  1.36000000e+00 
 1.37000000e+00  3.15265864e-09  4.59805001e-01  3.22949418e-09  3.21674407e-09  3.32775838e-09  4.59805001e-01  4.59805001e-01  1.60039353e-07  1.53489054e-07  1.37000000e+00 
 1.38000000e+00  3.15265858e-09  4.59804986e-01  3.22949423e-09  3.21674407e-09  3.32775837e-09  4.59804986e-01  4.59804986e-01  1.60039334e-07  1.53488813e-07  1.38000000e+00 
 1.39000000e+00  3.15265864e-09  4.59804980e-01  3.22949418e-09  3.21674407e-09  3.32775837e-09  4.59804980e-01  4.59804980e-01  1.60039319e-07  1.53488500e-07  1.39000000e+00 
 1.40000000e+00  3.15265864e-09  4.59805010e-01  3.22949424e-09  3.21674407e-09  3.32775843e-09  4.59805010e-01  4.59805010e-01  1.60039379e-07  1.53488060e-07  1.40000000e+00 
 1.41000000e+00  3.15265864e-09  4.59804991e-01  3.22949423e-09  3.21674407e-09  3.32775843e-09  4.59804991e-01  4.59804991e-01  1.60039344e-07  1.53487662e-07  1.41000000e+00 
 1.42000000e+00  3.15265858e-09  4.59805004e-01  3.22949424e-09  3.21674413e-09  3.32775843e-09  4.59805004e-01  4.59805004e-01  1.60039365e-07  1.53487306e-07  1.42000000e+00 
 1.43000000e+00  3.15265864e-09  4.59804981e-01  3.22949423e-09  3.21674411e-09  3.32775843e-09  4.59804981e-01  4.59804981e-01  1.60039323e-07  1.53486496e-07  1.43000000e+00 
 1.44000000e+00  3.15265864e-09  4.59804977e-01  3.22949423e-09  3.21674407e-09  3.32775837e-09  4.59804977e-01  4.59804977e-01  1.60039313e-07  1.53485914e-07  1.44000000e+00 
 1.45000000e+00  3.15265858e-09  4.59805005e-01  3.22949424e-09  3.21674407e-09  3.32775838e-09  4.59805005e-01  4.59805005e-01  1.60039356e-07  1.53485374e-07  1.45000000e+00 
 1.46000000e+00  3.15265864e-09  4.59804968e-01  3.22949423e-09  3.21674407e-09  3.32775837e-09  4.59804968e-01  4.59804968e-01  1.60039284e-07  1.53484322e-07  1.46000000e+00 
 1.47000000e+00  3.15265864e-09  4.59804986e-01  3.22949423e-09  3.21674407e-09  3.32775843e-09  4.59804986e-01  4.59804986e-01  1.60039341e-07  1.53483427e-07  1.47000000e+00 
 1.48000000e+00  3.15265864e-09  4.59804985e-01  3.22949423e-09  3.21674407e-09  3.32775837e-09  4.59804985e-01  4.59804985e-01  1.60039341e-07  1.53482148e-07  1.48000000e+00 
 1.49000000e+00  3.15265864e-09  4.59805003e-01  3.22949424e-09  3.21674407e-09  3.32775838e-09  4.59805003e-01  4.59805003e-01  1.60039360e-07  1.53480741e-07  1.49000000e+00 
 1.50000000e+00  3.15265864e-09  4.59805004e-01  3.22949418e-09  3.21674407e-09  3.32775843e-09  4.59805004e-01  4.59805004e-01  1.60039354e-07  1.53478638e-07  1.50000000e+00 
 1.51000000e+00  3.15265864e-09  4.59804999e-01  3.22949424e-09  3.21674413e-09  3.32775843e-09  4.59804999e-01  4.59804999e-01  1.60039347e-07  1.53475909e-07  1.51000000e+00 
 1.52000000e+00  3.15265864e-09  4.59804994e-01  3.22949418e-09  3.21674406e-09  3.32775843e-09  4.59804994e-01  4.59804994e-01  1.60039338e-07  1.53472016e-07  1.52000000e+00 
 1.53000000e+00  3.15265864e-09  4.59804998e-01  3.22949424e-09  3.21674408e-09  3.32775837e-09  4.59804998e-01  4.59804998e-01  1.60039346e-07  1.53466502e-07  1.53000000e+00 
 1.54000000e+00  3.15265858e-09  4.59804988e-01  3.22949423e-09  3.21674407e-09  3.32775837e-09  4.59804988e-01  4.59804988e-01  1.60039352e-07  1.53458046e-07  1.54000000e+00 
 1.55000000e+00  3.15265864e-09  4.59804984e-01  3.22949423e-09  3.21674407e-09  3.32775837e-09  4.59804984e-01  4.59804984e-01  1.60039330e-07  1.53444574e-07  1.55000000e+00 
 1.56000000e+00  3.15265864e-09  4.59804982e-01  3.22949423e-09  3.21674407e-09  3.32775837e-09  4.59804982e-01  4.59804982e-01  1.60039322e-07  1.53421439e-07  1.56000000e+00 
 1.57000000e+00  3.15265864e-09  4.59804991e-01  3.22949423e-09  3.21674407e-09  3.32775837e-09  4.59804991e-01  4.59804991e-01  1.60039350e-07  1.53380228e-07  1.57000000e+00 
 1.58000000e+00  3.15265864e-09  4.59804964e-01  3.22949423e-09  3.21674412e-09  3.32775837e-09  4.59804964e-01  4.59804964e-01  1.60039296e-07  1.53301556e-07  1.58000000e+00 
 1.59000000e+00  3.15265864e-09  4.59804981e-01  3.22949423e-09  3.21674411e-09  3.32775837e-09  4.59804981e-01  4.59804981e-01  1.60039322e-07  1.53141698e-07  1.59000000e+00 
 1.60000000e+00  3.15265858e-09  4.59804979e-01  3.22949423e-09  3.21674407e-09  3.32775837e-09  4.59804979e-01  4.59804979e-01  1.60039313e-07  1.52791671e-07  1.60000000e+00 
 1.61000000e+00  3.15265864e-09  4.59804991e-01  3.22949423e-09  3.21674407e-09  3.32775837e-09  4.59804991e-01  4.59804991e-01  1.60039333e-07  1.52032300e-07  1.61000000e+00 
 1.62000000e+00  3.15265864e-09  4.59805002e-01  3.22949424e-09  3.21674412e-09  3.32775838e-09  4.59805002e-01  4.59805002e-01  1.60039360e-07  1.50575758e-07  1.62000000e+00 
 1.63000000e+00  3.15265864e-09  4.59804985e-01  3.22949423e-09  3.21674412e-09  3.32775837e-09  4.59804985e-01  4.59804985e-01  1.60039325e-07  1.34962463e-07  1.63000000e+00 
 1.64000000e+00  3.15265858e-09  4.59804986e-01  3.22949418e-09  3.21674407e-09  3.32775843e-09  4.59804986e-01  4.59804986e-01  1.60039315e-07  1.12298309e-07  1.64000000e+00 
 1.65000000e+00  3.15265858e-09  4.59805003e-01  3.22949418e-09  3.21674413e-09  3.32775838e-09  4.59805003e-01  4.59805003e-01  1.60039375e-07  9.23648429e-08  1.65000000e+00 
 1.66000000e+00  3.15265864e-09  4.59805013e-01  3.22949424e-09  3.21674411e-09  3.32775843e-09  4.59805013e-01  4.59805013e-01  1.60039366e-07  7.52134781e-08  1.66000000e+00 
 1.67000000e+00  3.15265858e-09  4.59804983e-01  3.22949418e-09  3.21674412e-09  3.32775837e-09  4.59804983e-01  4.59804983e-01  1.60039319e-07  6.07064550e-08  1.67000000e+00 
 1.68000000e+00  3.15265864e-09  4.59804989e-01  3.22949423e-09  3.21674406e-09  3.32775843e-09  4.59804989e-01  4.59804989e-01  1.60039332e-07  4.85780873e-08  1.68000000e+00 
 1.69000000e+00  3.15265864e-09  4.59804981e-01  3.22949423e-09  3.21674407e-09  3.32775837e-09  4.59804981e-01  4.59804981e-01  1.60039323e-07  3.85255419e-08  1.69000000e+00 
 1.70000000e+00  3.15265864e-09  4.59804990e-01  3.22949423e-09  3.21674407e-09  3.32775837e-09  4.59804990e-01  4.59804990e-01  1.60039334e-07  3.02445784e-08  1.70000000e+00 
 1.71000000e+00  3.15265864e-09  4.59804978e-01  3.22949423e-09  3.21674407e-09  3.32775837e-09  4.59804978e-01  4.59804978e-01  1.60039321e-07  2.34511646e-08  1.71000000e+00 
 1.72000000e+00  3.15265864e-09  4.59804980e-01  3.22949423e-09  3.21674407e-09  3.32775837e-09  4.59804980e-01  4.59804980e-01  1.60039331e-07  1.78935835e-08  1.72000000e+00 
 1.73000000e+00  3.15265858e-09  4.59804989e-01  3.22949423e-09  3.21674407e-09  3.32775843e-09  4.59804989e-01  4.59804989e-01  1.60039334e-07  1.33525475e-08  1.73000000e+00 
 1.74000000e+00  3.15265864e-09  4.59804978e-01  3.22949418e-09  3.21674407e-09  3.32775843e-09  4.59804978e-01  4.59804978e-01  1.60039310e-07  9.63784430e-09  1.74000000e+00 
 1.75000000e+00  3.15265864e-09  4.59804977e-01  3.22949423e-09  3.21674407e-09  3.32775843e-09  4.59804977e-01  4.59804977e-01  1.60039321e-07  6.58369004e-09  1.75000000e+00 
 1.76000000e+00  3.15265864e-09  4.59804986e-01  3.22949423e-09  3.21674413e-09  3.32775837e-09  4.59804986e-01  4.59804986e-01  1.60039333e-07  4.04828882e-09  1.76000000e+00 
 1.77000000e+00  3.15265864e-09  4.59804999e-01  3.22949424e-09  3.21674406e-09  3.32775838e-09  4.59804999e-01  4.59804999e-01  1.60039359e-07  1.92017069e-09  1.77000000e+00 
 1.78000000e+00  3.15265864e-09  4.59804995e-01  3.22949424e-09  3.21674407e-09  3.32775837e-09  4.59804995e-01  4.59804995e-01  1.60039360e-07  1.32303057e-10  1.78000000e+00 
 1.79000000e+00  3.15265864e-09  4.59804994e-01  3.22949424e-09  3.21674413e-09  3.32775837e-09  4.59804994e-01  4.59804994e-01  1.60039353e-07 -1.33502454e-09  1.79000000e+00 
 1.80000000e+00  3.15265858e-09  4.59804999e-01  3.22949424e-09  3.21674406e-09  3.32775838e-09  4.59804999e-01  4.59804999e-01  1.60039353e-07 -2.47709409e-09  1.80000000e+00 
