 v-sweep         v(b0)           v(b1)           v(b2)           v(b3)           v(b4)           v(b5)           v(b6)           i(vbias)        i(viout)        v(vout)        
 0.00000000e+00  4.56258959e-01  4.56258959e-01  3.41417530e-09  4.56258959e-01  3.32847244e-09  4.56258959e-01  4.56258959e-01  1.55691823e-07  1.57417213e-07  0.00000000e+00 
 1.00000000e-02  4.56258965e-01  4.56258965e-01  3.41417532e-09  4.56258965e-01  3.32847241e-09  4.56258965e-01  4.56258965e-01  1.55691845e-07  1.57416706e-07  1.00000000e-02 
 2.00000000e-02  4.56258951e-01  4.56258951e-01  3.41417532e-09  4.56258952e-01  3.32847241e-09  4.56258952e-01  4.56258951e-01  1.55691811e-07  1.57416295e-07  2.00000000e-02 
 3.00000000e-02  4.56258994e-01  4.56258994e-01  3.41417532e-09  4.56258994e-01  3.32847241e-09  4.56258994e-01  4.56258994e-01  1.55691880e-07  1.57416114e-07  3.00000000e-02 
 4.00000000e-02  4.56258957e-01  4.56258957e-01  3.41417532e-09  4.56258957e-01  3.32847247e-09  4.56258957e-01  4.56258957e-01  1.55691802e-07  1.57415597e-07  4.00000000e-02 
 5.00000000e-02  4.56258955e-01  4.56258955e-01  3.41417532e-09  4.56258955e-01  3.32847241e-09  4.56258955e-01  4.56258955e-01  1.55691806e-07  1.57415122e-07  5.00000000e-02 
 6.00000000e-02  4.56258960e-01  4.56258960e-01  3.41417532e-09  4.56258960e-01  3.32847241e-09  4.56258960e-01  4.56258960e-01  1.55691818e-07  1.57414869e-07  6.00000000e-02 
 7.00000000e-02  4.56258984e-01  4.56258984e-01  3.41417532e-09  4.56258984e-01  3.32847241e-09  4.56258984e-01  4.56258984e-01  1.55691851e-07  1.57414514e-07  7.00000000e-02 
 8.00000000e-02  4.56258965e-01  4.56258965e-01  3.41417532e-09  4.56258965e-01  3.32847247e-09  4.56258965e-01  4.56258964e-01  1.55691823e-07  1.57414129e-07  8.00000000e-02 
 9.00000000e-02  4.56258962e-01  4.56258962e-01  3.41417532e-09  4.56258962e-01  3.32847241e-09  4.56258962e-01  4.56258962e-01  1.55691837e-07  1.57413876e-07  9.00000000e-02 
 1.00000000e-01  4.56258965e-01  4.56258965e-01  3.41417532e-09  4.56258965e-01  3.32847241e-09  4.56258965e-01  4.56258965e-01  1.55691826e-07  1.57413596e-07  1.00000000e-01 
 1.10000000e-01  4.56258954e-01  4.56258954e-01  3.41417532e-09  4.56258954e-01  3.32847241e-09  4.56258954e-01  4.56258954e-01  1.55691799e-07  1.57413332e-07  1.10000000e-01 
 1.20000000e-01  4.56258961e-01  4.56258961e-01  3.41417532e-09  4.56258961e-01  3.32847241e-09  4.56258961e-01  4.56258961e-01  1.55691830e-07  1.57412973e-07  1.20000000e-01 
 1.30000000e-01  4.56258969e-01  4.56258969e-01  3.41417532e-09  4.56258969e-01  3.32847241e-09  4.56258969e-01  4.56258968e-01  1.55691840e-07  1.57412743e-07  1.30000000e-01 
 1.40000000e-01  4.56258970e-01  4.56258970e-01  3.41417532e-09  4.56258970e-01  3.32847241e-09  4.56258970e-01  4.56258970e-01  1.55691839e-07  1.57412457e-07  1.40000000e-01 
 1.50000000e-01  4.56258970e-01  4.56258970e-01  3.41417532e-09  4.56258970e-01  3.32847247e-09  4.56258970e-01  4.56258970e-01  1.55691831e-07  1.57412238e-07  1.50000000e-01 
 1.60000000e-01  4.56258970e-01  4.56258970e-01  3.41417538e-09  4.56258970e-01  3.32847241e-09  4.56258970e-01  4.56258970e-01  1.55691841e-07  1.57412046e-07  1.60000000e-01 
 1.70000000e-01  4.56258963e-01  4.56258963e-01  3.41417532e-09  4.56258963e-01  3.32847241e-09  4.56258963e-01  4.56258963e-01  1.55691818e-07  1.57411730e-07  1.70000000e-01 
 1.80000000e-01  4.56258953e-01  4.56258953e-01  3.41417538e-09  4.56258953e-01  3.32847247e-09  4.56258953e-01  4.56258953e-01  1.55691824e-07  1.57411597e-07  1.80000000e-01 
 1.90000000e-01  4.56258955e-01  4.56258955e-01  3.41417532e-09  4.56258955e-01  3.32847247e-09  4.56258955e-01  4.56258955e-01  1.55691813e-07  1.57411257e-07  1.90000000e-01 
 2.00000000e-01  4.56258945e-01  4.56258945e-01  3.41417532e-09  4.56258945e-01  3.32847241e-09  4.56258945e-01  4.56258945e-01  1.55691798e-07  1.57411078e-07  2.00000000e-01 
 2.10000000e-01  4.56258957e-01  4.56258957e-01  3.41417532e-09  4.56258958e-01  3.32847241e-09  4.56258957e-01  4.56258957e-01  1.55691814e-07  1.57410877e-07  2.10000000e-01 
 2.20000000e-01  4.56258958e-01  4.56258958e-01  3.41417532e-09  4.56258958e-01  3.32847247e-09  4.56258958e-01  4.56258958e-01  1.55691811e-07  1.57410721e-07  2.20000000e-01 
 2.30000000e-01  4.56258955e-01  4.56258956e-01  3.41417538e-09  4.56258956e-01  3.32847241e-09  4.56258956e-01  4.56258955e-01  1.55691800e-07  1.57410549e-07  2.30000000e-01 
 2.40000000e-01  4.56258970e-01  4.56258970e-01  3.41417532e-09  4.56258970e-01  3.32847241e-09  4.56258970e-01  4.56258970e-01  1.55691826e-07  1.57410469e-07  2.40000000e-01 
 2.50000000e-01  4.56258967e-01  4.56258967e-01  3.41417532e-09  4.56258967e-01  3.32847247e-09  4.56258967e-01  4.56258967e-01  1.55691846e-07  1.57410303e-07  2.50000000e-01 
 2.60000000e-01  4.56258974e-01  4.56258974e-01  3.41417532e-09  4.56258974e-01  3.32847241e-09  4.56258974e-01  4.56258974e-01  1.55691827e-07  1.57410183e-07  2.60000000e-01 
 2.70000000e-01  4.56258977e-01  4.56258977e-01  3.41417532e-09  4.56258977e-01  3.32847241e-09  4.56258977e-01  4.56258977e-01  1.55691850e-07  1.57410065e-07  2.70000000e-01 
 2.80000000e-01  4.56258976e-01  4.56258976e-01  3.41417532e-09  4.56258976e-01  3.32847241e-09  4.56258976e-01  4.56258976e-01  1.55691838e-07  1.57409790e-07  2.80000000e-01 
 2.90000000e-01  4.56258943e-01  4.56258943e-01  3.41417538e-09  4.56258943e-01  3.32847247e-09  4.56258943e-01  4.56258943e-01  1.55691800e-07  1.57409573e-07  2.90000000e-01 
 3.00000000e-01  4.56258976e-01  4.56258976e-01  3.41417532e-09  4.56258976e-01  3.32847241e-09  4.56258976e-01  4.56258976e-01  1.55691848e-07  1.57409652e-07  3.00000000e-01 
 3.10000000e-01  4.56258966e-01  4.56258966e-01  3.41417532e-09  4.56258966e-01  3.32847241e-09  4.56258966e-01  4.56258966e-01  1.55691839e-07  1.57409399e-07  3.10000000e-01 
 3.20000000e-01  4.56258986e-01  4.56258987e-01  3.41417532e-09  4.56258987e-01  3.32847241e-09  4.56258987e-01  4.56258986e-01  1.55691860e-07  1.57409286e-07  3.20000000e-01 
 3.30000000e-01  4.56258967e-01  4.56258967e-01  3.41417538e-09  4.56258967e-01  3.32847247e-09  4.56258967e-01  4.56258967e-01  1.55691820e-07  1.57409204e-07  3.30000000e-01 
 3.40000000e-01  4.56258966e-01  4.56258966e-01  3.41417532e-09  4.56258966e-01  3.32847247e-09  4.56258966e-01  4.56258966e-01  1.55691839e-07  1.57409005e-07  3.40000000e-01 
 3.50000000e-01  4.56259002e-01  4.56259002e-01  3.41417532e-09  4.56259002e-01  3.32847247e-09  4.56259002e-01  4.56259002e-01  1.55691880e-07  1.57408998e-07  3.50000000e-01 
 3.60000000e-01  4.56258974e-01  4.56258975e-01  3.41417532e-09  4.56258975e-01  3.32847241e-09  4.56258975e-01  4.56258974e-01  1.55691849e-07  1.57408767e-07  3.60000000e-01 
 3.70000000e-01  4.56258961e-01  4.56258961e-01  3.41417532e-09  4.56258961e-01  3.32847241e-09  4.56258961e-01  4.56258961e-01  1.55691824e-07  1.57408603e-07  3.70000000e-01 
 3.80000000e-01  4.56258960e-01  4.56258960e-01  3.41417532e-09  4.56258960e-01  3.32847241e-09  4.56258960e-01  4.56258960e-01  1.55691832e-07  1.57408476e-07  3.80000000e-01 
 3.90000000e-01  4.56258945e-01  4.56258945e-01  3.41417532e-09  4.56258945e-01  3.32847241e-09  4.56258945e-01  4.56258945e-01  1.55691797e-07  1.57408273e-07  3.90000000e-01 
 4.00000000e-01  4.56258953e-01  4.56258953e-01  3.41417532e-09  4.56258953e-01  3.32847247e-09  4.56258953e-01  4.56258953e-01  1.55691809e-07  1.57408259e-07  4.00000000e-01 
 4.10000000e-01  4.56258963e-01  4.56258963e-01  3.41417532e-09  4.56258963e-01  3.32847247e-09  4.56258963e-01  4.56258963e-01  1.55691846e-07  1.57408103e-07  4.10000000e-01 
 4.20000000e-01  4.56258980e-01  4.56258980e-01  3.41417532e-09  4.56258981e-01  3.32847241e-09  4.56258980e-01  4.56258980e-01  1.55691858e-07  1.57408152e-07  4.20000000e-01 
 4.30000000e-01  4.56258962e-01  4.56258962e-01  3.41417532e-09  4.56258962e-01  3.32847241e-09  4.56258962e-01  4.56258962e-01  1.55691830e-07  1.57407882e-07  4.30000000e-01 
 4.40000000e-01  4.56258978e-01  4.56258978e-01  3.41417532e-09  4.56258978e-01  3.32847247e-09  4.56258978e-01  4.56258978e-01  1.55691837e-07  1.57407833e-07  4.40000000e-01 
 4.50000000e-01  4.56258943e-01  4.56258944e-01  3.41417532e-09  4.56258944e-01  3.32847241e-09  4.56258944e-01  4.56258943e-01  1.55691800e-07  1.57407534e-07  4.50000000e-01 
 4.60000000e-01  4.56258977e-01  4.56258977e-01  3.41417532e-09  4.56258977e-01  3.32847241e-09  4.56258977e-01  4.56258976e-01  1.55691857e-07  1.57407630e-07  4.60000000e-01 
 4.70000000e-01  4.56258962e-01  4.56258962e-01  3.41417532e-09  4.56258962e-01  3.32847241e-09  4.56258962e-01  4.56258962e-01  1.55691814e-07  1.57407488e-07  4.70000000e-01 
 4.80000000e-01  4.56258962e-01  4.56258962e-01  3.41417532e-09  4.56258962e-01  3.32847241e-09  4.56258962e-01  4.56258962e-01  1.55691824e-07  1.57407410e-07  4.80000000e-01 
 4.90000000e-01  4.56258996e-01  4.56258996e-01  3.41417532e-09  4.56258996e-01  3.32847241e-09  4.56258996e-01  4.56258996e-01  1.55691857e-07  1.57407335e-07  4.90000000e-01 
 5.00000000e-01  4.56258967e-01  4.56258967e-01  3.41417532e-09  4.56258967e-01  3.32847241e-09  4.56258967e-01  4.56258967e-01  1.55691835e-07  1.57407143e-07  5.00000000e-01 
 5.10000000e-01  4.56258978e-01  4.56258978e-01  3.41417532e-09  4.56258978e-01  3.32847241e-09  4.56258978e-01  4.56258978e-01  1.55691851e-07  1.57407069e-07  5.10000000e-01 
 5.20000000e-01  4.56258956e-01  4.56258956e-01  3.41417532e-09  4.56258956e-01  3.32847241e-09  4.56258956e-01  4.56258956e-01  1.55691829e-07  1.57406927e-07  5.20000000e-01 
 5.30000000e-01  4.56258981e-01  4.56258981e-01  3.41417532e-09  4.56258981e-01  3.32847241e-09  4.56258981e-01  4.56258981e-01  1.55691845e-07  1.57406848e-07  5.30000000e-01 
 5.40000000e-01  4.56258951e-01  4.56258951e-01  3.41417532e-09  4.56258951e-01  3.32847247e-09  4.56258951e-01  4.56258951e-01  1.55691801e-07  1.57406671e-07  5.40000000e-01 
 5.50000000e-01  4.56258938e-01  4.56258938e-01  3.41417532e-09  4.56258938e-01  3.32847247e-09  4.56258938e-01  4.56258938e-01  1.55691793e-07  1.57406486e-07  5.50000000e-01 
 5.60000000e-01  4.56258956e-01  4.56258956e-01  3.41417538e-09  4.56258956e-01  3.32847247e-09  4.56258956e-01  4.56258956e-01  1.55691810e-07  1.57406479e-07  5.60000000e-01 
 5.70000000e-01  4.56258992e-01  4.56258993e-01  3.41417532e-09  4.56258993e-01  3.32847241e-09  4.56258993e-01  4.56258992e-01  1.55691862e-07  1.57406465e-07  5.70000000e-01 
 5.80000000e-01  4.56258943e-01  4.56258943e-01  3.41417532e-09  4.56258944e-01  3.32847241e-09  4.56258944e-01  4.56258943e-01  1.55691787e-07  1.57406177e-07  5.80000000e-01 
 5.90000000e-01  4.56258947e-01  4.56258947e-01  3.41417532e-09  4.56258947e-01  3.32847241e-09  4.56258947e-01  4.56258947e-01  1.55691799e-07  1.57406326e-07  5.90000000e-01 
 6.00000000e-01  4.56258971e-01  4.56258971e-01  3.41417532e-09  4.56258971e-01  3.32847241e-09  4.56258971e-01  4.56258971e-01  1.55691839e-07  1.57406184e-07  6.00000000e-01 
 6.10000000e-01  4.56258967e-01  4.56258967e-01  3.41417532e-09  4.56258967e-01  3.32847241e-09  4.56258967e-01  4.56258967e-01  1.55691830e-07  1.57406134e-07  6.10000000e-01 
 6.20000000e-01  4.56258958e-01  4.56258958e-01  3.41417532e-09  4.56258958e-01  3.32847247e-09  4.56258958e-01  4.56258958e-01  1.55691823e-07  1.57405836e-07  6.20000000e-01 
 6.30000000e-01  4.56258979e-01  4.56258979e-01  3.41417532e-09  4.56258979e-01  3.32847241e-09  4.56258979e-01  4.56258979e-01  1.55691852e-07  1.57405829e-07  6.30000000e-01 
 6.40000000e-01  4.56258975e-01  4.56258975e-01  3.41417532e-09  4.56258975e-01  3.32847241e-09  4.56258975e-01  4.56258975e-01  1.55691854e-07  1.57405765e-07  6.40000000e-01 
 6.50000000e-01  4.56258996e-01  4.56258996e-01  3.41417532e-09  4.56258996e-01  3.32847247e-09  4.56258996e-01  4.56258996e-01  1.55691871e-07  1.57405772e-07  6.50000000e-01 
 6.60000000e-01  4.56258960e-01  4.56258960e-01  3.41417532e-09  4.56258960e-01  3.32847247e-09  4.56258960e-01  4.56258960e-01  1.55691819e-07  1.57405381e-07  6.60000000e-01 
 6.70000000e-01  4.56258947e-01  4.56258947e-01  3.41417532e-09  4.56258947e-01  3.32847241e-09  4.56258947e-01  4.56258947e-01  1.55691810e-07  1.57405346e-07  6.70000000e-01 
 6.80000000e-01  4.56258971e-01  4.56258971e-01  3.41417532e-09  4.56258971e-01  3.32847241e-09  4.56258971e-01  4.56258971e-01  1.55691842e-07  1.57405317e-07  6.80000000e-01 
 6.90000000e-01  4.56258970e-01  4.56258970e-01  3.41417532e-09  4.56258970e-01  3.32847241e-09  4.56258970e-01  4.56258970e-01  1.55691834e-07  1.57405246e-07  6.90000000e-01 
 7.00000000e-01  4.56258961e-01  4.56258961e-01  3.41417532e-09  4.56258961e-01  3.32847241e-09  4.56258961e-01  4.56258961e-01  1.55691819e-07  1.57405076e-07  7.00000000e-01 
 7.10000000e-01  4.56258972e-01  4.56258972e-01  3.41417532e-09  4.56258972e-01  3.32847241e-09  4.56258972e-01  4.56258972e-01  1.55691847e-07  1.57404997e-07  7.10000000e-01 
 7.20000000e-01  4.56258972e-01  4.56258972e-01  3.41417532e-09  4.56258972e-01  3.32847247e-09  4.56258972e-01  4.56258972e-01  1.55691826e-07  1.57404877e-07  7.20000000e-01 
 7.30000000e-01  4.56258989e-01  4.56258989e-01  3.41417532e-09  4.56258989e-01  3.32847241e-09  4.56258989e-01  4.56258989e-01  1.55691854e-07  1.57404891e-07  7.30000000e-01 
 7.40000000e-01  4.56258954e-01  4.56258954e-01  3.41417532e-09  4.56258954e-01  3.32847241e-09  4.56258954e-01  4.56258954e-01  1.55691824e-07  1.57404685e-07  7.40000000e-01 
 7.50000000e-01  4.56258965e-01  4.56258965e-01  3.41417532e-09  4.56258965e-01  3.32847241e-09  4.56258965e-01  4.56258965e-01  1.55691821e-07  1.57404628e-07  7.50000000e-01 
 7.60000000e-01  4.56258969e-01  4.56258969e-01  3.41417532e-09  4.56258969e-01  3.32847247e-09  4.56258969e-01  4.56258969e-01  1.55691845e-07  1.57404507e-07  7.60000000e-01 
 7.70000000e-01  4.56258973e-01  4.56258973e-01  3.41417532e-09  4.56258973e-01  3.32847247e-09  4.56258973e-01  4.56258973e-01  1.55691838e-07  1.57404379e-07  7.70000000e-01 
 7.80000000e-01  4.56258987e-01  4.56258987e-01  3.41417532e-09  4.56258988e-01  3.32847241e-09  4.56258987e-01  4.56258987e-01  1.55691849e-07  1.57404322e-07  7.80000000e-01 
 7.90000000e-01  4.56258984e-01  4.56258985e-01  3.41417532e-09  4.56258985e-01  3.32847241e-09  4.56258985e-01  4.56258984e-01  1.55691865e-07  1.57404216e-07  7.90000000e-01 
 8.00000000e-01  4.56258964e-01  4.56258964e-01  3.41417532e-09  4.56258964e-01  3.32847247e-09  4.56258964e-01  4.56258964e-01  1.55691823e-07  1.57404031e-07  8.00000000e-01 
 8.10000000e-01  4.56258970e-01  4.56258970e-01  3.41417532e-09  4.56258970e-01  3.32847241e-09  4.56258970e-01  4.56258970e-01  1.55691838e-07  1.57403917e-07  8.10000000e-01 
 8.20000000e-01  4.56258982e-01  4.56258982e-01  3.41417532e-09  4.56258982e-01  3.32847247e-09  4.56258982e-01  4.56258982e-01  1.55691851e-07  1.57403939e-07  8.20000000e-01 
 8.30000000e-01  4.56258983e-01  4.56258983e-01  3.41417532e-09  4.56258983e-01  3.32847241e-09  4.56258983e-01  4.56258983e-01  1.55691870e-07  1.57403782e-07  8.30000000e-01 
 8.40000000e-01  4.56258969e-01  4.56258969e-01  3.41417532e-09  4.56258969e-01  3.32847241e-09  4.56258969e-01  4.56258969e-01  1.55691825e-07  1.57403726e-07  8.40000000e-01 
 8.50000000e-01  4.56258987e-01  4.56258987e-01  3.41417532e-09  4.56258987e-01  3.32847241e-09  4.56258987e-01  4.56258987e-01  1.55691851e-07  1.57403576e-07  8.50000000e-01 
 8.60000000e-01  4.56258956e-01  4.56258956e-01  3.41417532e-09  4.56258956e-01  3.32847247e-09  4.56258956e-01  4.56258956e-01  1.55691819e-07  1.57403349e-07  8.60000000e-01 
 8.70000000e-01  4.56258966e-01  4.56258966e-01  3.41417532e-09  4.56258966e-01  3.32847241e-09  4.56258966e-01  4.56258966e-01  1.55691825e-07  1.57403349e-07  8.70000000e-01 
 8.80000000e-01  4.56258984e-01  4.56258984e-01  3.41417532e-09  4.56258984e-01  3.32847241e-09  4.56258984e-01  4.56258984e-01  1.55691858e-07  1.57403342e-07  8.80000000e-01 
 8.90000000e-01  4.56258954e-01  4.56258954e-01  3.41417532e-09  4.56258954e-01  3.32847247e-09  4.56258954e-01  4.56258954e-01  1.55691811e-07  1.57403036e-07  8.90000000e-01 
 9.00000000e-01  4.56258978e-01  4.56258979e-01  3.41417532e-09  4.56258979e-01  3.32847241e-09  4.56258979e-01  4.56258978e-01  1.55691853e-07  1.57403157e-07  9.00000000e-01 
 9.10000000e-01  4.56258979e-01  4.56258979e-01  3.41417532e-09  4.56258979e-01  3.32847241e-09  4.56258979e-01  4.56258979e-01  1.55691844e-07  1.57402901e-07  9.10000000e-01 
 9.20000000e-01  4.56258976e-01  4.56258976e-01  3.41417532e-09  4.56258976e-01  3.32847241e-09  4.56258976e-01  4.56258976e-01  1.55691847e-07  1.57402880e-07  9.20000000e-01 
 9.30000000e-01  4.56259007e-01  4.56259007e-01  3.41417532e-09  4.56259007e-01  3.32847247e-09  4.56259007e-01  4.56259007e-01  1.55691890e-07  1.57402759e-07  9.30000000e-01 
 9.40000000e-01  4.56258983e-01  4.56258983e-01  3.41417532e-09  4.56258983e-01  3.32847247e-09  4.56258983e-01  4.56258983e-01  1.55691851e-07  1.57402546e-07  9.40000000e-01 
 9.50000000e-01  4.56258955e-01  4.56258955e-01  3.41417532e-09  4.56258955e-01  3.32847241e-09  4.56258955e-01  4.56258955e-01  1.55691821e-07  1.57402283e-07  9.50000000e-01 
 9.60000000e-01  4.56258985e-01  4.56258985e-01  3.41417532e-09  4.56258985e-01  3.32847241e-09  4.56258985e-01  4.56258985e-01  1.55691865e-07  1.57402269e-07  9.60000000e-01 
 9.70000000e-01  4.56258944e-01  4.56258944e-01  3.41417532e-09  4.56258944e-01  3.32847247e-09  4.56258944e-01  4.56258944e-01  1.55691794e-07  1.57402077e-07  9.70000000e-01 
 9.80000000e-01  4.56258974e-01  4.56258974e-01  3.41417532e-09  4.56258974e-01  3.32847241e-09  4.56258974e-01  4.56258974e-01  1.55691847e-07  1.57402106e-07  9.80000000e-01 
 9.90000000e-01  4.56258970e-01  4.56258970e-01  3.41417532e-09  4.56258971e-01  3.32847247e-09  4.56258971e-01  4.56258970e-01  1.55691831e-07  1.57401885e-07  9.90000000e-01 
 1.00000000e+00  4.56258944e-01  4.56258944e-01  3.41417532e-09  4.56258944e-01  3.32847241e-09  4.56258944e-01  4.56258944e-01  1.55691795e-07  1.57401622e-07  1.00000000e+00 
 1.01000000e+00  4.56258964e-01  4.56258964e-01  3.41417532e-09  4.56258964e-01  3.32847241e-09  4.56258964e-01  4.56258964e-01  1.55691823e-07  1.57401651e-07  1.01000000e+00 
 1.02000000e+00  4.56258955e-01  4.56258955e-01  3.41417532e-09  4.56258956e-01  3.32847247e-09  4.56258956e-01  4.56258955e-01  1.55691812e-07  1.57401495e-07  1.02000000e+00 
 1.03000000e+00  4.56258999e-01  4.56258999e-01  3.41417532e-09  4.56258999e-01  3.32847241e-09  4.56258999e-01  4.56258999e-01  1.55691871e-07  1.57401594e-07  1.03000000e+00 
 1.04000000e+00  4.56258973e-01  4.56258973e-01  3.41417532e-09  4.56258973e-01  3.32847247e-09  4.56258973e-01  4.56258973e-01  1.55691835e-07  1.57401288e-07  1.04000000e+00 
 1.05000000e+00  4.56258984e-01  4.56258984e-01  3.41417532e-09  4.56258984e-01  3.32847241e-09  4.56258984e-01  4.56258984e-01  1.55691853e-07  1.57401246e-07  1.05000000e+00 
 1.06000000e+00  4.56258959e-01  4.56258960e-01  3.41417532e-09  4.56258960e-01  3.32847241e-09  4.56258960e-01  4.56258959e-01  1.55691823e-07  1.57400940e-07  1.06000000e+00 
 1.07000000e+00  4.56258981e-01  4.56258981e-01  3.41417532e-09  4.56258982e-01  3.32847241e-09  4.56258982e-01  4.56258981e-01  1.55691854e-07  1.57400940e-07  1.07000000e+00 
 1.08000000e+00  4.56258954e-01  4.56258954e-01  3.41417538e-09  4.56258954e-01  3.32847241e-09  4.56258954e-01  4.56258954e-01  1.55691827e-07  1.57400756e-07  1.08000000e+00 
 1.09000000e+00  4.56258960e-01  4.56258960e-01  3.41417532e-09  4.56258960e-01  3.32847247e-09  4.56258960e-01  4.56258960e-01  1.55691825e-07  1.57400606e-07  1.09000000e+00 
 1.10000000e+00  4.56258980e-01  4.56258980e-01  3.41417532e-09  4.56258980e-01  3.32847247e-09  4.56258980e-01  4.56258980e-01  1.55691856e-07  1.57400606e-07  1.10000000e+00 
 1.11000000e+00  4.56258940e-01  4.56258940e-01  3.41417532e-09  4.56258940e-01  3.32847241e-09  4.56258940e-01  4.56258940e-01  1.55691786e-07  1.57400422e-07  1.11000000e+00 
 1.12000000e+00  4.56258986e-01  4.56258986e-01  3.41417538e-09  4.56258986e-01  3.32847241e-09  4.56258986e-01  4.56258986e-01  1.55691846e-07  1.57400336e-07  1.12000000e+00 
 1.13000000e+00  4.56258979e-01  4.56258979e-01  3.41417532e-09  4.56258979e-01  3.32847241e-09  4.56258979e-01  4.56258979e-01  1.55691851e-07  1.57400144e-07  1.13000000e+00 
 1.14000000e+00  4.56258967e-01  4.56258967e-01  3.41417532e-09  4.56258967e-01  3.32847241e-09  4.56258967e-01  4.56258967e-01  1.55691829e-07  1.57399995e-07  1.14000000e+00 
 1.15000000e+00  4.56258950e-01  4.56258950e-01  3.41417532e-09  4.56258950e-01  3.32847241e-09  4.56258950e-01  4.56258950e-01  1.55691801e-07  1.57399647e-07  1.15000000e+00 
 1.16000000e+00  4.56258972e-01  4.56258972e-01  3.41417532e-09  4.56258972e-01  3.32847241e-09  4.56258972e-01  4.56258972e-01  1.55691840e-07  1.57399597e-07  1.16000000e+00 
 1.17000000e+00  4.56258986e-01  4.56258986e-01  3.41417532e-09  4.56258986e-01  3.32847247e-09  4.56258986e-01  4.56258986e-01  1.55691856e-07  1.57399569e-07  1.17000000e+00 
 1.18000000e+00  4.56258959e-01  4.56258959e-01  3.41417532e-09  4.56258959e-01  3.32847247e-09  4.56258959e-01  4.56258959e-01  1.55691822e-07  1.57399327e-07  1.18000000e+00 
 1.19000000e+00  4.56258962e-01  4.56258962e-01  3.41417532e-09  4.56258962e-01  3.32847241e-09  4.56258962e-01  4.56258962e-01  1.55691823e-07  1.57399271e-07  1.19000000e+00 
 1.20000000e+00  4.56258953e-01  4.56258953e-01  3.41417532e-09  4.56258953e-01  3.32847241e-09  4.56258953e-01  4.56258953e-01  1.55691796e-07  1.57399015e-07  1.20000000e+00 
 1.21000000e+00  4.56258966e-01  4.56258966e-01  3.41417532e-09  4.56258966e-01  3.32847241e-09  4.56258966e-01  4.56258966e-01  1.55691827e-07  1.57398929e-07  1.21000000e+00 
 1.22000000e+00  4.56259003e-01  4.56259003e-01  3.41417532e-09  4.56259003e-01  3.32847247e-09  4.56259003e-01  4.56259002e-01  1.55691880e-07  1.57399015e-07  1.22000000e+00 
 1.23000000e+00  4.56258946e-01  4.56258946e-01  3.41417532e-09  4.56258946e-01  3.32847241e-09  4.56258946e-01  4.56258946e-01  1.55691791e-07  1.57398503e-07  1.23000000e+00 
 1.24000000e+00  4.56258946e-01  4.56258946e-01  3.41417532e-09  4.56258947e-01  3.32847247e-09  4.56258946e-01  4.56258946e-01  1.55691806e-07  1.57398361e-07  1.24000000e+00 
 1.25000000e+00  4.56258960e-01  4.56258960e-01  3.41417532e-09  4.56258960e-01  3.32847241e-09  4.56258960e-01  4.56258960e-01  1.55691821e-07  1.57398276e-07  1.25000000e+00 
 1.26000000e+00  4.56258955e-01  4.56258955e-01  3.41417532e-09  4.56258955e-01  3.32847247e-09  4.56258955e-01  4.56258955e-01  1.55691809e-07  1.57398063e-07  1.26000000e+00 
 1.27000000e+00  4.56258948e-01  4.56258948e-01  3.41417532e-09  4.56258948e-01  3.32847247e-09  4.56258948e-01  4.56258947e-01  1.55691800e-07  1.57397821e-07  1.27000000e+00 
 1.28000000e+00  4.56258965e-01  4.56258966e-01  3.41417532e-09  4.56258966e-01  3.32847241e-09  4.56258966e-01  4.56258965e-01  1.55691833e-07  1.57397622e-07  1.28000000e+00 
 1.29000000e+00  4.56258937e-01  4.56258937e-01  3.41417532e-09  4.56258937e-01  3.32847247e-09  4.56258937e-01  4.56258937e-01  1.55691780e-07  1.57397395e-07  1.29000000e+00 
 1.30000000e+00  4.56258984e-01  4.56258984e-01  3.41417532e-09  4.56258984e-01  3.32847241e-09  4.56258984e-01  4.56258984e-01  1.55691855e-07  1.57397409e-07  1.30000000e+00 
 1.31000000e+00  4.56258972e-01  4.56258972e-01  3.41417532e-09  4.56258972e-01  3.32847241e-09  4.56258972e-01  4.56258972e-01  1.55691846e-07  1.57397082e-07  1.31000000e+00 
 1.32000000e+00  4.56258968e-01  4.56258968e-01  3.41417532e-09  4.56258968e-01  3.32847247e-09  4.56258968e-01  4.56258968e-01  1.55691842e-07  1.57396926e-07  1.32000000e+00 
 1.33000000e+00  4.56258982e-01  4.56258982e-01  3.41417532e-09  4.56258982e-01  3.32847247e-09  4.56258982e-01  4.56258982e-01  1.55691835e-07  1.57396727e-07  1.33000000e+00 
 1.34000000e+00  4.56258975e-01  4.56258975e-01  3.41417532e-09  4.56258975e-01  3.32847247e-09  4.56258975e-01  4.56258975e-01  1.55691851e-07  1.57396471e-07  1.34000000e+00 
 1.35000000e+00  4.56258972e-01  4.56258972e-01  3.41417532e-09  4.56258972e-01  3.32847241e-09  4.56258972e-01  4.56258972e-01  1.55691828e-07  1.57396258e-07  1.35000000e+00 
 1.36000000e+00  4.56258958e-01  4.56258958e-01  3.41417532e-09  4.56258958e-01  3.32847241e-09  4.56258958e-01  4.56258958e-01  1.55691819e-07  1.57395846e-07  1.36000000e+00 
 1.37000000e+00  4.56258976e-01  4.56258976e-01  3.41417532e-09  4.56258976e-01  3.32847241e-09  4.56258976e-01  4.56258976e-01  1.55691849e-07  1.57395675e-07  1.37000000e+00 
 1.38000000e+00  4.56258965e-01  4.56258965e-01  3.41417532e-09  4.56258965e-01  3.32847241e-09  4.56258965e-01  4.56258965e-01  1.55691821e-07  1.57395320e-07  1.38000000e+00 
 1.39000000e+00  4.56258961e-01  4.56258961e-01  3.41417532e-09  4.56258961e-01  3.32847241e-09  4.56258961e-01  4.56258961e-01  1.55691817e-07  1.57395036e-07  1.39000000e+00 
 1.40000000e+00  4.56258980e-01  4.56258980e-01  3.41417532e-09  4.56258980e-01  3.32847247e-09  4.56258980e-01  4.56258980e-01  1.55691855e-07  1.57394737e-07  1.40000000e+00 
 1.41000000e+00  4.56258980e-01  4.56258980e-01  3.41417532e-09  4.56258980e-01  3.32847241e-09  4.56258980e-01  4.56258980e-01  1.55691850e-07  1.57394254e-07  1.41000000e+00 
 1.42000000e+00  4.56258994e-01  4.56258994e-01  3.41417532e-09  4.56258994e-01  3.32847241e-09  4.56258994e-01  4.56258994e-01  1.55691886e-07  1.57393842e-07  1.42000000e+00 
 1.43000000e+00  4.56258954e-01  4.56258954e-01  3.41417532e-09  4.56258954e-01  3.32847241e-09  4.56258954e-01  4.56258954e-01  1.55691816e-07  1.57393217e-07  1.43000000e+00 
 1.44000000e+00  4.56258956e-01  4.56258956e-01  3.41417532e-09  4.56258956e-01  3.32847247e-09  4.56258956e-01  4.56258956e-01  1.55691819e-07  1.57392662e-07  1.44000000e+00 
 1.45000000e+00  4.56258989e-01  4.56258989e-01  3.41417532e-09  4.56258989e-01  3.32847241e-09  4.56258989e-01  4.56258989e-01  1.55691865e-07  1.57392122e-07  1.45000000e+00 
 1.46000000e+00  4.56258937e-01  4.56258937e-01  3.41417532e-09  4.56258937e-01  3.32847247e-09  4.56258937e-01  4.56258937e-01  1.55691788e-07  1.57391057e-07  1.46000000e+00 
 1.47000000e+00  4.56258974e-01  4.56258974e-01  3.41417532e-09  4.56258974e-01  3.32847247e-09  4.56258974e-01  4.56258974e-01  1.55691840e-07  1.57390190e-07  1.47000000e+00 
 1.48000000e+00  4.56258966e-01  4.56258966e-01  3.41417538e-09  4.56258966e-01  3.32847241e-09  4.56258966e-01  4.56258966e-01  1.55691836e-07  1.57389053e-07  1.48000000e+00 
 1.49000000e+00  4.56258974e-01  4.56258975e-01  3.41417532e-09  4.56258975e-01  3.32847247e-09  4.56258975e-01  4.56258974e-01  1.55691849e-07  1.57387646e-07  1.49000000e+00 
 1.50000000e+00  4.56258966e-01  4.56258966e-01  3.41417532e-09  4.56258966e-01  3.32847247e-09  4.56258966e-01  4.56258966e-01  1.55691840e-07  1.57385657e-07  1.50000000e+00 
 1.51000000e+00  4.56258983e-01  4.56258983e-01  3.41417532e-09  4.56258983e-01  3.32847241e-09  4.56258983e-01  4.56258983e-01  1.55691850e-07  1.57383042e-07  1.51000000e+00 
 1.52000000e+00  4.56258979e-01  4.56258979e-01  3.41417532e-09  4.56258980e-01  3.32847241e-09  4.56258980e-01  4.56258979e-01  1.55691844e-07  1.57379503e-07  1.52000000e+00 
 1.53000000e+00  4.56258975e-01  4.56258975e-01  3.41417532e-09  4.56258975e-01  3.32847247e-09  4.56258975e-01  4.56258974e-01  1.55691828e-07  1.57374103e-07  1.53000000e+00 
 1.54000000e+00  4.56258990e-01  4.56258990e-01  3.41417532e-09  4.56258990e-01  3.32847241e-09  4.56258990e-01  4.56258990e-01  1.55691866e-07  1.57366173e-07  1.54000000e+00 
 1.55000000e+00  4.56258954e-01  4.56258954e-01  3.41417532e-09  4.56258954e-01  3.32847241e-09  4.56258954e-01  4.56258954e-01  1.55691823e-07  1.57352801e-07  1.55000000e+00 
 1.56000000e+00  4.56258955e-01  4.56258955e-01  3.41417532e-09  4.56258955e-01  3.32847247e-09  4.56258955e-01  4.56258955e-01  1.55691819e-07  1.57330689e-07  1.56000000e+00 
 1.57000000e+00  4.56258948e-01  4.56258948e-01  3.41417532e-09  4.56258948e-01  3.32847241e-09  4.56258948e-01  4.56258948e-01  1.55691810e-07  1.57290529e-07  1.57000000e+00 
 1.58000000e+00  4.56258951e-01  4.56258951e-01  3.41417532e-09  4.56258951e-01  3.32847241e-09  4.56258951e-01  4.56258951e-01  1.55691819e-07  1.57214302e-07  1.58000000e+00 
 1.59000000e+00  4.56258937e-01  4.56258937e-01  3.41417532e-09  4.56258937e-01  3.32847247e-09  4.56258937e-01  4.56258937e-01  1.55691796e-07  1.57057698e-07  1.59000000e+00 
 1.60000000e+00  4.56258960e-01  4.56258960e-01  3.41417532e-09  4.56258960e-01  3.32847241e-09  4.56258960e-01  4.56258960e-01  1.55691817e-07  1.56705383e-07  1.60000000e+00 
 1.61000000e+00  4.56258960e-01  4.56258960e-01  3.41417532e-09  4.56258960e-01  3.32847247e-09  4.56258960e-01  4.56258960e-01  1.55691835e-07  1.55918073e-07  1.61000000e+00 
 1.62000000e+00  4.56258971e-01  4.56258971e-01  3.41417532e-09  4.56258971e-01  3.32847247e-09  4.56258971e-01  4.56258971e-01  1.55691838e-07  1.54353074e-07  1.62000000e+00 
 1.63000000e+00  4.56258981e-01  4.56258981e-01  3.41417532e-09  4.56258981e-01  3.32847241e-09  4.56258981e-01  4.56258981e-01  1.55691850e-07  1.35190092e-07  1.63000000e+00 
 1.64000000e+00  4.56258961e-01  4.56258962e-01  3.41417532e-09  4.56258962e-01  3.32847241e-09  4.56258962e-01  4.56258961e-01  1.55691822e-07  1.12233266e-07  1.64000000e+00 
 1.65000000e+00  4.56258929e-01  4.56258929e-01  3.41417532e-09  4.56258929e-01  3.32847241e-09  4.56258929e-01  4.56258929e-01  1.55691774e-07  9.21552186e-08  1.65000000e+00 
 1.66000000e+00  4.56258993e-01  4.56258993e-01  3.41417532e-09  4.56258994e-01  3.32847247e-09  4.56258994e-01  4.56258993e-01  1.55691864e-07  7.49527658e-08  1.66000000e+00 
 1.67000000e+00  4.56258947e-01  4.56258947e-01  3.41417532e-09  4.56258947e-01  3.32847241e-09  4.56258947e-01  4.56258947e-01  1.55691803e-07  6.04488406e-08  1.67000000e+00 
 1.68000000e+00  4.56258961e-01  4.56258961e-01  3.41417532e-09  4.56258961e-01  3.32847241e-09  4.56258961e-01  4.56258961e-01  1.55691828e-07  4.83516658e-08  1.68000000e+00 
 1.69000000e+00  4.56258982e-01  4.56258982e-01  3.41417532e-09  4.56258982e-01  3.32847247e-09  4.56258982e-01  4.56258982e-01  1.55691852e-07  3.83429466e-08  1.69000000e+00 
 1.70000000e+00  4.56258963e-01  4.56258963e-01  3.41417532e-09  4.56258963e-01  3.32847241e-09  4.56258963e-01  4.56258963e-01  1.55691826e-07  3.01084526e-08  1.70000000e+00 
 1.71000000e+00  4.56258962e-01  4.56258962e-01  3.41417532e-09  4.56258962e-01  3.32847247e-09  4.56258962e-01  4.56258962e-01  1.55691823e-07  2.33594477e-08  1.71000000e+00 
 1.72000000e+00  4.56258947e-01  4.56258947e-01  3.41417532e-09  4.56258947e-01  3.32847247e-09  4.56258947e-01  4.56258947e-01  1.55691805e-07  1.78423250e-08  1.72000000e+00 
 1.73000000e+00  4.56258954e-01  4.56258954e-01  3.41417532e-09  4.56258954e-01  3.32847241e-09  4.56258954e-01  4.56258954e-01  1.55691819e-07  1.33369298e-08  1.73000000e+00 
 1.74000000e+00  4.56258955e-01  4.56258955e-01  3.41417532e-09  4.56258955e-01  3.32847241e-09  4.56258955e-01  4.56258955e-01  1.55691819e-07  9.65293623e-09  1.74000000e+00 
 1.75000000e+00  4.56258958e-01  4.56258958e-01  3.41417532e-09  4.56258958e-01  3.32847241e-09  4.56258958e-01  4.56258958e-01  1.55691815e-07  6.62524258e-09  1.75000000e+00 
 1.76000000e+00  4.56258962e-01  4.56258962e-01  3.41417538e-09  4.56258962e-01  3.32847247e-09  4.56258962e-01  4.56258962e-01  1.55691833e-07  4.11274925e-09  1.76000000e+00 
 1.77000000e+00  4.56258984e-01  4.56258984e-01  3.41417532e-09  4.56258984e-01  3.32847241e-09  4.56258984e-01  4.56258984e-01  1.55691854e-07  2.00499528e-09  1.77000000e+00 
 1.78000000e+00  4.56258963e-01  4.56258963e-01  3.41417532e-09  4.56258963e-01  3.32847241e-09  4.56258963e-01  4.56258963e-01  1.55691826e-07  2.34834374e-10  1.78000000e+00 
 1.79000000e+00  4.56258953e-01  4.56258953e-01  3.41417532e-09  4.56258954e-01  3.32847247e-09  4.56258954e-01  4.56258953e-01  1.55691813e-07 -1.21700339e-09  1.79000000e+00 
 1.80000000e+00  4.56258966e-01  4.56258966e-01  3.41417532e-09  4.56258966e-01  3.32847241e-09  4.56258966e-01  4.56258966e-01  1.55691839e-07 -2.34634001e-09  1.80000000e+00 
