 v-sweep         v(b0)           v(b1)           v(b2)           v(b3)           v(b4)           v(b5)           v(b6)           i(vbias)        i(viout)        v(vout)        
 0.00000000e+00  3.50554903e-09  3.19691969e-09  3.19114744e-09  3.15347423e-09  4.60381814e-01  3.29351991e-09  4.60381814e-01  1.63300728e-07  1.26296893e-07  0.00000000e+00 
 1.00000000e-02  3.50554900e-09  3.19691967e-09  3.19114743e-09  3.15347416e-09  4.60381822e-01  3.29351995e-09  4.60381823e-01  1.63300729e-07  1.26296475e-07  1.00000000e-02 
 2.00000000e-02  3.50554900e-09  3.19691967e-09  3.19114743e-09  3.15347416e-09  4.60381816e-01  3.29351994e-09  4.60381816e-01  1.63300720e-07  1.26295966e-07  2.00000000e-02 
 3.00000000e-02  3.50554900e-09  3.19691967e-09  3.19114748e-09  3.15347416e-09  4.60381828e-01  3.29351995e-09  4.60381828e-01  1.63300739e-07  1.26295696e-07  3.00000000e-02 
 4.00000000e-02  3.50554900e-09  3.19691973e-09  3.19114743e-09  3.15347416e-09  4.60381824e-01  3.29351995e-09  4.60381824e-01  1.63300737e-07  1.26295396e-07  4.00000000e-02 
 5.00000000e-02  3.50554900e-09  3.19691967e-09  3.19114743e-09  3.15347416e-09  4.60381833e-01  3.29351989e-09  4.60381833e-01  1.63300759e-07  1.26295003e-07  5.00000000e-02 
 6.00000000e-02  3.50554900e-09  3.19691967e-09  3.19114743e-09  3.15347416e-09  4.60381846e-01  3.29351995e-09  4.60381846e-01  1.63300772e-07  1.26294684e-07  6.00000000e-02 
 7.00000000e-02  3.50554900e-09  3.19691973e-09  3.19114748e-09  3.15347416e-09  4.60381818e-01  3.29351989e-09  4.60381818e-01  1.63300728e-07  1.26294195e-07  7.00000000e-02 
 8.00000000e-02  3.50554900e-09  3.19691967e-09  3.19114748e-09  3.15347416e-09  4.60381815e-01  3.29351989e-09  4.60381815e-01  1.63300734e-07  1.26293921e-07  8.00000000e-02 
 9.00000000e-02  3.50554900e-09  3.19691973e-09  3.19114748e-09  3.15347421e-09  4.60381813e-01  3.29351994e-09  4.60381813e-01  1.63300714e-07  1.26293615e-07  9.00000000e-02 
 1.00000000e-01  3.50554900e-09  3.19691973e-09  3.19114748e-09  3.15347422e-09  4.60381839e-01  3.29351989e-09  4.60381839e-01  1.63300760e-07  1.26293493e-07  1.00000000e-01 
 1.10000000e-01  3.50554900e-09  3.19691967e-09  3.19114743e-09  3.15347416e-09  4.60381822e-01  3.29351995e-09  4.60381822e-01  1.63300727e-07  1.26293134e-07  1.10000000e-01 
 1.20000000e-01  3.50554900e-09  3.19691967e-09  3.19114748e-09  3.15347416e-09  4.60381811e-01  3.29351994e-09  4.60381811e-01  1.63300715e-07  1.26292792e-07  1.20000000e-01 
 1.30000000e-01  3.50554900e-09  3.19691973e-09  3.19114748e-09  3.15347416e-09  4.60381823e-01  3.29351995e-09  4.60381823e-01  1.63300728e-07  1.26292560e-07  1.30000000e-01 
 1.40000000e-01  3.50554900e-09  3.19691967e-09  3.19114743e-09  3.15347421e-09  4.60381822e-01  3.29351989e-09  4.60381822e-01  1.63300736e-07  1.26292371e-07  1.40000000e-01 
 1.50000000e-01  3.50554900e-09  3.19691967e-09  3.19114748e-09  3.15347422e-09  4.60381834e-01  3.29351989e-09  4.60381834e-01  1.63300745e-07  1.26292166e-07  1.50000000e-01 
 1.60000000e-01  3.50554900e-09  3.19691967e-09  3.19114743e-09  3.15347421e-09  4.60381829e-01  3.29351989e-09  4.60381829e-01  1.63300745e-07  1.26291884e-07  1.60000000e-01 
 1.70000000e-01  3.50554900e-09  3.19691973e-09  3.19114748e-09  3.15347421e-09  4.60381824e-01  3.29351995e-09  4.60381824e-01  1.63300736e-07  1.26291763e-07  1.70000000e-01 
 1.80000000e-01  3.50554900e-09  3.19691973e-09  3.19114743e-09  3.15347416e-09  4.60381822e-01  3.29351995e-09  4.60381823e-01  1.63300730e-07  1.26291640e-07  1.80000000e-01 
 1.90000000e-01  3.50554900e-09  3.19691967e-09  3.19114748e-09  3.15347421e-09  4.60381825e-01  3.29351995e-09  4.60381825e-01  1.63300734e-07  1.26291363e-07  1.90000000e-01 
 2.00000000e-01  3.50554900e-09  3.19691967e-09  3.19114748e-09  3.15347421e-09  4.60381829e-01  3.29351995e-09  4.60381829e-01  1.63300749e-07  1.26291241e-07  2.00000000e-01 
 2.10000000e-01  3.50554900e-09  3.19691967e-09  3.19114749e-09  3.15347416e-09  4.60381843e-01  3.29351995e-09  4.60381843e-01  1.63300763e-07  1.26290949e-07  2.10000000e-01 
 2.20000000e-01  3.50554900e-09  3.19691967e-09  3.19114743e-09  3.15347422e-09  4.60381846e-01  3.29351995e-09  4.60381846e-01  1.63300788e-07  1.26290928e-07  2.20000000e-01 
 2.30000000e-01  3.50554900e-09  3.19691973e-09  3.19114748e-09  3.15347416e-09  4.60381834e-01  3.29351995e-09  4.60381834e-01  1.63300754e-07  1.26290663e-07  2.30000000e-01 
 2.40000000e-01  3.50554900e-09  3.19691967e-09  3.19114749e-09  3.15347416e-09  4.60381846e-01  3.29351989e-09  4.60381846e-01  1.63300762e-07  1.26290567e-07  2.40000000e-01 
 2.50000000e-01  3.50554901e-09  3.19691973e-09  3.19114743e-09  3.15347416e-09  4.60381848e-01  3.29351995e-09  4.60381848e-01  1.63300775e-07  1.26290288e-07  2.50000000e-01 
 2.60000000e-01  3.50554901e-09  3.19691967e-09  3.19114749e-09  3.15347416e-09  4.60381852e-01  3.29351995e-09  4.60381853e-01  1.63300786e-07  1.26290242e-07  2.60000000e-01 
 2.70000000e-01  3.50554900e-09  3.19691967e-09  3.19114743e-09  3.15347416e-09  4.60381818e-01  3.29351989e-09  4.60381818e-01  1.63300719e-07  1.26290065e-07  2.70000000e-01 
 2.80000000e-01  3.50554900e-09  3.19691973e-09  3.19114743e-09  3.15347421e-09  4.60381825e-01  3.29351989e-09  4.60381825e-01  1.63300742e-07  1.26289871e-07  2.80000000e-01 
 2.90000000e-01  3.50554900e-09  3.19691967e-09  3.19114748e-09  3.15347422e-09  4.60381838e-01  3.29351989e-09  4.60381838e-01  1.63300755e-07  1.26289766e-07  2.90000000e-01 
 3.00000000e-01  3.50554901e-09  3.19691973e-09  3.19114743e-09  3.15347422e-09  4.60381852e-01  3.29351989e-09  4.60381852e-01  1.63300790e-07  1.26289667e-07  3.00000000e-01 
 3.10000000e-01  3.50554900e-09  3.19691967e-09  3.19114749e-09  3.15347422e-09  4.60381840e-01  3.29351995e-09  4.60381840e-01  1.63300764e-07  1.26289578e-07  3.10000000e-01 
 3.20000000e-01  3.50554900e-09  3.19691967e-09  3.19114743e-09  3.15347421e-09  4.60381830e-01  3.29351995e-09  4.60381830e-01  1.63300728e-07  1.26289315e-07  3.20000000e-01 
 3.30000000e-01  3.50554900e-09  3.19691973e-09  3.19114748e-09  3.15347422e-09  4.60381835e-01  3.29351989e-09  4.60381835e-01  1.63300761e-07  1.26289390e-07  3.30000000e-01 
 3.40000000e-01  3.50554900e-09  3.19691967e-09  3.19114743e-09  3.15347422e-09  4.60381843e-01  3.29351995e-09  4.60381843e-01  1.63300765e-07  1.26289134e-07  3.40000000e-01 
 3.50000000e-01  3.50554900e-09  3.19691967e-09  3.19114749e-09  3.15347422e-09  4.60381841e-01  3.29351989e-09  4.60381841e-01  1.63300756e-07  1.26289059e-07  3.50000000e-01 
 3.60000000e-01  3.50554900e-09  3.19691967e-09  3.19114748e-09  3.15347421e-09  4.60381825e-01  3.29351989e-09  4.60381825e-01  1.63300733e-07  1.26288878e-07  3.60000000e-01 
 3.70000000e-01  3.50554900e-09  3.19691973e-09  3.19114748e-09  3.15347416e-09  4.60381822e-01  3.29351995e-09  4.60381822e-01  1.63300745e-07  1.26288704e-07  3.70000000e-01 
 3.80000000e-01  3.50554900e-09  3.19691973e-09  3.19114743e-09  3.15347416e-09  4.60381818e-01  3.29351995e-09  4.60381818e-01  1.63300723e-07  1.26288697e-07  3.80000000e-01 
 3.90000000e-01  3.50554900e-09  3.19691973e-09  3.19114748e-09  3.15347416e-09  4.60381830e-01  3.29351989e-09  4.60381830e-01  1.63300743e-07  1.26288601e-07  3.90000000e-01 
 4.00000000e-01  3.50554900e-09  3.19691967e-09  3.19114748e-09  3.15347416e-09  4.60381828e-01  3.29351995e-09  4.60381828e-01  1.63300738e-07  1.26288569e-07  4.00000000e-01 
 4.10000000e-01  3.50554900e-09  3.19691967e-09  3.19114748e-09  3.15347421e-09  4.60381826e-01  3.29351995e-09  4.60381826e-01  1.63300737e-07  1.26288310e-07  4.10000000e-01 
 4.20000000e-01  3.50554900e-09  3.19691967e-09  3.19114748e-09  3.15347416e-09  4.60381828e-01  3.29351995e-09  4.60381828e-01  1.63300732e-07  1.26288185e-07  4.20000000e-01 
 4.30000000e-01  3.50554900e-09  3.19691967e-09  3.19114743e-09  3.15347416e-09  4.60381830e-01  3.29351995e-09  4.60381830e-01  1.63300759e-07  1.26288107e-07  4.30000000e-01 
 4.40000000e-01  3.50554900e-09  3.19691973e-09  3.19114743e-09  3.15347416e-09  4.60381839e-01  3.29351995e-09  4.60381839e-01  1.63300754e-07  1.26288136e-07  4.40000000e-01 
 4.50000000e-01  3.50554900e-09  3.19691967e-09  3.19114748e-09  3.15347421e-09  4.60381830e-01  3.29351989e-09  4.60381830e-01  1.63300748e-07  1.26288061e-07  4.50000000e-01 
 4.60000000e-01  3.50554900e-09  3.19691973e-09  3.19114743e-09  3.15347416e-09  4.60381828e-01  3.29351989e-09  4.60381828e-01  1.63300728e-07  1.26287887e-07  4.60000000e-01 
 4.70000000e-01  3.50554900e-09  3.19691973e-09  3.19114743e-09  3.15347421e-09  4.60381822e-01  3.29351995e-09  4.60381822e-01  1.63300742e-07  1.26287759e-07  4.70000000e-01 
 4.80000000e-01  3.50554900e-09  3.19691973e-09  3.19114748e-09  3.15347422e-09  4.60381838e-01  3.29351989e-09  4.60381838e-01  1.63300745e-07  1.26287741e-07  4.80000000e-01 
 4.90000000e-01  3.50554900e-09  3.19691967e-09  3.19114748e-09  3.15347421e-09  4.60381821e-01  3.29351989e-09  4.60381821e-01  1.63300728e-07  1.26287652e-07  4.90000000e-01 
 5.00000000e-01  3.50554901e-09  3.19691967e-09  3.19114749e-09  3.15347422e-09  4.60381850e-01  3.29351995e-09  4.60381850e-01  1.63300771e-07  1.26287556e-07  5.00000000e-01 
 5.10000000e-01  3.50554900e-09  3.19691967e-09  3.19114748e-09  3.15347416e-09  4.60381834e-01  3.29351989e-09  4.60381834e-01  1.63300759e-07  1.26287357e-07  5.10000000e-01 
 5.20000000e-01  3.50554900e-09  3.19691973e-09  3.19114743e-09  3.15347416e-09  4.60381822e-01  3.29351995e-09  4.60381822e-01  1.63300733e-07  1.26287262e-07  5.20000000e-01 
 5.30000000e-01  3.50554900e-09  3.19691967e-09  3.19114743e-09  3.15347416e-09  4.60381846e-01  3.29351995e-09  4.60381847e-01  1.63300768e-07  1.26287389e-07  5.30000000e-01 
 5.40000000e-01  3.50554900e-09  3.19691973e-09  3.19114748e-09  3.15347416e-09  4.60381810e-01  3.29351989e-09  4.60381810e-01  1.63300719e-07  1.26287230e-07  5.40000000e-01 
 5.50000000e-01  3.50554900e-09  3.19691973e-09  3.19114743e-09  3.15347422e-09  4.60381833e-01  3.29351995e-09  4.60381833e-01  1.63300745e-07  1.26287063e-07  5.50000000e-01 
 5.60000000e-01  3.50554900e-09  3.19691967e-09  3.19114743e-09  3.15347421e-09  4.60381826e-01  3.29351989e-09  4.60381826e-01  1.63300740e-07  1.26287059e-07  5.60000000e-01 
 5.70000000e-01  3.50554900e-09  3.19691973e-09  3.19114742e-09  3.15347416e-09  4.60381802e-01  3.29351994e-09  4.60381802e-01  1.63300701e-07  1.26286796e-07  5.70000000e-01 
 5.80000000e-01  3.50554900e-09  3.19691973e-09  3.19114743e-09  3.15347422e-09  4.60381842e-01  3.29351995e-09  4.60381842e-01  1.63300761e-07  1.26286871e-07  5.80000000e-01 
 5.90000000e-01  3.50554900e-09  3.19691967e-09  3.19114749e-09  3.15347416e-09  4.60381842e-01  3.29351995e-09  4.60381842e-01  1.63300756e-07  1.26286707e-07  5.90000000e-01 
 6.00000000e-01  3.50554900e-09  3.19691967e-09  3.19114748e-09  3.15347421e-09  4.60381820e-01  3.29351995e-09  4.60381820e-01  1.63300734e-07  1.26286665e-07  6.00000000e-01 
 6.10000000e-01  3.50554900e-09  3.19691967e-09  3.19114743e-09  3.15347421e-09  4.60381831e-01  3.29351995e-09  4.60381831e-01  1.63300753e-07  1.26286537e-07  6.10000000e-01 
 6.20000000e-01  3.50554900e-09  3.19691973e-09  3.19114749e-09  3.15347422e-09  4.60381841e-01  3.29351989e-09  4.60381841e-01  1.63300769e-07  1.26286508e-07  6.20000000e-01 
 6.30000000e-01  3.50554900e-09  3.19691967e-09  3.19114743e-09  3.15347416e-09  4.60381848e-01  3.29351989e-09  4.60381848e-01  1.63300772e-07  1.26286473e-07  6.30000000e-01 
 6.40000000e-01  3.50554900e-09  3.19691973e-09  3.19114743e-09  3.15347422e-09  4.60381843e-01  3.29351995e-09  4.60381843e-01  1.63300773e-07  1.26286260e-07  6.40000000e-01 
 6.50000000e-01  3.50554900e-09  3.19691973e-09  3.19114743e-09  3.15347421e-09  4.60381808e-01  3.29351994e-09  4.60381808e-01  1.63300712e-07  1.26286245e-07  6.50000000e-01 
 6.60000000e-01  3.50554900e-09  3.19691973e-09  3.19114748e-09  3.15347416e-09  4.60381813e-01  3.29351994e-09  4.60381813e-01  1.63300726e-07  1.26285940e-07  6.60000000e-01 
 6.70000000e-01  3.50554900e-09  3.19691967e-09  3.19114743e-09  3.15347416e-09  4.60381838e-01  3.29351995e-09  4.60381838e-01  1.63300756e-07  1.26286068e-07  6.70000000e-01 
 6.80000000e-01  3.50554900e-09  3.19691967e-09  3.19114743e-09  3.15347416e-09  4.60381829e-01  3.29351995e-09  4.60381829e-01  1.63300754e-07  1.26285926e-07  6.80000000e-01 
 6.90000000e-01  3.50554900e-09  3.19691967e-09  3.19114748e-09  3.15347416e-09  4.60381839e-01  3.29351995e-09  4.60381839e-01  1.63300750e-07  1.26285983e-07  6.90000000e-01 
 7.00000000e-01  3.50554900e-09  3.19691973e-09  3.19114743e-09  3.15347421e-09  4.60381810e-01  3.29351994e-09  4.60381810e-01  1.63300720e-07  1.26285641e-07  7.00000000e-01 
 7.10000000e-01  3.50554900e-09  3.19691967e-09  3.19114748e-09  3.15347421e-09  4.60381831e-01  3.29351995e-09  4.60381831e-01  1.63300751e-07  1.26285713e-07  7.10000000e-01 
 7.20000000e-01  3.50554900e-09  3.19691973e-09  3.19114743e-09  3.15347416e-09  4.60381839e-01  3.29351995e-09  4.60381839e-01  1.63300759e-07  1.26285641e-07  7.20000000e-01 
 7.30000000e-01  3.50554900e-09  3.19691973e-09  3.19114743e-09  3.15347416e-09  4.60381825e-01  3.29351989e-09  4.60381825e-01  1.63300732e-07  1.26285506e-07  7.30000000e-01 
 7.40000000e-01  3.50554900e-09  3.19691967e-09  3.19114748e-09  3.15347421e-09  4.60381831e-01  3.29351995e-09  4.60381831e-01  1.63300766e-07  1.26285450e-07  7.40000000e-01 
 7.50000000e-01  3.50554900e-09  3.19691973e-09  3.19114748e-09  3.15347421e-09  4.60381820e-01  3.29351995e-09  4.60381820e-01  1.63300732e-07  1.26285265e-07  7.50000000e-01 
 7.60000000e-01  3.50554900e-09  3.19691973e-09  3.19114748e-09  3.15347416e-09  4.60381816e-01  3.29351989e-09  4.60381816e-01  1.63300713e-07  1.26285258e-07  7.60000000e-01 
 7.70000000e-01  3.50554900e-09  3.19691973e-09  3.19114749e-09  3.15347416e-09  4.60381848e-01  3.29351989e-09  4.60381848e-01  1.63300769e-07  1.26285208e-07  7.70000000e-01 
 7.80000000e-01  3.50554900e-09  3.19691973e-09  3.19114748e-09  3.15347416e-09  4.60381825e-01  3.29351989e-09  4.60381825e-01  1.63300725e-07  1.26285038e-07  7.80000000e-01 
 7.90000000e-01  3.50554900e-09  3.19691967e-09  3.19114743e-09  3.15347416e-09  4.60381817e-01  3.29351995e-09  4.60381817e-01  1.63300732e-07  1.26285002e-07  7.90000000e-01 
 8.00000000e-01  3.50554900e-09  3.19691967e-09  3.19114743e-09  3.15347421e-09  4.60381824e-01  3.29351995e-09  4.60381824e-01  1.63300729e-07  1.26284952e-07  8.00000000e-01 
 8.10000000e-01  3.50554900e-09  3.19691967e-09  3.19114743e-09  3.15347421e-09  4.60381828e-01  3.29351995e-09  4.60381828e-01  1.63300747e-07  1.26284846e-07  8.10000000e-01 
 8.20000000e-01  3.50554900e-09  3.19691973e-09  3.19114748e-09  3.15347416e-09  4.60381837e-01  3.29351989e-09  4.60381838e-01  1.63300747e-07  1.26284675e-07  8.20000000e-01 
 8.30000000e-01  3.50554900e-09  3.19691973e-09  3.19114743e-09  3.15347416e-09  4.60381826e-01  3.29351995e-09  4.60381827e-01  1.63300744e-07  1.26284604e-07  8.30000000e-01 
 8.40000000e-01  3.50554900e-09  3.19691973e-09  3.19114743e-09  3.15347421e-09  4.60381820e-01  3.29351995e-09  4.60381820e-01  1.63300734e-07  1.26284448e-07  8.40000000e-01 
 8.50000000e-01  3.50554900e-09  3.19691973e-09  3.19114748e-09  3.15347421e-09  4.60381823e-01  3.29351989e-09  4.60381823e-01  1.63300729e-07  1.26284398e-07  8.50000000e-01 
 8.60000000e-01  3.50554900e-09  3.19691967e-09  3.19114748e-09  3.15347421e-09  4.60381822e-01  3.29351995e-09  4.60381822e-01  1.63300724e-07  1.26284412e-07  8.60000000e-01 
 8.70000000e-01  3.50554900e-09  3.19691967e-09  3.19114743e-09  3.15347416e-09  4.60381831e-01  3.29351995e-09  4.60381831e-01  1.63300752e-07  1.26284192e-07  8.70000000e-01 
 8.80000000e-01  3.50554900e-09  3.19691973e-09  3.19114748e-09  3.15347421e-09  4.60381820e-01  3.29351989e-09  4.60381820e-01  1.63300734e-07  1.26284085e-07  8.80000000e-01 
 8.90000000e-01  3.50554900e-09  3.19691967e-09  3.19114743e-09  3.15347422e-09  4.60381835e-01  3.29351995e-09  4.60381835e-01  1.63300742e-07  1.26283979e-07  8.90000000e-01 
 9.00000000e-01  3.50554900e-09  3.19691967e-09  3.19114743e-09  3.15347421e-09  4.60381825e-01  3.29351989e-09  4.60381825e-01  1.63300731e-07  1.26283872e-07  9.00000000e-01 
 9.10000000e-01  3.50554900e-09  3.19691967e-09  3.19114743e-09  3.15347416e-09  4.60381834e-01  3.29351989e-09  4.60381834e-01  1.63300742e-07  1.26283879e-07  9.10000000e-01 
 9.20000000e-01  3.50554900e-09  3.19691973e-09  3.19114743e-09  3.15347416e-09  4.60381837e-01  3.29351995e-09  4.60381837e-01  1.63300748e-07  1.26283886e-07  9.20000000e-01 
 9.30000000e-01  3.50554900e-09  3.19691967e-09  3.19114743e-09  3.15347416e-09  4.60381825e-01  3.29351995e-09  4.60381825e-01  1.63300747e-07  1.26283645e-07  9.30000000e-01 
 9.40000000e-01  3.50554900e-09  3.19691967e-09  3.19114748e-09  3.15347421e-09  4.60381828e-01  3.29351995e-09  4.60381828e-01  1.63300740e-07  1.26283489e-07  9.40000000e-01 
 9.50000000e-01  3.50554900e-09  3.19691973e-09  3.19114743e-09  3.15347416e-09  4.60381811e-01  3.29351994e-09  4.60381811e-01  1.63300715e-07  1.26283332e-07  9.50000000e-01 
 9.60000000e-01  3.50554900e-09  3.19691973e-09  3.19114748e-09  3.15347416e-09  4.60381830e-01  3.29351989e-09  4.60381831e-01  1.63300741e-07  1.26283403e-07  9.60000000e-01 
 9.70000000e-01  3.50554900e-09  3.19691973e-09  3.19114748e-09  3.15347416e-09  4.60381822e-01  3.29351989e-09  4.60381822e-01  1.63300740e-07  1.26283197e-07  9.70000000e-01 
 9.80000000e-01  3.50554900e-09  3.19691973e-09  3.19114743e-09  3.15347421e-09  4.60381830e-01  3.29351989e-09  4.60381830e-01  1.63300732e-07  1.26283183e-07  9.80000000e-01 
 9.90000000e-01  3.50554900e-09  3.19691967e-09  3.19114749e-09  3.15347422e-09  4.60381842e-01  3.29351995e-09  4.60381842e-01  1.63300762e-07  1.26283069e-07  9.90000000e-01 
 1.00000000e+00  3.50554900e-09  3.19691967e-09  3.19114743e-09  3.15347416e-09  4.60381836e-01  3.29351989e-09  4.60381836e-01  1.63300757e-07  1.26282913e-07  1.00000000e+00 
 1.01000000e+00  3.50554900e-09  3.19691967e-09  3.19114748e-09  3.15347416e-09  4.60381834e-01  3.29351995e-09  4.60381834e-01  1.63300761e-07  1.26282906e-07  1.01000000e+00 
 1.02000000e+00  3.50554900e-09  3.19691973e-09  3.19114743e-09  3.15347422e-09  4.60381844e-01  3.29351995e-09  4.60381845e-01  1.63300762e-07  1.26282799e-07  1.02000000e+00 
 1.03000000e+00  3.50554900e-09  3.19691973e-09  3.19114749e-09  3.15347422e-09  4.60381843e-01  3.29351989e-09  4.60381843e-01  1.63300777e-07  1.26282700e-07  1.03000000e+00 
 1.04000000e+00  3.50554900e-09  3.19691967e-09  3.19114748e-09  3.15347421e-09  4.60381810e-01  3.29351989e-09  4.60381810e-01  1.63300722e-07  1.26282515e-07  1.04000000e+00 
 1.05000000e+00  3.50554900e-09  3.19691967e-09  3.19114743e-09  3.15347416e-09  4.60381826e-01  3.29351995e-09  4.60381826e-01  1.63300734e-07  1.26282437e-07  1.05000000e+00 
 1.06000000e+00  3.50554900e-09  3.19691973e-09  3.19114748e-09  3.15347421e-09  4.60381817e-01  3.29351995e-09  4.60381817e-01  1.63300730e-07  1.26282252e-07  1.06000000e+00 
 1.07000000e+00  3.50554901e-09  3.19691967e-09  3.19114743e-09  3.15347416e-09  4.60381851e-01  3.29351989e-09  4.60381851e-01  1.63300783e-07  1.26282281e-07  1.07000000e+00 
 1.08000000e+00  3.50554900e-09  3.19691973e-09  3.19114743e-09  3.15347421e-09  4.60381824e-01  3.29351989e-09  4.60381824e-01  1.63300728e-07  1.26282245e-07  1.08000000e+00 
 1.09000000e+00  3.50554900e-09  3.19691967e-09  3.19114743e-09  3.15347422e-09  4.60381838e-01  3.29351995e-09  4.60381838e-01  1.63300762e-07  1.26282096e-07  1.09000000e+00 
 1.10000000e+00  3.50554900e-09  3.19691967e-09  3.19114748e-09  3.15347416e-09  4.60381831e-01  3.29351989e-09  4.60381831e-01  1.63300763e-07  1.26282004e-07  1.10000000e+00 
 1.11000000e+00  3.50554900e-09  3.19691973e-09  3.19114743e-09  3.15347416e-09  4.60381835e-01  3.29351989e-09  4.60381835e-01  1.63300755e-07  1.26281876e-07  1.11000000e+00 
 1.12000000e+00  3.50554900e-09  3.19691967e-09  3.19114748e-09  3.15347421e-09  4.60381829e-01  3.29351995e-09  4.60381829e-01  1.63300743e-07  1.26281691e-07  1.12000000e+00 
 1.13000000e+00  3.50554900e-09  3.19691973e-09  3.19114743e-09  3.15347422e-09  4.60381836e-01  3.29351995e-09  4.60381836e-01  1.63300749e-07  1.26281620e-07  1.13000000e+00 
 1.14000000e+00  3.50554900e-09  3.19691967e-09  3.19114743e-09  3.15347421e-09  4.60381826e-01  3.29351995e-09  4.60381826e-01  1.63300742e-07  1.26281542e-07  1.14000000e+00 
 1.15000000e+00  3.50554900e-09  3.19691967e-09  3.19114743e-09  3.15347422e-09  4.60381833e-01  3.29351989e-09  4.60381833e-01  1.63300740e-07  1.26281350e-07  1.15000000e+00 
 1.16000000e+00  3.50554900e-09  3.19691967e-09  3.19114743e-09  3.15347421e-09  4.60381805e-01  3.29351989e-09  4.60381805e-01  1.63300721e-07  1.26281094e-07  1.16000000e+00 
 1.17000000e+00  3.50554900e-09  3.19691973e-09  3.19114748e-09  3.15347421e-09  4.60381807e-01  3.29351994e-09  4.60381807e-01  1.63300699e-07  1.26281037e-07  1.17000000e+00 
 1.18000000e+00  3.50554900e-09  3.19691973e-09  3.19114748e-09  3.15347421e-09  4.60381821e-01  3.29351989e-09  4.60381821e-01  1.63300729e-07  1.26280995e-07  1.18000000e+00 
 1.19000000e+00  3.50554900e-09  3.19691967e-09  3.19114748e-09  3.15347421e-09  4.60381820e-01  3.29351989e-09  4.60381820e-01  1.63300736e-07  1.26280796e-07  1.19000000e+00 
 1.20000000e+00  3.50554900e-09  3.19691967e-09  3.19114743e-09  3.15347416e-09  4.60381833e-01  3.29351995e-09  4.60381833e-01  1.63300746e-07  1.26280796e-07  1.20000000e+00 
 1.21000000e+00  3.50554900e-09  3.19691967e-09  3.19114743e-09  3.15347421e-09  4.60381821e-01  3.29351989e-09  4.60381821e-01  1.63300739e-07  1.26280568e-07  1.21000000e+00 
 1.22000000e+00  3.50554900e-09  3.19691973e-09  3.19114748e-09  3.15347416e-09  4.60381828e-01  3.29351995e-09  4.60381828e-01  1.63300748e-07  1.26280383e-07  1.22000000e+00 
 1.23000000e+00  3.50554900e-09  3.19691973e-09  3.19114743e-09  3.15347422e-09  4.60381837e-01  3.29351995e-09  4.60381837e-01  1.63300761e-07  1.26280469e-07  1.23000000e+00 
 1.24000000e+00  3.50554900e-09  3.19691967e-09  3.19114748e-09  3.15347416e-09  4.60381836e-01  3.29351995e-09  4.60381836e-01  1.63300758e-07  1.26280270e-07  1.24000000e+00 
 1.25000000e+00  3.50554900e-09  3.19691967e-09  3.19114748e-09  3.15347416e-09  4.60381822e-01  3.29351989e-09  4.60381822e-01  1.63300732e-07  1.26280071e-07  1.25000000e+00 
 1.26000000e+00  3.50554900e-09  3.19691967e-09  3.19114748e-09  3.15347421e-09  4.60381831e-01  3.29351995e-09  4.60381831e-01  1.63300759e-07  1.26280028e-07  1.26000000e+00 
 1.27000000e+00  3.50554900e-09  3.19691973e-09  3.19114743e-09  3.15347422e-09  4.60381837e-01  3.29351995e-09  4.60381838e-01  1.63300767e-07  1.26279815e-07  1.27000000e+00 
 1.28000000e+00  3.50554900e-09  3.19691973e-09  3.19114748e-09  3.15347416e-09  4.60381825e-01  3.29351989e-09  4.60381825e-01  1.63300725e-07  1.26279687e-07  1.28000000e+00 
 1.29000000e+00  3.50554900e-09  3.19691967e-09  3.19114743e-09  3.15347422e-09  4.60381834e-01  3.29351989e-09  4.60381834e-01  1.63300742e-07  1.26279431e-07  1.29000000e+00 
 1.30000000e+00  3.50554900e-09  3.19691967e-09  3.19114743e-09  3.15347421e-09  4.60381830e-01  3.29351995e-09  4.60381830e-01  1.63300751e-07  1.26279431e-07  1.30000000e+00 
 1.31000000e+00  3.50554900e-09  3.19691967e-09  3.19114749e-09  3.15347416e-09  4.60381840e-01  3.29351989e-09  4.60381840e-01  1.63300765e-07  1.26279261e-07  1.31000000e+00 
 1.32000000e+00  3.50554900e-09  3.19691967e-09  3.19114748e-09  3.15347422e-09  4.60381837e-01  3.29351995e-09  4.60381837e-01  1.63300747e-07  1.26279033e-07  1.32000000e+00 
 1.33000000e+00  3.50554900e-09  3.19691967e-09  3.19114743e-09  3.15347421e-09  4.60381824e-01  3.29351995e-09  4.60381824e-01  1.63300744e-07  1.26278735e-07  1.33000000e+00 
 1.34000000e+00  3.50554900e-09  3.19691967e-09  3.19114748e-09  3.15347416e-09  4.60381828e-01  3.29351989e-09  4.60381828e-01  1.63300735e-07  1.26278621e-07  1.34000000e+00 
 1.35000000e+00  3.50554900e-09  3.19691973e-09  3.19114749e-09  3.15347416e-09  4.60381839e-01  3.29351995e-09  4.60381839e-01  1.63300762e-07  1.26278579e-07  1.35000000e+00 
 1.36000000e+00  3.50554900e-09  3.19691967e-09  3.19114743e-09  3.15347422e-09  4.60381840e-01  3.29351995e-09  4.60381840e-01  1.63300744e-07  1.26278223e-07  1.36000000e+00 
 1.37000000e+00  3.50554900e-09  3.19691967e-09  3.19114743e-09  3.15347421e-09  4.60381814e-01  3.29351994e-09  4.60381814e-01  1.63300720e-07  1.26277811e-07  1.37000000e+00 
 1.38000000e+00  3.50554900e-09  3.19691967e-09  3.19114748e-09  3.15347421e-09  4.60381824e-01  3.29351989e-09  4.60381824e-01  1.63300730e-07  1.26277868e-07  1.38000000e+00 
 1.39000000e+00  3.50554900e-09  3.19691973e-09  3.19114749e-09  3.15347422e-09  4.60381842e-01  3.29351995e-09  4.60381842e-01  1.63300761e-07  1.26277513e-07  1.39000000e+00 
 1.40000000e+00  3.50554900e-09  3.19691967e-09  3.19114743e-09  3.15347422e-09  4.60381838e-01  3.29351995e-09  4.60381838e-01  1.63300750e-07  1.26277385e-07  1.40000000e+00 
 1.41000000e+00  3.50554900e-09  3.19691967e-09  3.19114743e-09  3.15347416e-09  4.60381805e-01  3.29351994e-09  4.60381805e-01  1.63300710e-07  1.26276888e-07  1.41000000e+00 
 1.42000000e+00  3.50554900e-09  3.19691967e-09  3.19114748e-09  3.15347416e-09  4.60381823e-01  3.29351995e-09  4.60381823e-01  1.63300731e-07  1.26276589e-07  1.42000000e+00 
 1.43000000e+00  3.50554900e-09  3.19691967e-09  3.19114748e-09  3.15347416e-09  4.60381822e-01  3.29351995e-09  4.60381822e-01  1.63300729e-07  1.26276319e-07  1.43000000e+00 
 1.44000000e+00  3.50554900e-09  3.19691973e-09  3.19114743e-09  3.15347421e-09  4.60381818e-01  3.29351995e-09  4.60381818e-01  1.63300737e-07  1.26275836e-07  1.44000000e+00 
 1.45000000e+00  3.50554900e-09  3.19691967e-09  3.19114748e-09  3.15347421e-09  4.60381818e-01  3.29351995e-09  4.60381818e-01  1.63300731e-07  1.26275339e-07  1.45000000e+00 
 1.46000000e+00  3.50554900e-09  3.19691973e-09  3.19114743e-09  3.15347416e-09  4.60381831e-01  3.29351995e-09  4.60381831e-01  1.63300748e-07  1.26274884e-07  1.46000000e+00 
 1.47000000e+00  3.50554900e-09  3.19691967e-09  3.19114748e-09  3.15347422e-09  4.60381837e-01  3.29351995e-09  4.60381837e-01  1.63300750e-07  1.26274244e-07  1.47000000e+00 
 1.48000000e+00  3.50554900e-09  3.19691967e-09  3.19114748e-09  3.15347421e-09  4.60381815e-01  3.29351994e-09  4.60381815e-01  1.63300735e-07  1.26273449e-07  1.48000000e+00 
 1.49000000e+00  3.50554900e-09  3.19691967e-09  3.19114743e-09  3.15347416e-09  4.60381826e-01  3.29351989e-09  4.60381826e-01  1.63300741e-07  1.26272454e-07  1.49000000e+00 
 1.50000000e+00  3.50554900e-09  3.19691973e-09  3.19114743e-09  3.15347421e-09  4.60381826e-01  3.29351995e-09  4.60381826e-01  1.63300728e-07  1.26271289e-07  1.50000000e+00 
 1.51000000e+00  3.50554900e-09  3.19691967e-09  3.19114749e-09  3.15347422e-09  4.60381848e-01  3.29351995e-09  4.60381848e-01  1.63300761e-07  1.26269796e-07  1.51000000e+00 
 1.52000000e+00  3.50554900e-09  3.19691973e-09  3.19114748e-09  3.15347416e-09  4.60381810e-01  3.29351989e-09  4.60381810e-01  1.63300716e-07  1.26267551e-07  1.52000000e+00 
 1.53000000e+00  3.50554900e-09  3.19691967e-09  3.19114749e-09  3.15347422e-09  4.60381843e-01  3.29351995e-09  4.60381843e-01  1.63300772e-07  1.26264652e-07  1.53000000e+00 
 1.54000000e+00  3.50554900e-09  3.19691967e-09  3.19114748e-09  3.15347421e-09  4.60381826e-01  3.29351989e-09  4.60381826e-01  1.63300732e-07  1.26260161e-07  1.54000000e+00 
 1.55000000e+00  3.50554900e-09  3.19691967e-09  3.19114748e-09  3.15347416e-09  4.60381830e-01  3.29351989e-09  4.60381831e-01  1.63300749e-07  1.26253269e-07  1.55000000e+00 
 1.56000000e+00  3.50554900e-09  3.19691967e-09  3.19114743e-09  3.15347416e-09  4.60381820e-01  3.29351989e-09  4.60381820e-01  1.63300728e-07  1.26241972e-07  1.56000000e+00 
 1.57000000e+00  3.50554900e-09  3.19691967e-09  3.19114743e-09  3.15347421e-09  4.60381817e-01  3.29351994e-09  4.60381817e-01  1.63300718e-07  1.26222645e-07  1.57000000e+00 
 1.58000000e+00  3.50554900e-09  3.19691967e-09  3.19114748e-09  3.15347421e-09  4.60381814e-01  3.29351994e-09  4.60381814e-01  1.63300708e-07  1.26187317e-07  1.58000000e+00 
 1.59000000e+00  3.50554900e-09  3.19691973e-09  3.19114743e-09  3.15347416e-09  4.60381823e-01  3.29351989e-09  4.60381823e-01  1.63300736e-07  1.26119176e-07  1.59000000e+00 
 1.60000000e+00  3.50554900e-09  3.19691967e-09  3.19114743e-09  3.15347421e-09  4.60381827e-01  3.29351995e-09  4.60381828e-01  1.63300743e-07  1.25973543e-07  1.60000000e+00 
 1.61000000e+00  3.50554900e-09  3.19691973e-09  3.19114743e-09  3.15347416e-09  4.60381825e-01  3.29351995e-09  4.60381825e-01  1.63300739e-07  1.25613525e-07  1.61000000e+00 
 1.62000000e+00  3.50554900e-09  3.19691967e-09  3.19114748e-09  3.15347421e-09  4.60381831e-01  3.29351995e-09  4.60381831e-01  1.63300743e-07  1.24751423e-07  1.62000000e+00 
 1.63000000e+00  3.50554900e-09  3.19691967e-09  3.19114743e-09  3.15347416e-09  4.60381821e-01  3.29351989e-09  4.60381821e-01  1.63300724e-07  1.23021451e-07  1.63000000e+00 
 1.64000000e+00  3.50554900e-09  3.19691967e-09  3.19114748e-09  3.15347421e-09  4.60381816e-01  3.29351989e-09  4.60381816e-01  1.63300721e-07  1.04373740e-07  1.64000000e+00 
 1.65000000e+00  3.50554900e-09  3.19691967e-09  3.19114748e-09  3.15347421e-09  4.60381806e-01  3.29351994e-09  4.60381806e-01  1.63300709e-07  8.57502442e-08  1.65000000e+00 
 1.66000000e+00  3.50554900e-09  3.19691967e-09  3.19114748e-09  3.15347421e-09  4.60381831e-01  3.29351995e-09  4.60381831e-01  1.63300751e-07  6.97554299e-08  1.66000000e+00 
 1.67000000e+00  3.50554900e-09  3.19691967e-09  3.19114743e-09  3.15347422e-09  4.60381837e-01  3.29351995e-09  4.60381837e-01  1.63300754e-07  5.62367291e-08  1.67000000e+00 
 1.68000000e+00  3.50554900e-09  3.19691967e-09  3.19114748e-09  3.15347416e-09  4.60381824e-01  3.29351995e-09  4.60381824e-01  1.63300730e-07  4.49496866e-08  1.68000000e+00 
 1.69000000e+00  3.50554900e-09  3.19691967e-09  3.19114748e-09  3.15347421e-09  4.60381827e-01  3.29351995e-09  4.60381827e-01  1.63300749e-07  3.56025680e-08  1.69000000e+00 
 1.70000000e+00  3.50554900e-09  3.19691967e-09  3.19114748e-09  3.15347416e-09  4.60381824e-01  3.29351995e-09  4.60381824e-01  1.63300744e-07  2.79094081e-08  1.70000000e+00 
 1.71000000e+00  3.50554900e-09  3.19691973e-09  3.19114748e-09  3.15347421e-09  4.60381816e-01  3.29351994e-09  4.60381816e-01  1.63300714e-07  2.16043361e-08  1.71000000e+00 
 1.72000000e+00  3.50554900e-09  3.19691967e-09  3.19114748e-09  3.15347416e-09  4.60381833e-01  3.29351995e-09  4.60381834e-01  1.63300747e-07  1.64522760e-08  1.72000000e+00 
 1.73000000e+00  3.50554900e-09  3.19691967e-09  3.19114743e-09  3.15347416e-09  4.60381829e-01  3.29351995e-09  4.60381829e-01  1.63300738e-07  1.22486625e-08  1.73000000e+00 
 1.74000000e+00  3.50554900e-09  3.19691973e-09  3.19114748e-09  3.15347421e-09  4.60381818e-01  3.29351995e-09  4.60381818e-01  1.63300714e-07  8.81603057e-09  1.74000000e+00 
 1.75000000e+00  3.50554900e-09  3.19691973e-09  3.19114748e-09  3.15347416e-09  4.60381821e-01  3.29351995e-09  4.60381821e-01  1.63300734e-07  6.00049077e-09  1.75000000e+00 
 1.76000000e+00  3.50554900e-09  3.19691973e-09  3.19114743e-09  3.15347421e-09  4.60381821e-01  3.29351995e-09  4.60381821e-01  1.63300728e-07  3.67056430e-09  1.76000000e+00 
 1.77000000e+00  3.50554900e-09  3.19691973e-09  3.19114749e-09  3.15347422e-09  4.60381843e-01  3.29351995e-09  4.60381843e-01  1.63300748e-07  1.72236980e-09  1.77000000e+00 
 1.78000000e+00  3.50554900e-09  3.19691973e-09  3.19114743e-09  3.15347421e-09  4.60381811e-01  3.29351989e-09  4.60381811e-01  1.63300718e-07  9.33084721e-11  1.78000000e+00 
 1.79000000e+00  3.50554901e-09  3.19691967e-09  3.19114749e-09  3.15347416e-09  4.60381856e-01  3.29351989e-09  4.60381856e-01  1.63300790e-07 -1.23655752e-09  1.79000000e+00 
 1.80000000e+00  3.50554901e-09  3.19691967e-09  3.19114749e-09  3.15347416e-09  4.60381856e-01  3.29351995e-09  4.60381856e-01  1.63300776e-07 -2.26525287e-09  1.80000000e+00 
