 v-sweep         v(b0)           v(b1)           v(b2)           v(b3)           v(b4)           v(b5)           v(b6)           i(vbias)        i(viout)        v(vout)        
 0.00000000e+00  3.28034535e-09  3.53243887e-09  3.40145541e-09  4.56985150e-01  3.31112098e-09  3.45893005e-09  3.35013465e-09  1.55582294e-07  1.12855974e-08  0.00000000e+00 
 1.00000000e-02  3.28034533e-09  3.53243891e-09  3.40145545e-09  4.56985163e-01  3.31112096e-09  3.45893004e-09  3.35013469e-09  1.55582334e-07  1.12851612e-08  1.00000000e-02 
 2.00000000e-02  3.28034533e-09  3.53243884e-09  3.40145545e-09  4.56985170e-01  3.31112097e-09  3.45893009e-09  3.35013469e-09  1.55582331e-07  1.12847582e-08  2.00000000e-02 
 3.00000000e-02  3.28034533e-09  3.53243886e-09  3.40145545e-09  4.56985179e-01  3.31112102e-09  3.45893004e-09  3.35013469e-09  1.55582344e-07  1.12843128e-08  3.00000000e-02 
 4.00000000e-02  3.28034533e-09  3.53243891e-09  3.40145545e-09  4.56985170e-01  3.31112102e-09  3.45893009e-09  3.35013469e-09  1.55582329e-07  1.12839644e-08  4.00000000e-02 
 5.00000000e-02  3.28034533e-09  3.53243890e-09  3.40145545e-09  4.56985169e-01  3.31112102e-09  3.45893004e-09  3.35013469e-09  1.55582331e-07  1.12837961e-08  5.00000000e-02 
 6.00000000e-02  3.28034538e-09  3.53243886e-09  3.40145545e-09  4.56985166e-01  3.31112102e-09  3.45893009e-09  3.35013463e-09  1.55582327e-07  1.12834311e-08  6.00000000e-02 
 7.00000000e-02  3.28034538e-09  3.53243886e-09  3.40145545e-09  4.56985166e-01  3.31112096e-09  3.45893009e-09  3.35013469e-09  1.55582324e-07  1.12831424e-08  7.00000000e-02 
 8.00000000e-02  3.28034538e-09  3.53243885e-09  3.40145545e-09  4.56985159e-01  3.31112096e-09  3.45893009e-09  3.35013469e-09  1.55582317e-07  1.12828911e-08  8.00000000e-02 
 9.00000000e-02  3.28034539e-09  3.53243886e-09  3.40145545e-09  4.56985173e-01  3.31112097e-09  3.45893004e-09  3.35013469e-09  1.55582342e-07  1.12825091e-08  9.00000000e-02 
 1.00000000e-01  3.28034539e-09  3.53243886e-09  3.40145539e-09  4.56985175e-01  3.31112102e-09  3.45893009e-09  3.35013469e-09  1.55582342e-07  1.12822951e-08  1.00000000e-01 
 1.10000000e-01  3.28034538e-09  3.53243886e-09  3.40145545e-09  4.56985163e-01  3.31112102e-09  3.45893004e-09  3.35013463e-09  1.55582330e-07  1.12821317e-08  1.10000000e-01 
 1.20000000e-01  3.28034533e-09  3.53243885e-09  3.40145539e-09  4.56985153e-01  3.31112096e-09  3.45893009e-09  3.35013463e-09  1.55582311e-07  1.12819034e-08  1.20000000e-01 
 1.30000000e-01  3.28034533e-09  3.53243886e-09  3.40145545e-09  4.56985175e-01  3.31112097e-09  3.45893004e-09  3.35013469e-09  1.55582355e-07  1.12815446e-08  1.30000000e-01 
 1.40000000e-01  3.28034539e-09  3.53243886e-09  3.40145539e-09  4.56985174e-01  3.31112097e-09  3.45893009e-09  3.35013463e-09  1.55582334e-07  1.12814567e-08  1.40000000e-01 
 1.50000000e-01  3.28034538e-09  3.53243891e-09  3.40145545e-09  4.56985155e-01  3.31112102e-09  3.45893009e-09  3.35013463e-09  1.55582317e-07  1.12812977e-08  1.50000000e-01 
 1.60000000e-01  3.28034533e-09  3.53243890e-09  3.40145545e-09  4.56985154e-01  3.31112102e-09  3.45893009e-09  3.35013469e-09  1.55582319e-07  1.12811378e-08  1.60000000e-01 
 1.70000000e-01  3.28034538e-09  3.53243886e-09  3.40145545e-09  4.56985161e-01  3.31112096e-09  3.45893009e-09  3.35013469e-09  1.55582319e-07  1.12808110e-08  1.70000000e-01 
 1.80000000e-01  3.28034533e-09  3.53243886e-09  3.40145539e-09  4.56985163e-01  3.31112096e-09  3.45893004e-09  3.35013469e-09  1.55582317e-07  1.12807736e-08  1.80000000e-01 
 1.90000000e-01  3.28034533e-09  3.53243886e-09  3.40145545e-09  4.56985166e-01  3.31112096e-09  3.45893009e-09  3.35013469e-09  1.55582330e-07  1.12806244e-08  1.90000000e-01 
 2.00000000e-01  3.28034533e-09  3.53243885e-09  3.40145539e-09  4.56985142e-01  3.31112102e-09  3.45893003e-09  3.35013469e-09  1.55582282e-07  1.12802816e-08  2.00000000e-01 
 2.10000000e-01  3.28034533e-09  3.53243885e-09  3.40145545e-09  4.56985141e-01  3.31112096e-09  3.45893009e-09  3.35013469e-09  1.55582301e-07  1.12803509e-08  2.10000000e-01 
 2.20000000e-01  3.28034533e-09  3.53243886e-09  3.40145539e-09  4.56985184e-01  3.31112097e-09  3.45893004e-09  3.35013464e-09  1.55582361e-07  1.12800276e-08  2.20000000e-01 
 2.30000000e-01  3.28034538e-09  3.53243891e-09  3.40145545e-09  4.56985149e-01  3.31112096e-09  3.45893003e-09  3.35013463e-09  1.55582295e-07  1.12799370e-08  2.30000000e-01 
 2.40000000e-01  3.28034538e-09  3.53243884e-09  3.40145545e-09  4.56985152e-01  3.31112096e-09  3.45893003e-09  3.35013463e-09  1.55582315e-07  1.12799121e-08  2.40000000e-01 
 2.50000000e-01  3.28034533e-09  3.53243886e-09  3.40145539e-09  4.56985159e-01  3.31112096e-09  3.45893004e-09  3.35013463e-09  1.55582311e-07  1.12795853e-08  2.50000000e-01 
 2.60000000e-01  3.28034533e-09  3.53243886e-09  3.40145545e-09  4.56985172e-01  3.31112097e-09  3.45893009e-09  3.35013463e-09  1.55582340e-07  1.12796776e-08  2.60000000e-01 
 2.70000000e-01  3.28034538e-09  3.53243885e-09  3.40145539e-09  4.56985156e-01  3.31112096e-09  3.45893004e-09  3.35013463e-09  1.55582297e-07  1.12794893e-08  2.70000000e-01 
 2.80000000e-01  3.28034533e-09  3.53243885e-09  3.40145545e-09  4.56985153e-01  3.31112102e-09  3.45893003e-09  3.35013463e-09  1.55582320e-07  1.12794361e-08  2.80000000e-01 
 2.90000000e-01  3.28034538e-09  3.53243886e-09  3.40145539e-09  4.56985163e-01  3.31112096e-09  3.45893004e-09  3.35013463e-09  1.55582312e-07  1.12794005e-08  2.90000000e-01 
 3.00000000e-01  3.28034533e-09  3.53243891e-09  3.40145545e-09  4.56985173e-01  3.31112097e-09  3.45893004e-09  3.35013463e-09  1.55582346e-07  1.12790985e-08  3.00000000e-01 
 3.10000000e-01  3.28034538e-09  3.53243884e-09  3.40145545e-09  4.56985167e-01  3.31112096e-09  3.45893009e-09  3.35013469e-09  1.55582336e-07  1.12791554e-08  3.10000000e-01 
 3.20000000e-01  3.28034538e-09  3.53243886e-09  3.40145545e-09  4.56985164e-01  3.31112096e-09  3.45893009e-09  3.35013469e-09  1.55582323e-07  1.12790381e-08  3.20000000e-01 
 3.30000000e-01  3.28034539e-09  3.53243886e-09  3.40145539e-09  4.56985174e-01  3.31112097e-09  3.45893009e-09  3.35013463e-09  1.55582353e-07  1.12790168e-08  3.30000000e-01 
 3.40000000e-01  3.28034533e-09  3.53243891e-09  3.40145545e-09  4.56985168e-01  3.31112096e-09  3.45893009e-09  3.35013463e-09  1.55582314e-07  1.12787966e-08  3.40000000e-01 
 3.50000000e-01  3.28034538e-09  3.53243884e-09  3.40145545e-09  4.56985166e-01  3.31112096e-09  3.45893004e-09  3.35013469e-09  1.55582339e-07  1.12786687e-08  3.50000000e-01 
 3.60000000e-01  3.28034538e-09  3.53243886e-09  3.40145539e-09  4.56985159e-01  3.31112102e-09  3.45893004e-09  3.35013463e-09  1.55582310e-07  1.12786438e-08  3.60000000e-01 
 3.70000000e-01  3.28034533e-09  3.53243891e-09  3.40145545e-09  4.56985157e-01  3.31112096e-09  3.45893004e-09  3.35013463e-09  1.55582314e-07  1.12785905e-08  3.70000000e-01 
 3.80000000e-01  3.28034533e-09  3.53243884e-09  3.40145545e-09  4.56985142e-01  3.31112096e-09  3.45893009e-09  3.35013463e-09  1.55582301e-07  1.12785123e-08  3.80000000e-01 
 3.90000000e-01  3.28034539e-09  3.53243886e-09  3.40145545e-09  4.56985178e-01  3.31112102e-09  3.45893004e-09  3.35013464e-09  1.55582347e-07  1.12783596e-08  3.90000000e-01 
 4.00000000e-01  3.28034538e-09  3.53243891e-09  3.40145539e-09  4.56985160e-01  3.31112096e-09  3.45893004e-09  3.35013463e-09  1.55582303e-07  1.12783667e-08  4.00000000e-01 
 4.10000000e-01  3.28034533e-09  3.53243890e-09  3.40145545e-09  4.56985160e-01  3.31112096e-09  3.45893004e-09  3.35013469e-09  1.55582329e-07  1.12782921e-08  4.10000000e-01 
 4.20000000e-01  3.28034533e-09  3.53243892e-09  3.40145545e-09  4.56985165e-01  3.31112102e-09  3.45893004e-09  3.35013463e-09  1.55582316e-07  1.12783383e-08  4.20000000e-01 
 4.30000000e-01  3.28034533e-09  3.53243890e-09  3.40145539e-09  4.56985163e-01  3.31112096e-09  3.45893009e-09  3.35013463e-09  1.55582330e-07  1.12782921e-08  4.30000000e-01 
 4.40000000e-01  3.28034539e-09  3.53243892e-09  3.40145539e-09  4.56985188e-01  3.31112097e-09  3.45893009e-09  3.35013469e-09  1.55582345e-07  1.12780612e-08  4.40000000e-01 
 4.50000000e-01  3.28034533e-09  3.53243884e-09  3.40145539e-09  4.56985154e-01  3.31112102e-09  3.45893009e-09  3.35013469e-09  1.55582299e-07  1.12781109e-08  4.50000000e-01 
 4.60000000e-01  3.28034538e-09  3.53243892e-09  3.40145545e-09  4.56985159e-01  3.31112096e-09  3.45893004e-09  3.35013463e-09  1.55582319e-07  1.12780256e-08  4.60000000e-01 
 4.70000000e-01  3.28034533e-09  3.53243884e-09  3.40145545e-09  4.56985160e-01  3.31112102e-09  3.45893009e-09  3.35013463e-09  1.55582329e-07  1.12779119e-08  4.70000000e-01 
 4.80000000e-01  3.28034533e-09  3.53243886e-09  3.40145545e-09  4.56985178e-01  3.31112102e-09  3.45893004e-09  3.35013469e-09  1.55582348e-07  1.12779013e-08  4.80000000e-01 
 4.90000000e-01  3.28034533e-09  3.53243891e-09  3.40145545e-09  4.56985161e-01  3.31112102e-09  3.45893004e-09  3.35013463e-09  1.55582313e-07  1.12778658e-08  4.90000000e-01 
 5.00000000e-01  3.28034538e-09  3.53243884e-09  3.40145545e-09  4.56985167e-01  3.31112096e-09  3.45893004e-09  3.35013463e-09  1.55582339e-07  1.12777165e-08  5.00000000e-01 
 5.10000000e-01  3.28034533e-09  3.53243886e-09  3.40145539e-09  4.56985150e-01  3.31112102e-09  3.45893003e-09  3.35013463e-09  1.55582288e-07  1.12778125e-08  5.10000000e-01 
 5.20000000e-01  3.28034538e-09  3.53243885e-09  3.40145539e-09  4.56985158e-01  3.31112096e-09  3.45893004e-09  3.35013469e-09  1.55582317e-07  1.12776668e-08  5.20000000e-01 
 5.30000000e-01  3.28034533e-09  3.53243891e-09  3.40145545e-09  4.56985157e-01  3.31112102e-09  3.45893004e-09  3.35013469e-09  1.55582309e-07  1.12776100e-08  5.30000000e-01 
 5.40000000e-01  3.28034533e-09  3.53243890e-09  3.40145545e-09  4.56985167e-01  3.31112096e-09  3.45893004e-09  3.35013463e-09  1.55582333e-07  1.12775638e-08  5.40000000e-01 
 5.50000000e-01  3.28034533e-09  3.53243892e-09  3.40145539e-09  4.56985149e-01  3.31112096e-09  3.45893009e-09  3.35013469e-09  1.55582289e-07  1.12775211e-08  5.50000000e-01 
 5.60000000e-01  3.28034538e-09  3.53243884e-09  3.40145545e-09  4.56985154e-01  3.31112096e-09  3.45893009e-09  3.35013463e-09  1.55582308e-07  1.12774323e-08  5.60000000e-01 
 5.70000000e-01  3.28034538e-09  3.53243886e-09  3.40145545e-09  4.56985164e-01  3.31112096e-09  3.45893004e-09  3.35013469e-09  1.55582321e-07  1.12773080e-08  5.70000000e-01 
 5.80000000e-01  3.28034533e-09  3.53243885e-09  3.40145539e-09  4.56985149e-01  3.31112102e-09  3.45893009e-09  3.35013463e-09  1.55582299e-07  1.12773293e-08  5.80000000e-01 
 5.90000000e-01  3.28034533e-09  3.53243891e-09  3.40145545e-09  4.56985159e-01  3.31112102e-09  3.45893004e-09  3.35013469e-09  1.55582319e-07  1.12774075e-08  5.90000000e-01 
 6.00000000e-01  3.28034533e-09  3.53243890e-09  3.40145545e-09  4.56985164e-01  3.31112096e-09  3.45893004e-09  3.35013463e-09  1.55582312e-07  1.12773080e-08  6.00000000e-01 
 6.10000000e-01  3.28034538e-09  3.53243886e-09  3.40145539e-09  4.56985150e-01  3.31112096e-09  3.45893003e-09  3.35013469e-09  1.55582303e-07  1.12772796e-08  6.10000000e-01 
 6.20000000e-01  3.28034539e-09  3.53243886e-09  3.40145539e-09  4.56985178e-01  3.31112097e-09  3.45893004e-09  3.35013469e-09  1.55582349e-07  1.12771303e-08  6.20000000e-01 
 6.30000000e-01  3.28034533e-09  3.53243885e-09  3.40145545e-09  4.56985158e-01  3.31112096e-09  3.45893004e-09  3.35013463e-09  1.55582306e-07  1.12771161e-08  6.30000000e-01 
 6.40000000e-01  3.28034533e-09  3.53243886e-09  3.40145539e-09  4.56985170e-01  3.31112102e-09  3.45893004e-09  3.35013463e-09  1.55582338e-07  1.12770806e-08  6.40000000e-01 
 6.50000000e-01  3.28034538e-09  3.53243891e-09  3.40145545e-09  4.56985147e-01  3.31112096e-09  3.45893009e-09  3.35013469e-09  1.55582296e-07  1.12769456e-08  6.50000000e-01 
 6.60000000e-01  3.28034533e-09  3.53243884e-09  3.40145539e-09  4.56985158e-01  3.31112102e-09  3.45893009e-09  3.35013463e-09  1.55582312e-07  1.12769243e-08  6.60000000e-01 
 6.70000000e-01  3.28034533e-09  3.53243886e-09  3.40145545e-09  4.56985159e-01  3.31112102e-09  3.45893009e-09  3.35013469e-09  1.55582326e-07  1.12768532e-08  6.70000000e-01 
 6.80000000e-01  3.28034533e-09  3.53243885e-09  3.40145545e-09  4.56985156e-01  3.31112102e-09  3.45893004e-09  3.35013463e-09  1.55582310e-07  1.12767609e-08  6.80000000e-01 
 6.90000000e-01  3.28034538e-09  3.53243886e-09  3.40145545e-09  4.56985162e-01  3.31112096e-09  3.45893009e-09  3.35013469e-09  1.55582318e-07  1.12767964e-08  6.90000000e-01 
 7.00000000e-01  3.28034533e-09  3.53243891e-09  3.40145545e-09  4.56985170e-01  3.31112102e-09  3.45893009e-09  3.35013463e-09  1.55582340e-07  1.12766898e-08  7.00000000e-01 
 7.10000000e-01  3.28034539e-09  3.53243884e-09  3.40145545e-09  4.56985178e-01  3.31112102e-09  3.45893004e-09  3.35013464e-09  1.55582344e-07  1.12766187e-08  7.10000000e-01 
 7.20000000e-01  3.28034533e-09  3.53243886e-09  3.40145545e-09  4.56985150e-01  3.31112102e-09  3.45893003e-09  3.35013463e-09  1.55582300e-07  1.12765619e-08  7.20000000e-01 
 7.30000000e-01  3.28034533e-09  3.53243891e-09  3.40145539e-09  4.56985167e-01  3.31112096e-09  3.45893009e-09  3.35013463e-09  1.55582330e-07  1.12765335e-08  7.30000000e-01 
 7.40000000e-01  3.28034538e-09  3.53243890e-09  3.40145545e-09  4.56985155e-01  3.31112096e-09  3.45893009e-09  3.35013469e-09  1.55582315e-07  1.12765264e-08  7.40000000e-01 
 7.50000000e-01  3.28034533e-09  3.53243886e-09  3.40145545e-09  4.56985164e-01  3.31112102e-09  3.45893004e-09  3.35013469e-09  1.55582323e-07  1.12764411e-08  7.50000000e-01 
 7.60000000e-01  3.28034533e-09  3.53243885e-09  3.40145545e-09  4.56985148e-01  3.31112102e-09  3.45893009e-09  3.35013463e-09  1.55582295e-07  1.12763701e-08  7.60000000e-01 
 7.70000000e-01  3.28034538e-09  3.53243885e-09  3.40145545e-09  4.56985145e-01  3.31112102e-09  3.45893003e-09  3.35013469e-09  1.55582303e-07  1.12763630e-08  7.70000000e-01 
 7.80000000e-01  3.28034533e-09  3.53243886e-09  3.40145539e-09  4.56985177e-01  3.31112097e-09  3.45893004e-09  3.35013469e-09  1.55582357e-07  1.12763772e-08  7.80000000e-01 
 7.90000000e-01  3.28034533e-09  3.53243891e-09  3.40145545e-09  4.56985161e-01  3.31112096e-09  3.45893004e-09  3.35013463e-09  1.55582316e-07  1.12761498e-08  7.90000000e-01 
 8.00000000e-01  3.28034533e-09  3.53243884e-09  3.40145539e-09  4.56985176e-01  3.31112102e-09  3.45893004e-09  3.35013469e-09  1.55582348e-07  1.12762706e-08  8.00000000e-01 
 8.10000000e-01  3.28034538e-09  3.53243892e-09  3.40145539e-09  4.56985168e-01  3.31112096e-09  3.45893004e-09  3.35013469e-09  1.55582338e-07  1.12761143e-08  8.10000000e-01 
 8.20000000e-01  3.28034533e-09  3.53243884e-09  3.40145539e-09  4.56985175e-01  3.31112102e-09  3.45893004e-09  3.35013463e-09  1.55582338e-07  1.12761143e-08  8.20000000e-01 
 8.30000000e-01  3.28034533e-09  3.53243886e-09  3.40145539e-09  4.56985161e-01  3.31112102e-09  3.45893009e-09  3.35013463e-09  1.55582331e-07  1.12760148e-08  8.30000000e-01 
 8.40000000e-01  3.28034533e-09  3.53243891e-09  3.40145545e-09  4.56985153e-01  3.31112096e-09  3.45893003e-09  3.35013463e-09  1.55582311e-07  1.12760219e-08  8.40000000e-01 
 8.50000000e-01  3.28034533e-09  3.53243890e-09  3.40145539e-09  4.56985154e-01  3.31112096e-09  3.45893009e-09  3.35013469e-09  1.55582322e-07  1.12759793e-08  8.50000000e-01 
 8.60000000e-01  3.28034539e-09  3.53243886e-09  3.40145539e-09  4.56985177e-01  3.31112102e-09  3.45893009e-09  3.35013464e-09  1.55582352e-07  1.12759864e-08  8.60000000e-01 
 8.70000000e-01  3.28034538e-09  3.53243891e-09  3.40145545e-09  4.56985162e-01  3.31112102e-09  3.45893004e-09  3.35013469e-09  1.55582303e-07  1.12758300e-08  8.70000000e-01 
 8.80000000e-01  3.28034533e-09  3.53243884e-09  3.40145539e-09  4.56985181e-01  3.31112102e-09  3.45893009e-09  3.35013464e-09  1.55582355e-07  1.12758300e-08  8.80000000e-01 
 8.90000000e-01  3.28034533e-09  3.53243886e-09  3.40145539e-09  4.56985162e-01  3.31112096e-09  3.45893009e-09  3.35013469e-09  1.55582309e-07  1.12756737e-08  8.90000000e-01 
 9.00000000e-01  3.28034538e-09  3.53243885e-09  3.40145539e-09  4.56985141e-01  3.31112096e-09  3.45893003e-09  3.35013463e-09  1.55582295e-07  1.12756737e-08  9.00000000e-01 
 9.10000000e-01  3.28034538e-09  3.53243886e-09  3.40145545e-09  4.56985169e-01  3.31112096e-09  3.45893004e-09  3.35013463e-09  1.55582340e-07  1.12755885e-08  9.10000000e-01 
 9.20000000e-01  3.28034533e-09  3.53243891e-09  3.40145539e-09  4.56985159e-01  3.31112096e-09  3.45893004e-09  3.35013469e-09  1.55582310e-07  1.12756311e-08  9.20000000e-01 
 9.30000000e-01  3.28034533e-09  3.53243884e-09  3.40145545e-09  4.56985162e-01  3.31112096e-09  3.45893004e-09  3.35013463e-09  1.55582333e-07  1.12755387e-08  9.30000000e-01 
 9.40000000e-01  3.28034533e-09  3.53243886e-09  3.40145545e-09  4.56985176e-01  3.31112097e-09  3.45893004e-09  3.35013464e-09  1.55582339e-07  1.12754392e-08  9.40000000e-01 
 9.50000000e-01  3.28034539e-09  3.53243886e-09  3.40145539e-09  4.56985173e-01  3.31112102e-09  3.45893004e-09  3.35013469e-09  1.55582327e-07  1.12753256e-08  9.50000000e-01 
 9.60000000e-01  3.28034538e-09  3.53243891e-09  3.40145539e-09  4.56985167e-01  3.31112096e-09  3.45893004e-09  3.35013469e-09  1.55582338e-07  1.12754535e-08  9.60000000e-01 
 9.70000000e-01  3.28034533e-09  3.53243890e-09  3.40145545e-09  4.56985162e-01  3.31112096e-09  3.45893009e-09  3.35013469e-09  1.55582321e-07  1.12753327e-08  9.70000000e-01 
 9.80000000e-01  3.28034533e-09  3.53243886e-09  3.40145539e-09  4.56985142e-01  3.31112102e-09  3.45893009e-09  3.35013469e-09  1.55582296e-07  1.12753966e-08  9.80000000e-01 
 9.90000000e-01  3.28034533e-09  3.53243885e-09  3.40145545e-09  4.56985148e-01  3.31112102e-09  3.45893003e-09  3.35013469e-09  1.55582303e-07  1.12751408e-08  9.90000000e-01 
 1.00000000e+00  3.28034533e-09  3.53243891e-09  3.40145545e-09  4.56985142e-01  3.31112102e-09  3.45893003e-09  3.35013469e-09  1.55582302e-07  1.12752403e-08  1.00000000e+00 
 1.01000000e+00  3.28034538e-09  3.53243884e-09  3.40145545e-09  4.56985168e-01  3.31112096e-09  3.45893009e-09  3.35013469e-09  1.55582341e-07  1.12752261e-08  1.01000000e+00 
 1.02000000e+00  3.28034533e-09  3.53243886e-09  3.40145545e-09  4.56985155e-01  3.31112096e-09  3.45893004e-09  3.35013463e-09  1.55582300e-07  1.12751550e-08  1.02000000e+00 
 1.03000000e+00  3.28034533e-09  3.53243886e-09  3.40145545e-09  4.56985165e-01  3.31112096e-09  3.45893004e-09  3.35013463e-09  1.55582320e-07  1.12750627e-08  1.03000000e+00 
 1.04000000e+00  3.28034538e-09  3.53243885e-09  3.40145545e-09  4.56985151e-01  3.31112096e-09  3.45893009e-09  3.35013463e-09  1.55582307e-07  1.12748850e-08  1.04000000e+00 
 1.05000000e+00  3.28034533e-09  3.53243886e-09  3.40145545e-09  4.56985174e-01  3.31112097e-09  3.45893004e-09  3.35013463e-09  1.55582333e-07  1.12749348e-08  1.05000000e+00 
 1.06000000e+00  3.28034533e-09  3.53243891e-09  3.40145545e-09  4.56985153e-01  3.31112102e-09  3.45893004e-09  3.35013469e-09  1.55582307e-07  1.12748282e-08  1.06000000e+00 
 1.07000000e+00  3.28034538e-09  3.53243890e-09  3.40145545e-09  4.56985163e-01  3.31112102e-09  3.45893004e-09  3.35013469e-09  1.55582333e-07  1.12748140e-08  1.07000000e+00 
 1.08000000e+00  3.28034533e-09  3.53243886e-09  3.40145539e-09  4.56985185e-01  3.31112097e-09  3.45893004e-09  3.35013469e-09  1.55582353e-07  1.12747216e-08  1.08000000e+00 
 1.09000000e+00  3.28034539e-09  3.53243886e-09  3.40145545e-09  4.56985176e-01  3.31112102e-09  3.45893004e-09  3.35013469e-09  1.55582340e-07  1.12747571e-08  1.09000000e+00 
 1.10000000e+00  3.28034538e-09  3.53243885e-09  3.40145539e-09  4.56985157e-01  3.31112096e-09  3.45893009e-09  3.35013469e-09  1.55582321e-07  1.12747927e-08  1.10000000e+00 
 1.11000000e+00  3.28034533e-09  3.53243885e-09  3.40145539e-09  4.56985154e-01  3.31112102e-09  3.45893009e-09  3.35013469e-09  1.55582312e-07  1.12745155e-08  1.11000000e+00 
 1.12000000e+00  3.28034533e-09  3.53243885e-09  3.40145545e-09  4.56985155e-01  3.31112096e-09  3.45893009e-09  3.35013469e-09  1.55582314e-07  1.12743948e-08  1.12000000e+00 
 1.13000000e+00  3.28034533e-09  3.53243886e-09  3.40145545e-09  4.56985164e-01  3.31112102e-09  3.45893004e-09  3.35013469e-09  1.55582325e-07  1.12745369e-08  1.13000000e+00 
 1.14000000e+00  3.28034533e-09  3.53243891e-09  3.40145545e-09  4.56985161e-01  3.31112096e-09  3.45893009e-09  3.35013469e-09  1.55582332e-07  1.12744658e-08  1.14000000e+00 
 1.15000000e+00  3.28034538e-09  3.53243884e-09  3.40145539e-09  4.56985167e-01  3.31112102e-09  3.45893009e-09  3.35013463e-09  1.55582323e-07  1.12742811e-08  1.15000000e+00 
 1.16000000e+00  3.28034533e-09  3.53243892e-09  3.40145539e-09  4.56985189e-01  3.31112102e-09  3.45893004e-09  3.35013464e-09  1.55582381e-07  1.12743521e-08  1.16000000e+00 
 1.17000000e+00  3.28034533e-09  3.53243890e-09  3.40145539e-09  4.56985160e-01  3.31112096e-09  3.45893009e-09  3.35013463e-09  1.55582315e-07  1.12743379e-08  1.17000000e+00 
 1.18000000e+00  3.28034538e-09  3.53243886e-09  3.40145545e-09  4.56985152e-01  3.31112096e-09  3.45893009e-09  3.35013469e-09  1.55582314e-07  1.12741816e-08  1.18000000e+00 
 1.19000000e+00  3.28034533e-09  3.53243886e-09  3.40145539e-09  4.56985172e-01  3.31112102e-09  3.45893004e-09  3.35013463e-09  1.55582344e-07  1.12741390e-08  1.19000000e+00 
 1.20000000e+00  3.28034538e-09  3.53243885e-09  3.40145545e-09  4.56985157e-01  3.31112102e-09  3.45893009e-09  3.35013463e-09  1.55582318e-07  1.12740111e-08  1.20000000e+00 
 1.21000000e+00  3.28034533e-09  3.53243891e-09  3.40145545e-09  4.56985167e-01  3.31112096e-09  3.45893004e-09  3.35013463e-09  1.55582327e-07  1.12740111e-08  1.21000000e+00 
 1.22000000e+00  3.28034538e-09  3.53243890e-09  3.40145545e-09  4.56985145e-01  3.31112102e-09  3.45893009e-09  3.35013463e-09  1.55582302e-07  1.12739684e-08  1.22000000e+00 
 1.23000000e+00  3.28034539e-09  3.53243886e-09  3.40145545e-09  4.56985185e-01  3.31112102e-09  3.45893004e-09  3.35013469e-09  1.55582368e-07  1.12738689e-08  1.23000000e+00 
 1.24000000e+00  3.28034533e-09  3.53243891e-09  3.40145539e-09  4.56985172e-01  3.31112102e-09  3.45893004e-09  3.35013469e-09  1.55582339e-07  1.12738547e-08  1.24000000e+00 
 1.25000000e+00  3.28034533e-09  3.53243890e-09  3.40145539e-09  4.56985157e-01  3.31112096e-09  3.45893009e-09  3.35013469e-09  1.55582319e-07  1.12738689e-08  1.25000000e+00 
 1.26000000e+00  3.28034533e-09  3.53243886e-09  3.40145545e-09  4.56985166e-01  3.31112096e-09  3.45893009e-09  3.35013463e-09  1.55582342e-07  1.12737411e-08  1.26000000e+00 
 1.27000000e+00  3.28034533e-09  3.53243891e-09  3.40145545e-09  4.56985152e-01  3.31112102e-09  3.45893003e-09  3.35013463e-09  1.55582302e-07  1.12736132e-08  1.27000000e+00 
 1.28000000e+00  3.28034539e-09  3.53243884e-09  3.40145545e-09  4.56985172e-01  3.31112102e-09  3.45893004e-09  3.35013469e-09  1.55582346e-07  1.12735847e-08  1.28000000e+00 
 1.29000000e+00  3.28034539e-09  3.53243892e-09  3.40145545e-09  4.56985176e-01  3.31112102e-09  3.45893004e-09  3.35013464e-09  1.55582333e-07  1.12735421e-08  1.29000000e+00 
 1.30000000e+00  3.28034538e-09  3.53243890e-09  3.40145539e-09  4.56985170e-01  3.31112102e-09  3.45893004e-09  3.35013463e-09  1.55582332e-07  1.12736984e-08  1.30000000e+00 
 1.31000000e+00  3.28034533e-09  3.53243885e-09  3.40145545e-09  4.56985178e-01  3.31112102e-09  3.45893004e-09  3.35013469e-09  1.55582352e-07  1.12736274e-08  1.31000000e+00 
 1.32000000e+00  3.28034533e-09  3.53243886e-09  3.40145539e-09  4.56985154e-01  3.31112096e-09  3.45893004e-09  3.35013463e-09  1.55582308e-07  1.12734426e-08  1.32000000e+00 
 1.33000000e+00  3.28034533e-09  3.53243886e-09  3.40145539e-09  4.56985166e-01  3.31112096e-09  3.45893009e-09  3.35013469e-09  1.55582328e-07  1.12733858e-08  1.33000000e+00 
 1.34000000e+00  3.28034539e-09  3.53243886e-09  3.40145539e-09  4.56985184e-01  3.31112102e-09  3.45893009e-09  3.35013469e-09  1.55582338e-07  1.12732295e-08  1.34000000e+00 
 1.35000000e+00  3.28034533e-09  3.53243885e-09  3.40145545e-09  4.56985147e-01  3.31112096e-09  3.45893003e-09  3.35013469e-09  1.55582291e-07  1.12731442e-08  1.35000000e+00 
 1.36000000e+00  3.28034538e-09  3.53243891e-09  3.40145545e-09  4.56985151e-01  3.31112102e-09  3.45893003e-09  3.35013469e-09  1.55582315e-07  1.12730874e-08  1.36000000e+00 
 1.37000000e+00  3.28034533e-09  3.53243884e-09  3.40145539e-09  4.56985141e-01  3.31112102e-09  3.45893009e-09  3.35013469e-09  1.55582297e-07  1.12731442e-08  1.37000000e+00 
 1.38000000e+00  3.28034538e-09  3.53243892e-09  3.40145539e-09  4.56985159e-01  3.31112102e-09  3.45893009e-09  3.35013469e-09  1.55582314e-07  1.12732153e-08  1.38000000e+00 
 1.39000000e+00  3.28034533e-09  3.53243890e-09  3.40145545e-09  4.56985164e-01  3.31112102e-09  3.45893009e-09  3.35013469e-09  1.55582318e-07  1.12730305e-08  1.39000000e+00 
 1.40000000e+00  3.28034533e-09  3.53243886e-09  3.40145539e-09  4.56985172e-01  3.31112097e-09  3.45893009e-09  3.35013463e-09  1.55582330e-07  1.12727889e-08  1.40000000e+00 
 1.41000000e+00  3.28034533e-09  3.53243891e-09  3.40145545e-09  4.56985169e-01  3.31112102e-09  3.45893009e-09  3.35013469e-09  1.55582332e-07  1.12728031e-08  1.41000000e+00 
 1.42000000e+00  3.28034538e-09  3.53243890e-09  3.40145545e-09  4.56985160e-01  3.31112102e-09  3.45893004e-09  3.35013469e-09  1.55582313e-07  1.12728173e-08  1.42000000e+00 
 1.43000000e+00  3.28034533e-09  3.53243886e-09  3.40145539e-09  4.56985167e-01  3.31112096e-09  3.45893009e-09  3.35013463e-09  1.55582339e-07  1.12727463e-08  1.43000000e+00 
 1.44000000e+00  3.28034538e-09  3.53243885e-09  3.40145539e-09  4.56985159e-01  3.31112096e-09  3.45893009e-09  3.35013469e-09  1.55582315e-07  1.12727179e-08  1.44000000e+00 
 1.45000000e+00  3.28034533e-09  3.53243885e-09  3.40145539e-09  4.56985152e-01  3.31112096e-09  3.45893003e-09  3.35013463e-09  1.55582320e-07  1.12725616e-08  1.45000000e+00 
 1.46000000e+00  3.28034533e-09  3.53243891e-09  3.40145539e-09  4.56985147e-01  3.31112102e-09  3.45893003e-09  3.35013469e-09  1.55582301e-07  1.12725331e-08  1.46000000e+00 
 1.47000000e+00  3.28034538e-09  3.53243884e-09  3.40145539e-09  4.56985156e-01  3.31112096e-09  3.45893009e-09  3.35013469e-09  1.55582317e-07  1.12725189e-08  1.47000000e+00 
 1.48000000e+00  3.28034538e-09  3.53243886e-09  3.40145539e-09  4.56985164e-01  3.31112102e-09  3.45893009e-09  3.35013469e-09  1.55582333e-07  1.12724052e-08  1.48000000e+00 
 1.49000000e+00  3.28034533e-09  3.53243885e-09  3.40145539e-09  4.56985159e-01  3.31112102e-09  3.45893009e-09  3.35013469e-09  1.55582302e-07  1.12722631e-08  1.49000000e+00 
 1.50000000e+00  3.28034539e-09  3.53243891e-09  3.40145545e-09  4.56985182e-01  3.31112097e-09  3.45893009e-09  3.35013469e-09  1.55582351e-07  1.12722205e-08  1.50000000e+00 
 1.51000000e+00  3.28034538e-09  3.53243890e-09  3.40145545e-09  4.56985157e-01  3.31112102e-09  3.45893009e-09  3.35013463e-09  1.55582311e-07  1.12720784e-08  1.51000000e+00 
 1.52000000e+00  3.28034533e-09  3.53243886e-09  3.40145539e-09  4.56985176e-01  3.31112097e-09  3.45893004e-09  3.35013469e-09  1.55582346e-07  1.12720357e-08  1.52000000e+00 
 1.53000000e+00  3.28034533e-09  3.53243885e-09  3.40145545e-09  4.56985149e-01  3.31112102e-09  3.45893003e-09  3.35013463e-09  1.55582299e-07  1.12718936e-08  1.53000000e+00 
 1.54000000e+00  3.28034538e-09  3.53243885e-09  3.40145545e-09  4.56985141e-01  3.31112096e-09  3.45893009e-09  3.35013469e-09  1.55582288e-07  1.12717800e-08  1.54000000e+00 
 1.55000000e+00  3.28034533e-09  3.53243891e-09  3.40145539e-09  4.56985145e-01  3.31112102e-09  3.45893003e-09  3.35013463e-09  1.55582288e-07  1.12717089e-08  1.55000000e+00 
 1.56000000e+00  3.28034533e-09  3.53243884e-09  3.40145539e-09  4.56985168e-01  3.31112102e-09  3.45893009e-09  3.35013463e-09  1.55582335e-07  1.12714957e-08  1.56000000e+00 
 1.57000000e+00  3.28034533e-09  3.53243886e-09  3.40145539e-09  4.56985170e-01  3.31112102e-09  3.45893009e-09  3.35013469e-09  1.55582331e-07  1.12715384e-08  1.57000000e+00 
 1.58000000e+00  3.28034533e-09  3.53243891e-09  3.40145539e-09  4.56985171e-01  3.31112102e-09  3.45893004e-09  3.35013469e-09  1.55582342e-07  1.12712257e-08  1.58000000e+00 
 1.59000000e+00  3.28034533e-09  3.53243890e-09  3.40145545e-09  4.56985160e-01  3.31112096e-09  3.45893009e-09  3.35013469e-09  1.55582315e-07  1.12709557e-08  1.59000000e+00 
 1.60000000e+00  3.28034533e-09  3.53243886e-09  3.40145545e-09  4.56985172e-01  3.31112097e-09  3.45893004e-09  3.35013469e-09  1.55582337e-07  1.12708136e-08  1.60000000e+00 
 1.61000000e+00  3.28034538e-09  3.53243891e-09  3.40145545e-09  4.56985164e-01  3.31112096e-09  3.45893004e-09  3.35013469e-09  1.55582314e-07  1.12704868e-08  1.61000000e+00 
 1.62000000e+00  3.28034538e-09  3.53243884e-09  3.40145539e-09  4.56985150e-01  3.31112096e-09  3.45893009e-09  3.35013463e-09  1.55582318e-07  1.12699752e-08  1.62000000e+00 
 1.63000000e+00  3.28034538e-09  3.53243886e-09  3.40145539e-09  4.56985149e-01  3.31112096e-09  3.45893003e-09  3.35013469e-09  1.55582313e-07  1.12694494e-08  1.63000000e+00 
 1.64000000e+00  3.28034533e-09  3.53243886e-09  3.40145545e-09  4.56985183e-01  3.31112102e-09  3.45893004e-09  3.35013469e-09  1.55582356e-07  1.12686536e-08  1.64000000e+00 
 1.65000000e+00  3.28034533e-09  3.53243891e-09  3.40145545e-09  4.56985173e-01  3.31112097e-09  3.45893004e-09  3.35013469e-09  1.55582339e-07  1.12675735e-08  1.65000000e+00 
 1.66000000e+00  3.28034539e-09  3.53243884e-09  3.40145545e-09  4.56985172e-01  3.31112097e-09  3.45893009e-09  3.35013463e-09  1.55582336e-07  1.12654419e-08  1.66000000e+00 
 1.67000000e+00  3.28034533e-09  3.53243886e-09  3.40145539e-09  4.56985166e-01  3.31112102e-09  3.45893009e-09  3.35013469e-09  1.55582329e-07  1.12620455e-08  1.67000000e+00 
 1.68000000e+00  3.28034533e-09  3.53243891e-09  3.40145539e-09  4.56985163e-01  3.31112096e-09  3.45893004e-09  3.35013463e-09  1.55582329e-07  1.12560485e-08  1.68000000e+00 
 1.69000000e+00  3.28034539e-09  3.53243890e-09  3.40145545e-09  4.56985183e-01  3.31112102e-09  3.45893009e-09  3.35013469e-09  1.55582351e-07  1.12453904e-08  1.69000000e+00 
 1.70000000e+00  3.28034538e-09  3.53243891e-09  3.40145545e-09  4.56985156e-01  3.31112102e-09  3.45893004e-09  3.35013463e-09  1.55582290e-07  1.12259642e-08  1.70000000e+00 
 1.71000000e+00  3.28034533e-09  3.53243885e-09  3.40145545e-09  4.56985171e-01  3.31112097e-09  3.45893004e-09  3.35013469e-09  1.55582338e-07  1.11900818e-08  1.71000000e+00 
 1.72000000e+00  3.28034533e-09  3.53243885e-09  3.40145545e-09  4.56985169e-01  3.31112102e-09  3.45893009e-09  3.35013469e-09  1.55582333e-07  1.10473763e-08  1.72000000e+00 
 1.73000000e+00  3.28034533e-09  3.53243891e-09  3.40145539e-09  4.56985150e-01  3.31112102e-09  3.45893009e-09  3.35013469e-09  1.55582290e-07  9.82701920e-09  1.73000000e+00 
 1.74000000e+00  3.28034533e-09  3.53243891e-09  3.40145545e-09  4.56985170e-01  3.31112097e-09  3.45893009e-09  3.35013463e-09  1.55582331e-07  8.15487056e-09  1.74000000e+00 
 1.75000000e+00  3.28034533e-09  3.53243885e-09  3.40145545e-09  4.56985164e-01  3.31112096e-09  3.45893009e-09  3.35013463e-09  1.55582319e-07  5.53487212e-09  1.75000000e+00 
 1.76000000e+00  3.28034538e-09  3.53243886e-09  3.40145539e-09  4.56985162e-01  3.31112102e-09  3.45893004e-09  3.35013463e-09  1.55582312e-07  3.37284689e-09  1.76000000e+00 
 1.77000000e+00  3.28034538e-09  3.53243891e-09  3.40145539e-09  4.56985161e-01  3.31112102e-09  3.45893009e-09  3.35013463e-09  1.55582327e-07  1.57140789e-09  1.77000000e+00 
 1.78000000e+00  3.28034538e-09  3.53243890e-09  3.40145539e-09  4.56985160e-01  3.31112096e-09  3.45893004e-09  3.35013463e-09  1.55582323e-07  7.11111170e-11  1.78000000e+00 
 1.79000000e+00  3.28034538e-09  3.53243886e-09  3.40145545e-09  4.56985159e-01  3.31112102e-09  3.45893009e-09  3.35013463e-09  1.55582322e-07 -1.14803811e-09  1.79000000e+00 
 1.80000000e+00  3.28034533e-09  3.53243891e-09  3.40145545e-09  4.56985173e-01  3.31112102e-09  3.45893004e-09  3.35013469e-09  1.55582353e-07 -2.08632400e-09  1.80000000e+00 
