 v-sweep         v(b0)           v(b1)           v(b2)           v(b3)           v(b4)           v(b5)           v(b6)           i(vbias)        i(viout)        v(vout)        
 0.00000000e+00  3.34761626e-09  3.29697613e-09  4.55336791e-01  4.55336791e-01  3.37043763e-09  3.10858291e-09  4.55336791e-01  1.52772931e-07  9.97292382e-08  0.00000000e+00 
 1.00000000e-02  3.34761630e-09  3.29697611e-09  4.55336812e-01  4.55336813e-01  3.37043760e-09  3.10858289e-09  4.55336812e-01  1.52772980e-07  9.97287973e-08  1.00000000e-02 
 2.00000000e-02  3.34761630e-09  3.29697611e-09  4.55336818e-01  4.55336818e-01  3.37043760e-09  3.10858289e-09  4.55336818e-01  1.52772978e-07  9.97284384e-08  2.00000000e-02 
 3.00000000e-02  3.34761630e-09  3.29697611e-09  4.55336792e-01  4.55336792e-01  3.37043754e-09  3.10858289e-09  4.55336792e-01  1.52772945e-07  9.97279375e-08  3.00000000e-02 
 4.00000000e-02  3.34761630e-09  3.29697606e-09  4.55336810e-01  4.55336810e-01  3.37043762e-09  3.10858289e-09  4.55336810e-01  1.52772974e-07  9.97276417e-08  4.00000000e-02 
 5.00000000e-02  3.34761630e-09  3.29697613e-09  4.55336806e-01  4.55336806e-01  3.37043760e-09  3.10858289e-09  4.55336806e-01  1.52772950e-07  9.97273153e-08  5.00000000e-02 
 6.00000000e-02  3.34761630e-09  3.29697611e-09  4.55336784e-01  4.55336784e-01  3.37043760e-09  3.10858289e-09  4.55336784e-01  1.52772919e-07  9.97269707e-08  6.00000000e-02 
 7.00000000e-02  3.34761630e-09  3.29697611e-09  4.55336830e-01  4.55336831e-01  3.37043760e-09  3.10858289e-09  4.55336831e-01  1.52772993e-07  9.97266163e-08  7.00000000e-02 
 8.00000000e-02  3.34761630e-09  3.29697611e-09  4.55336789e-01  4.55336789e-01  3.37043754e-09  3.10858289e-09  4.55336789e-01  1.52772929e-07  9.97262655e-08  8.00000000e-02 
 9.00000000e-02  3.34761630e-09  3.29697611e-09  4.55336788e-01  4.55336789e-01  3.37043761e-09  3.10858289e-09  4.55336789e-01  1.52772931e-07  9.97260559e-08  9.00000000e-02 
 1.00000000e-01  3.34761630e-09  3.29697611e-09  4.55336798e-01  4.55336798e-01  3.37043760e-09  3.10858289e-09  4.55336798e-01  1.52772951e-07  9.97258240e-08  1.00000000e-01 
 1.10000000e-01  3.34761624e-09  3.29697611e-09  4.55336818e-01  4.55336818e-01  3.37043760e-09  3.10858289e-09  4.55336818e-01  1.52772978e-07  9.97256180e-08  1.10000000e-01 
 1.20000000e-01  3.34761630e-09  3.29697605e-09  4.55336767e-01  4.55336767e-01  3.37043760e-09  3.10858294e-09  4.55336767e-01  1.52772913e-07  9.97251508e-08  1.20000000e-01 
 1.30000000e-01  3.34761630e-09  3.29697613e-09  4.55336795e-01  4.55336795e-01  3.37043760e-09  3.10858288e-09  4.55336795e-01  1.52772940e-07  9.97251020e-08  1.30000000e-01 
 1.40000000e-01  3.34761630e-09  3.29697611e-09  4.55336791e-01  4.55336791e-01  3.37043760e-09  3.10858289e-09  4.55336791e-01  1.52772944e-07  9.97247094e-08  1.40000000e-01 
 1.50000000e-01  3.34761624e-09  3.29697611e-09  4.55336803e-01  4.55336803e-01  3.37043760e-09  3.10858294e-09  4.55336803e-01  1.52772956e-07  9.97245948e-08  1.50000000e-01 
 1.60000000e-01  3.34761630e-09  3.29697611e-09  4.55336809e-01  4.55336809e-01  3.37043760e-09  3.10858288e-09  4.55336809e-01  1.52772964e-07  9.97243639e-08  1.60000000e-01 
 1.70000000e-01  3.34761630e-09  3.29697611e-09  4.55336818e-01  4.55336818e-01  3.37043760e-09  3.10858289e-09  4.55336818e-01  1.52772983e-07  9.97242839e-08  1.70000000e-01 
 1.80000000e-01  3.34761630e-09  3.29697611e-09  4.55336797e-01  4.55336797e-01  3.37043760e-09  3.10858289e-09  4.55336797e-01  1.52772942e-07  9.97238914e-08  1.80000000e-01 
 1.90000000e-01  3.34761630e-09  3.29697611e-09  4.55336814e-01  4.55336814e-01  3.37043760e-09  3.10858289e-09  4.55336814e-01  1.52772988e-07  9.97238150e-08  1.90000000e-01 
 2.00000000e-01  3.34761624e-09  3.29697611e-09  4.55336810e-01  4.55336810e-01  3.37043760e-09  3.10858295e-09  4.55336810e-01  1.52772953e-07  9.97236604e-08  2.00000000e-01 
 2.10000000e-01  3.34761630e-09  3.29697611e-09  4.55336804e-01  4.55336804e-01  3.37043755e-09  3.10858288e-09  4.55336804e-01  1.52772955e-07  9.97235006e-08  2.10000000e-01 
 2.20000000e-01  3.34761630e-09  3.29697611e-09  4.55336815e-01  4.55336815e-01  3.37043762e-09  3.10858289e-09  4.55336815e-01  1.52772980e-07  9.97233247e-08  2.20000000e-01 
 2.30000000e-01  3.34761630e-09  3.29697611e-09  4.55336829e-01  4.55336829e-01  3.37043760e-09  3.10858289e-09  4.55336829e-01  1.52772990e-07  9.97231826e-08  2.30000000e-01 
 2.40000000e-01  3.34761630e-09  3.29697611e-09  4.55336805e-01  4.55336805e-01  3.37043760e-09  3.10858289e-09  4.55336805e-01  1.52772979e-07  9.97230334e-08  2.40000000e-01 
 2.50000000e-01  3.34761630e-09  3.29697611e-09  4.55336802e-01  4.55336802e-01  3.37043760e-09  3.10858289e-09  4.55336802e-01  1.52772960e-07  9.97228788e-08  2.50000000e-01 
 2.60000000e-01  3.34761624e-09  3.29697611e-09  4.55336822e-01  4.55336822e-01  3.37043760e-09  3.10858289e-09  4.55336822e-01  1.52772982e-07  9.97227154e-08  2.60000000e-01 
 2.70000000e-01  3.34761630e-09  3.29697611e-09  4.55336789e-01  4.55336789e-01  3.37043760e-09  3.10858289e-09  4.55336789e-01  1.52772941e-07  9.97225165e-08  2.70000000e-01 
 2.80000000e-01  3.34761624e-09  3.29697611e-09  4.55336809e-01  4.55336809e-01  3.37043760e-09  3.10858289e-09  4.55336809e-01  1.52772961e-07  9.97223495e-08  2.80000000e-01 
 2.90000000e-01  3.34761630e-09  3.29697611e-09  4.55336798e-01  4.55336798e-01  3.37043760e-09  3.10858289e-09  4.55336798e-01  1.52772958e-07  9.97222926e-08  2.90000000e-01 
 3.00000000e-01  3.34761630e-09  3.29697611e-09  4.55336815e-01  4.55336815e-01  3.37043760e-09  3.10858289e-09  4.55336815e-01  1.52772975e-07  9.97222180e-08  3.00000000e-01 
 3.10000000e-01  3.34761630e-09  3.29697611e-09  4.55336803e-01  4.55336803e-01  3.37043760e-09  3.10858289e-09  4.55336803e-01  1.52772951e-07  9.97221470e-08  3.10000000e-01 
 3.20000000e-01  3.34761630e-09  3.29697611e-09  4.55336804e-01  4.55336804e-01  3.37043760e-09  3.10858289e-09  4.55336804e-01  1.52772953e-07  9.97219942e-08  3.20000000e-01 
 3.30000000e-01  3.34761630e-09  3.29697611e-09  4.55336792e-01  4.55336792e-01  3.37043760e-09  3.10858289e-09  4.55336792e-01  1.52772926e-07  9.97218343e-08  3.30000000e-01 
 3.40000000e-01  3.34761630e-09  3.29697611e-09  4.55336811e-01  4.55336811e-01  3.37043760e-09  3.10858289e-09  4.55336811e-01  1.52772976e-07  9.97216603e-08  3.40000000e-01 
 3.50000000e-01  3.34761630e-09  3.29697611e-09  4.55336814e-01  4.55336814e-01  3.37043760e-09  3.10858289e-09  4.55336814e-01  1.52772978e-07  9.97216816e-08  3.50000000e-01 
 3.60000000e-01  3.34761630e-09  3.29697611e-09  4.55336809e-01  4.55336809e-01  3.37043760e-09  3.10858289e-09  4.55336809e-01  1.52772963e-07  9.97215253e-08  3.60000000e-01 
 3.70000000e-01  3.34761630e-09  3.29697611e-09  4.55336817e-01  4.55336817e-01  3.37043760e-09  3.10858295e-09  4.55336817e-01  1.52772972e-07  9.97214649e-08  3.70000000e-01 
 3.80000000e-01  3.34761630e-09  3.29697611e-09  4.55336804e-01  4.55336804e-01  3.37043760e-09  3.10858293e-09  4.55336804e-01  1.52772943e-07  9.97213654e-08  3.80000000e-01 
 3.90000000e-01  3.34761630e-09  3.29697611e-09  4.55336796e-01  4.55336796e-01  3.37043760e-09  3.10858288e-09  4.55336796e-01  1.52772947e-07  9.97210954e-08  3.90000000e-01 
 4.00000000e-01  3.34761630e-09  3.29697611e-09  4.55336804e-01  4.55336804e-01  3.37043760e-09  3.10858289e-09  4.55336804e-01  1.52772957e-07  9.97211771e-08  4.00000000e-01 
 4.10000000e-01  3.34761630e-09  3.29697611e-09  4.55336794e-01  4.55336794e-01  3.37043755e-09  3.10858289e-09  4.55336794e-01  1.52772932e-07  9.97210918e-08  4.10000000e-01 
 4.20000000e-01  3.34761630e-09  3.29697611e-09  4.55336808e-01  4.55336808e-01  3.37043756e-09  3.10858289e-09  4.55336808e-01  1.52772961e-07  9.97209142e-08  4.20000000e-01 
 4.30000000e-01  3.34761624e-09  3.29697611e-09  4.55336813e-01  4.55336813e-01  3.37043760e-09  3.10858289e-09  4.55336813e-01  1.52772963e-07  9.97209639e-08  4.30000000e-01 
 4.40000000e-01  3.34761630e-09  3.29697611e-09  4.55336783e-01  4.55336783e-01  3.37043760e-09  3.10858289e-09  4.55336783e-01  1.52772927e-07  9.97208005e-08  4.40000000e-01 
 4.50000000e-01  3.34761630e-09  3.29697611e-09  4.55336801e-01  4.55336801e-01  3.37043760e-09  3.10858289e-09  4.55336801e-01  1.52772957e-07  9.97207650e-08  4.50000000e-01 
 4.60000000e-01  3.34761630e-09  3.29697611e-09  4.55336813e-01  4.55336813e-01  3.37043755e-09  3.10858295e-09  4.55336813e-01  1.52772958e-07  9.97206513e-08  4.60000000e-01 
 4.70000000e-01  3.34761624e-09  3.29697611e-09  4.55336802e-01  4.55336802e-01  3.37043761e-09  3.10858288e-09  4.55336802e-01  1.52772945e-07  9.97204843e-08  4.70000000e-01 
 4.80000000e-01  3.34761630e-09  3.29697611e-09  4.55336826e-01  4.55336826e-01  3.37043760e-09  3.10858289e-09  4.55336826e-01  1.52772993e-07  9.97204950e-08  4.80000000e-01 
 4.90000000e-01  3.34761624e-09  3.29697611e-09  4.55336788e-01  4.55336788e-01  3.37043760e-09  3.10858289e-09  4.55336788e-01  1.52772946e-07  9.97204204e-08  4.90000000e-01 
 5.00000000e-01  3.34761630e-09  3.29697611e-09  4.55336787e-01  4.55336787e-01  3.37043760e-09  3.10858289e-09  4.55336787e-01  1.52772934e-07  9.97202463e-08  5.00000000e-01 
 5.10000000e-01  3.34761624e-09  3.29697606e-09  4.55336809e-01  4.55336809e-01  3.37043760e-09  3.10858289e-09  4.55336809e-01  1.52772971e-07  9.97202498e-08  5.10000000e-01 
 5.20000000e-01  3.34761630e-09  3.29697607e-09  4.55336803e-01  4.55336803e-01  3.37043760e-09  3.10858289e-09  4.55336803e-01  1.52772940e-07  9.97202321e-08  5.20000000e-01 
 5.30000000e-01  3.34761624e-09  3.29697612e-09  4.55336819e-01  4.55336819e-01  3.37043760e-09  3.10858289e-09  4.55336819e-01  1.52772984e-07  9.97201504e-08  5.30000000e-01 
 5.40000000e-01  3.34761630e-09  3.29697616e-09  4.55336801e-01  4.55336801e-01  3.37043760e-09  3.10858289e-09  4.55336801e-01  1.52772955e-07  9.97200864e-08  5.40000000e-01 
 5.50000000e-01  3.34761630e-09  3.29697611e-09  4.55336811e-01  4.55336811e-01  3.37043760e-09  3.10858289e-09  4.55336811e-01  1.52772964e-07  9.97198626e-08  5.50000000e-01 
 5.60000000e-01  3.34761630e-09  3.29697611e-09  4.55336825e-01  4.55336825e-01  3.37043755e-09  3.10858289e-09  4.55336825e-01  1.52772986e-07  9.97198875e-08  5.60000000e-01 
 5.70000000e-01  3.34761630e-09  3.29697611e-09  4.55336798e-01  4.55336798e-01  3.37043761e-09  3.10858289e-09  4.55336798e-01  1.52772954e-07  9.97198022e-08  5.70000000e-01 
 5.80000000e-01  3.34761630e-09  3.29697611e-09  4.55336798e-01  4.55336798e-01  3.37043760e-09  3.10858289e-09  4.55336798e-01  1.52772952e-07  9.97195642e-08  5.80000000e-01 
 5.90000000e-01  3.34761624e-09  3.29697611e-09  4.55336817e-01  4.55336817e-01  3.37043760e-09  3.10858295e-09  4.55336817e-01  1.52772968e-07  9.97197134e-08  5.90000000e-01 
 6.00000000e-01  3.34761630e-09  3.29697611e-09  4.55336810e-01  4.55336810e-01  3.37043760e-09  3.10858288e-09  4.55336810e-01  1.52772966e-07  9.97196565e-08  6.00000000e-01 
 6.10000000e-01  3.34761630e-09  3.29697611e-09  4.55336816e-01  4.55336816e-01  3.37043755e-09  3.10858295e-09  4.55336816e-01  1.52772980e-07  9.97194718e-08  6.10000000e-01 
 6.20000000e-01  3.34761630e-09  3.29697611e-09  4.55336806e-01  4.55336806e-01  3.37043762e-09  3.10858288e-09  4.55336806e-01  1.52772962e-07  9.97194221e-08  6.20000000e-01 
 6.30000000e-01  3.34761630e-09  3.29697611e-09  4.55336816e-01  4.55336816e-01  3.37043760e-09  3.10858289e-09  4.55336816e-01  1.52772974e-07  9.97194505e-08  6.30000000e-01 
 6.40000000e-01  3.34761624e-09  3.29697611e-09  4.55336789e-01  4.55336789e-01  3.37043754e-09  3.10858289e-09  4.55336789e-01  1.52772917e-07  9.97192586e-08  6.40000000e-01 
 6.50000000e-01  3.34761630e-09  3.29697611e-09  4.55336808e-01  4.55336808e-01  3.37043756e-09  3.10858289e-09  4.55336808e-01  1.52772948e-07  9.97191805e-08  6.50000000e-01 
 6.60000000e-01  3.34761624e-09  3.29697611e-09  4.55336810e-01  4.55336810e-01  3.37043760e-09  3.10858295e-09  4.55336810e-01  1.52772959e-07  9.97191165e-08  6.60000000e-01 
 6.70000000e-01  3.34761630e-09  3.29697611e-09  4.55336776e-01  4.55336776e-01  3.37043760e-09  3.10858293e-09  4.55336776e-01  1.52772913e-07  9.97189744e-08  6.70000000e-01 
 6.80000000e-01  3.34761630e-09  3.29697611e-09  4.55336783e-01  4.55336783e-01  3.37043760e-09  3.10858288e-09  4.55336783e-01  1.52772926e-07  9.97189247e-08  6.80000000e-01 
 6.90000000e-01  3.34761624e-09  3.29697611e-09  4.55336819e-01  4.55336819e-01  3.37043760e-09  3.10858289e-09  4.55336819e-01  1.52772980e-07  9.97188323e-08  6.90000000e-01 
 7.00000000e-01  3.34761630e-09  3.29697611e-09  4.55336807e-01  4.55336807e-01  3.37043760e-09  3.10858289e-09  4.55336807e-01  1.52772962e-07  9.97187755e-08  7.00000000e-01 
 7.10000000e-01  3.34761624e-09  3.29697611e-09  4.55336816e-01  4.55336816e-01  3.37043760e-09  3.10858295e-09  4.55336816e-01  1.52772965e-07  9.97188607e-08  7.10000000e-01 
 7.20000000e-01  3.34761630e-09  3.29697611e-09  4.55336793e-01  4.55336794e-01  3.37043760e-09  3.10858293e-09  4.55336794e-01  1.52772927e-07  9.97186191e-08  7.20000000e-01 
 7.30000000e-01  3.34761630e-09  3.29697611e-09  4.55336785e-01  4.55336785e-01  3.37043760e-09  3.10858294e-09  4.55336785e-01  1.52772930e-07  9.97186618e-08  7.30000000e-01 
 7.40000000e-01  3.34761624e-09  3.29697611e-09  4.55336785e-01  4.55336785e-01  3.37043760e-09  3.10858288e-09  4.55336785e-01  1.52772935e-07  9.97184912e-08  7.40000000e-01 
 7.50000000e-01  3.34761630e-09  3.29697611e-09  4.55336822e-01  4.55336822e-01  3.37043760e-09  3.10858289e-09  4.55336822e-01  1.52772993e-07  9.97185836e-08  7.50000000e-01 
 7.60000000e-01  3.34761624e-09  3.29697611e-09  4.55336795e-01  4.55336795e-01  3.37043760e-09  3.10858289e-09  4.55336795e-01  1.52772955e-07  9.97183776e-08  7.60000000e-01 
 7.70000000e-01  3.34761630e-09  3.29697611e-09  4.55336790e-01  4.55336790e-01  3.37043760e-09  3.10858289e-09  4.55336790e-01  1.52772942e-07  9.97182852e-08  7.70000000e-01 
 7.80000000e-01  3.34761624e-09  3.29697611e-09  4.55336791e-01  4.55336791e-01  3.37043760e-09  3.10858289e-09  4.55336791e-01  1.52772940e-07  9.97183491e-08  7.80000000e-01 
 7.90000000e-01  3.34761630e-09  3.29697611e-09  4.55336793e-01  4.55336793e-01  3.37043760e-09  3.10858289e-09  4.55336793e-01  1.52772941e-07  9.97182426e-08  7.90000000e-01 
 8.00000000e-01  3.34761630e-09  3.29697611e-09  4.55336806e-01  4.55336806e-01  3.37043760e-09  3.10858289e-09  4.55336806e-01  1.52772958e-07  9.97179725e-08  8.00000000e-01 
 8.10000000e-01  3.34761630e-09  3.29697611e-09  4.55336800e-01  4.55336800e-01  3.37043760e-09  3.10858289e-09  4.55336800e-01  1.52772930e-07  9.97180578e-08  8.10000000e-01 
 8.20000000e-01  3.34761630e-09  3.29697606e-09  4.55336813e-01  4.55336813e-01  3.37043760e-09  3.10858289e-09  4.55336813e-01  1.52772978e-07  9.97179228e-08  8.20000000e-01 
 8.30000000e-01  3.34761624e-09  3.29697613e-09  4.55336807e-01  4.55336807e-01  3.37043760e-09  3.10858289e-09  4.55336807e-01  1.52772966e-07  9.97178518e-08  8.30000000e-01 
 8.40000000e-01  3.34761624e-09  3.29697611e-09  4.55336815e-01  4.55336815e-01  3.37043760e-09  3.10858295e-09  4.55336815e-01  1.52772969e-07  9.97178731e-08  8.40000000e-01 
 8.50000000e-01  3.34761630e-09  3.29697611e-09  4.55336818e-01  4.55336818e-01  3.37043760e-09  3.10858288e-09  4.55336818e-01  1.52772977e-07  9.97177736e-08  8.50000000e-01 
 8.60000000e-01  3.34761624e-09  3.29697611e-09  4.55336794e-01  4.55336794e-01  3.37043760e-09  3.10858289e-09  4.55336794e-01  1.52772948e-07  9.97176386e-08  8.60000000e-01 
 8.70000000e-01  3.34761624e-09  3.29697611e-09  4.55336813e-01  4.55336813e-01  3.37043760e-09  3.10858289e-09  4.55336813e-01  1.52772978e-07  9.97176244e-08  8.70000000e-01 
 8.80000000e-01  3.34761630e-09  3.29697611e-09  4.55336783e-01  4.55336783e-01  3.37043754e-09  3.10858289e-09  4.55336783e-01  1.52772923e-07  9.97174041e-08  8.80000000e-01 
 8.90000000e-01  3.34761630e-09  3.29697611e-09  4.55336817e-01  4.55336817e-01  3.37043756e-09  3.10858289e-09  4.55336817e-01  1.52772977e-07  9.97174254e-08  8.90000000e-01 
 9.00000000e-01  3.34761624e-09  3.29697611e-09  4.55336793e-01  4.55336793e-01  3.37043760e-09  3.10858289e-09  4.55336793e-01  1.52772942e-07  9.97173970e-08  9.00000000e-01 
 9.10000000e-01  3.34761630e-09  3.29697611e-09  4.55336816e-01  4.55336816e-01  3.37043760e-09  3.10858289e-09  4.55336816e-01  1.52772966e-07  9.97171625e-08  9.10000000e-01 
 9.20000000e-01  3.34761630e-09  3.29697611e-09  4.55336791e-01  4.55336792e-01  3.37043760e-09  3.10858289e-09  4.55336791e-01  1.52772936e-07  9.97172620e-08  9.20000000e-01 
 9.30000000e-01  3.34761630e-09  3.29697611e-09  4.55336814e-01  4.55336814e-01  3.37043760e-09  3.10858289e-09  4.55336814e-01  1.52772977e-07  9.97171128e-08  9.30000000e-01 
 9.40000000e-01  3.34761624e-09  3.29697611e-09  4.55336815e-01  4.55336815e-01  3.37043760e-09  3.10858289e-09  4.55336815e-01  1.52772968e-07  9.97169636e-08  9.40000000e-01 
 9.50000000e-01  3.34761630e-09  3.29697611e-09  4.55336796e-01  4.55336796e-01  3.37043760e-09  3.10858289e-09  4.55336796e-01  1.52772944e-07  9.97169494e-08  9.50000000e-01 
 9.60000000e-01  3.34761624e-09  3.29697611e-09  4.55336795e-01  4.55336795e-01  3.37043760e-09  3.10858294e-09  4.55336795e-01  1.52772954e-07  9.97167859e-08  9.60000000e-01 
 9.70000000e-01  3.34761630e-09  3.29697611e-09  4.55336830e-01  4.55336830e-01  3.37043760e-09  3.10858288e-09  4.55336830e-01  1.52772998e-07  9.97168925e-08  9.70000000e-01 
 9.80000000e-01  3.34761630e-09  3.29697611e-09  4.55336821e-01  4.55336821e-01  3.37043760e-09  3.10858289e-09  4.55336821e-01  1.52772988e-07  9.97168144e-08  9.80000000e-01 
 9.90000000e-01  3.34761630e-09  3.29697611e-09  4.55336804e-01  4.55336804e-01  3.37043760e-09  3.10858289e-09  4.55336804e-01  1.52772938e-07  9.97166723e-08  9.90000000e-01 
 1.00000000e+00  3.34761630e-09  3.29697611e-09  4.55336798e-01  4.55336798e-01  3.37043760e-09  3.10858289e-09  4.55336798e-01  1.52772951e-07  9.97164165e-08  1.00000000e+00 
 1.01000000e+00  3.34761624e-09  3.29697611e-09  4.55336814e-01  4.55336814e-01  3.37043760e-09  3.10858289e-09  4.55336814e-01  1.52772983e-07  9.97164022e-08  1.01000000e+00 
 1.02000000e+00  3.34761630e-09  3.29697611e-09  4.55336811e-01  4.55336811e-01  3.37043760e-09  3.10858289e-09  4.55336811e-01  1.52772968e-07  9.97163028e-08  1.02000000e+00 
 1.03000000e+00  3.34761630e-09  3.29697611e-09  4.55336777e-01  4.55336777e-01  3.37043760e-09  3.10858289e-09  4.55336777e-01  1.52772910e-07  9.97161962e-08  1.03000000e+00 
 1.04000000e+00  3.34761630e-09  3.29697611e-09  4.55336789e-01  4.55336789e-01  3.37043760e-09  3.10858289e-09  4.55336789e-01  1.52772946e-07  9.97161820e-08  1.04000000e+00 
 1.05000000e+00  3.34761630e-09  3.29697611e-09  4.55336787e-01  4.55336787e-01  3.37043754e-09  3.10858289e-09  4.55336787e-01  1.52772934e-07  9.97160257e-08  1.05000000e+00 
 1.06000000e+00  3.34761630e-09  3.29697611e-09  4.55336802e-01  4.55336802e-01  3.37043756e-09  3.10858289e-09  4.55336802e-01  1.52772954e-07  9.97159830e-08  1.06000000e+00 
 1.07000000e+00  3.34761630e-09  3.29697606e-09  4.55336809e-01  4.55336809e-01  3.37043760e-09  3.10858289e-09  4.55336809e-01  1.52772962e-07  9.97160328e-08  1.07000000e+00 
 1.08000000e+00  3.34761630e-09  3.29697613e-09  4.55336800e-01  4.55336800e-01  3.37043760e-09  3.10858289e-09  4.55336800e-01  1.52772956e-07  9.97158693e-08  1.08000000e+00 
 1.09000000e+00  3.34761630e-09  3.29697611e-09  4.55336817e-01  4.55336817e-01  3.37043760e-09  3.10858289e-09  4.55336817e-01  1.52772983e-07  9.97157130e-08  1.09000000e+00 
 1.10000000e+00  3.34761630e-09  3.29697612e-09  4.55336841e-01  4.55336841e-01  3.37043760e-09  3.10858289e-09  4.55336841e-01  1.52773016e-07  9.97158409e-08  1.10000000e+00 
 1.11000000e+00  3.34761630e-09  3.29697611e-09  4.55336795e-01  4.55336795e-01  3.37043760e-09  3.10858289e-09  4.55336795e-01  1.52772943e-07  9.97156278e-08  1.11000000e+00 
 1.12000000e+00  3.34761630e-09  3.29697611e-09  4.55336804e-01  4.55336804e-01  3.37043760e-09  3.10858289e-09  4.55336804e-01  1.52772953e-07  9.97155141e-08  1.12000000e+00 
 1.13000000e+00  3.34761624e-09  3.29697611e-09  4.55336814e-01  4.55336814e-01  3.37043760e-09  3.10858289e-09  4.55336814e-01  1.52772969e-07  9.97153293e-08  1.13000000e+00 
 1.14000000e+00  3.34761630e-09  3.29697611e-09  4.55336811e-01  4.55336811e-01  3.37043760e-09  3.10858289e-09  4.55336811e-01  1.52772972e-07  9.97153222e-08  1.14000000e+00 
 1.15000000e+00  3.34761630e-09  3.29697606e-09  4.55336782e-01  4.55336782e-01  3.37043760e-09  3.10858289e-09  4.55336782e-01  1.52772926e-07  9.97151872e-08  1.15000000e+00 
 1.16000000e+00  3.34761630e-09  3.29697613e-09  4.55336794e-01  4.55336794e-01  3.37043760e-09  3.10858289e-09  4.55336794e-01  1.52772940e-07  9.97150522e-08  1.16000000e+00 
 1.17000000e+00  3.34761630e-09  3.29697616e-09  4.55336813e-01  4.55336813e-01  3.37043760e-09  3.10858289e-09  4.55336813e-01  1.52772966e-07  9.97149527e-08  1.17000000e+00 
 1.18000000e+00  3.34761630e-09  3.29697611e-09  4.55336820e-01  4.55336821e-01  3.37043760e-09  3.10858289e-09  4.55336821e-01  1.52772966e-07  9.97149243e-08  1.18000000e+00 
 1.19000000e+00  3.34761630e-09  3.29697611e-09  4.55336801e-01  4.55336801e-01  3.37043760e-09  3.10858289e-09  4.55336801e-01  1.52772952e-07  9.97148248e-08  1.19000000e+00 
 1.20000000e+00  3.34761630e-09  3.29697611e-09  4.55336799e-01  4.55336799e-01  3.37043760e-09  3.10858289e-09  4.55336799e-01  1.52772957e-07  9.97148817e-08  1.20000000e+00 
 1.21000000e+00  3.34761624e-09  3.29697612e-09  4.55336839e-01  4.55336839e-01  3.37043755e-09  3.10858289e-09  4.55336839e-01  1.52773012e-07  9.97147680e-08  1.21000000e+00 
 1.22000000e+00  3.34761630e-09  3.29697611e-09  4.55336781e-01  4.55336781e-01  3.37043756e-09  3.10858289e-09  4.55336781e-01  1.52772919e-07  9.97144696e-08  1.22000000e+00 
 1.23000000e+00  3.34761630e-09  3.29697611e-09  4.55336814e-01  4.55336814e-01  3.37043760e-09  3.10858289e-09  4.55336814e-01  1.52772974e-07  9.97144838e-08  1.23000000e+00 
 1.24000000e+00  3.34761630e-09  3.29697611e-09  4.55336778e-01  4.55336778e-01  3.37043760e-09  3.10858289e-09  4.55336778e-01  1.52772913e-07  9.97141996e-08  1.24000000e+00 
 1.25000000e+00  3.34761630e-09  3.29697611e-09  4.55336816e-01  4.55336816e-01  3.37043755e-09  3.10858295e-09  4.55336816e-01  1.52772977e-07  9.97142990e-08  1.25000000e+00 
 1.26000000e+00  3.34761630e-09  3.29697611e-09  4.55336775e-01  4.55336775e-01  3.37043756e-09  3.10858293e-09  4.55336775e-01  1.52772917e-07  9.97140148e-08  1.26000000e+00 
 1.27000000e+00  3.34761630e-09  3.29697606e-09  4.55336804e-01  4.55336804e-01  3.37043760e-09  3.10858288e-09  4.55336804e-01  1.52772955e-07  9.97138869e-08  1.27000000e+00 
 1.28000000e+00  3.34761630e-09  3.29697607e-09  4.55336777e-01  4.55336778e-01  3.37043760e-09  3.10858289e-09  4.55336778e-01  1.52772914e-07  9.97137732e-08  1.28000000e+00 
 1.29000000e+00  3.34761630e-09  3.29697612e-09  4.55336824e-01  4.55336824e-01  3.37043760e-09  3.10858295e-09  4.55336824e-01  1.52772999e-07  9.97139153e-08  1.29000000e+00 
 1.30000000e+00  3.34761624e-09  3.29697611e-09  4.55336822e-01  4.55336822e-01  3.37043760e-09  3.10858288e-09  4.55336822e-01  1.52772981e-07  9.97137164e-08  1.30000000e+00 
 1.31000000e+00  3.34761630e-09  3.29697611e-09  4.55336775e-01  4.55336775e-01  3.37043760e-09  3.10858289e-09  4.55336775e-01  1.52772914e-07  9.97134322e-08  1.31000000e+00 
 1.32000000e+00  3.34761630e-09  3.29697611e-09  4.55336805e-01  4.55336805e-01  3.37043760e-09  3.10858289e-09  4.55336805e-01  1.52772965e-07  9.97133469e-08  1.32000000e+00 
 1.33000000e+00  3.34761630e-09  3.29697611e-09  4.55336792e-01  4.55336792e-01  3.37043760e-09  3.10858289e-09  4.55336792e-01  1.52772936e-07  9.97132901e-08  1.33000000e+00 
 1.34000000e+00  3.34761630e-09  3.29697611e-09  4.55336807e-01  4.55336808e-01  3.37043760e-09  3.10858289e-09  4.55336807e-01  1.52772970e-07  9.97131053e-08  1.34000000e+00 
 1.35000000e+00  3.34761630e-09  3.29697611e-09  4.55336831e-01  4.55336831e-01  3.37043760e-09  3.10858289e-09  4.55336831e-01  1.52772995e-07  9.97130769e-08  1.35000000e+00 
 1.36000000e+00  3.34761624e-09  3.29697611e-09  4.55336801e-01  4.55336801e-01  3.37043760e-09  3.10858289e-09  4.55336801e-01  1.52772955e-07  9.97128922e-08  1.36000000e+00 
 1.37000000e+00  3.34761630e-09  3.29697606e-09  4.55336817e-01  4.55336817e-01  3.37043760e-09  3.10858289e-09  4.55336817e-01  1.52772984e-07  9.97127216e-08  1.37000000e+00 
 1.38000000e+00  3.34761630e-09  3.29697607e-09  4.55336814e-01  4.55336814e-01  3.37043760e-09  3.10858289e-09  4.55336814e-01  1.52772976e-07  9.97125369e-08  1.38000000e+00 
 1.39000000e+00  3.34761630e-09  3.29697612e-09  4.55336795e-01  4.55336795e-01  3.37043760e-09  3.10858289e-09  4.55336795e-01  1.52772934e-07  9.97124090e-08  1.39000000e+00 
 1.40000000e+00  3.34761630e-09  3.29697611e-09  4.55336801e-01  4.55336801e-01  3.37043760e-09  3.10858289e-09  4.55336801e-01  1.52772945e-07  9.97121958e-08  1.40000000e+00 
 1.41000000e+00  3.34761630e-09  3.29697611e-09  4.55336794e-01  4.55336794e-01  3.37043760e-09  3.10858289e-09  4.55336794e-01  1.52772937e-07  9.97119827e-08  1.41000000e+00 
 1.42000000e+00  3.34761630e-09  3.29697611e-09  4.55336811e-01  4.55336811e-01  3.37043760e-09  3.10858289e-09  4.55336811e-01  1.52772974e-07  9.97118121e-08  1.42000000e+00 
 1.43000000e+00  3.34761630e-09  3.29697611e-09  4.55336809e-01  4.55336809e-01  3.37043760e-09  3.10858289e-09  4.55336809e-01  1.52772960e-07  9.97114711e-08  1.43000000e+00 
 1.44000000e+00  3.34761630e-09  3.29697611e-09  4.55336793e-01  4.55336793e-01  3.37043755e-09  3.10858289e-09  4.55336793e-01  1.52772936e-07  9.97112863e-08  1.44000000e+00 
 1.45000000e+00  3.34761630e-09  3.29697611e-09  4.55336794e-01  4.55336794e-01  3.37043761e-09  3.10858289e-09  4.55336794e-01  1.52772945e-07  9.97109453e-08  1.45000000e+00 
 1.46000000e+00  3.34761630e-09  3.29697611e-09  4.55336807e-01  4.55336807e-01  3.37043760e-09  3.10858289e-09  4.55336807e-01  1.52772956e-07  9.97106895e-08  1.46000000e+00 
 1.47000000e+00  3.34761630e-09  3.29697611e-09  4.55336813e-01  4.55336813e-01  3.37043755e-09  3.10858289e-09  4.55336813e-01  1.52772978e-07  9.97103342e-08  1.47000000e+00 
 1.48000000e+00  3.34761630e-09  3.29697611e-09  4.55336792e-01  4.55336792e-01  3.37043756e-09  3.10858289e-09  4.55336792e-01  1.52772931e-07  9.97097800e-08  1.48000000e+00 
 1.49000000e+00  3.34761630e-09  3.29697611e-09  4.55336790e-01  4.55336790e-01  3.37043760e-09  3.10858289e-09  4.55336790e-01  1.52772942e-07  9.97092542e-08  1.49000000e+00 
 1.50000000e+00  3.34761630e-09  3.29697611e-09  4.55336807e-01  4.55336807e-01  3.37043760e-09  3.10858289e-09  4.55336807e-01  1.52772955e-07  9.97085294e-08  1.50000000e+00 
 1.51000000e+00  3.34761630e-09  3.29697611e-09  4.55336814e-01  4.55336814e-01  3.37043760e-09  3.10858289e-09  4.55336814e-01  1.52772964e-07  9.97077905e-08  1.51000000e+00 
 1.52000000e+00  3.34761624e-09  3.29697611e-09  4.55336805e-01  4.55336805e-01  3.37043760e-09  3.10858289e-09  4.55336805e-01  1.52772952e-07  9.97066110e-08  1.52000000e+00 
 1.53000000e+00  3.34761630e-09  3.29697611e-09  4.55336811e-01  4.55336811e-01  3.37043760e-09  3.10858289e-09  4.55336811e-01  1.52772975e-07  9.97051188e-08  1.53000000e+00 
 1.54000000e+00  3.34761630e-09  3.29697611e-09  4.55336808e-01  4.55336808e-01  3.37043760e-09  3.10858289e-09  4.55336808e-01  1.52772963e-07  9.97031293e-08  1.54000000e+00 
 1.55000000e+00  3.34761630e-09  3.29697611e-09  4.55336810e-01  4.55336811e-01  3.37043760e-09  3.10858289e-09  4.55336811e-01  1.52772972e-07  9.97001024e-08  1.55000000e+00 
 1.56000000e+00  3.34761624e-09  3.29697611e-09  4.55336795e-01  4.55336795e-01  3.37043760e-09  3.10858289e-09  4.55336795e-01  1.52772947e-07  9.96953560e-08  1.56000000e+00 
 1.57000000e+00  3.34761630e-09  3.29697611e-09  4.55336821e-01  4.55336821e-01  3.37043760e-09  3.10858289e-09  4.55336821e-01  1.52773001e-07  9.96879095e-08  1.57000000e+00 
 1.58000000e+00  3.34761630e-09  3.29697611e-09  4.55336795e-01  4.55336796e-01  3.37043760e-09  3.10858289e-09  4.55336795e-01  1.52772951e-07  9.96749350e-08  1.58000000e+00 
 1.59000000e+00  3.34761630e-09  3.29697611e-09  4.55336814e-01  4.55336814e-01  3.37043760e-09  3.10858289e-09  4.55336814e-01  1.52772977e-07  9.96517571e-08  1.59000000e+00 
 1.60000000e+00  3.34761630e-09  3.29697611e-09  4.55336804e-01  4.55336805e-01  3.37043755e-09  3.10858289e-09  4.55336804e-01  1.52772965e-07  9.96090250e-08  1.60000000e+00 
 1.61000000e+00  3.34761630e-09  3.29697611e-09  4.55336787e-01  4.55336787e-01  3.37043756e-09  3.10858289e-09  4.55336787e-01  1.52772937e-07  9.95245415e-08  1.61000000e+00 
 1.62000000e+00  3.34761624e-09  3.29697611e-09  4.55336794e-01  4.55336794e-01  3.37043760e-09  3.10858294e-09  4.55336794e-01  1.52772930e-07  9.93178588e-08  1.62000000e+00 
 1.63000000e+00  3.34761630e-09  3.29697611e-09  4.55336820e-01  4.55336820e-01  3.37043760e-09  3.10858289e-09  4.55336820e-01  1.52772981e-07  9.85866961e-08  1.63000000e+00 
 1.64000000e+00  3.34761630e-09  3.29697611e-09  4.55336794e-01  4.55336794e-01  3.37043761e-09  3.10858289e-09  4.55336794e-01  1.52772943e-07  9.69778995e-08  1.64000000e+00 
 1.65000000e+00  3.34761630e-09  3.29697611e-09  4.55336827e-01  4.55336827e-01  3.37043761e-09  3.10858289e-09  4.55336827e-01  1.52772990e-07  8.35912175e-08  1.65000000e+00 
 1.66000000e+00  3.34761630e-09  3.29697606e-09  4.55336812e-01  4.55336812e-01  3.37043760e-09  3.10858289e-09  4.55336812e-01  1.52772972e-07  6.78465568e-08  1.66000000e+00 
 1.67000000e+00  3.34761630e-09  3.29697611e-09  4.55336802e-01  4.55336802e-01  3.37043760e-09  3.10858289e-09  4.55336802e-01  1.52772960e-07  5.46056356e-08  1.67000000e+00 
 1.68000000e+00  3.34761624e-09  3.29697611e-09  4.55336836e-01  4.55336836e-01  3.37043760e-09  3.10858289e-09  4.55336836e-01  1.52772998e-07  4.35860699e-08  1.68000000e+00 
 1.69000000e+00  3.34761624e-09  3.29697611e-09  4.55336796e-01  4.55336796e-01  3.37043755e-09  3.10858289e-09  4.55336796e-01  1.52772935e-07  3.44839606e-08  1.69000000e+00 
 1.70000000e+00  3.34761624e-09  3.29697611e-09  4.55336813e-01  4.55336813e-01  3.37043762e-09  3.10858289e-09  4.55336813e-01  1.52772974e-07  2.70044040e-08  1.70000000e+00 
 1.71000000e+00  3.34761630e-09  3.29697611e-09  4.55336764e-01  4.55336764e-01  3.37043759e-09  3.10858289e-09  4.55336764e-01  1.52772898e-07  2.08823820e-08  1.71000000e+00 
 1.72000000e+00  3.34761630e-09  3.29697611e-09  4.55336813e-01  4.55336813e-01  3.37043760e-09  3.10858289e-09  4.55336813e-01  1.52772989e-07  1.58851918e-08  1.72000000e+00 
 1.73000000e+00  3.34761630e-09  3.29697611e-09  4.55336813e-01  4.55336814e-01  3.37043760e-09  3.10858289e-09  4.55336814e-01  1.52772979e-07  1.18115224e-08  1.73000000e+00 
 1.74000000e+00  3.34761630e-09  3.29697611e-09  4.55336816e-01  4.55336816e-01  3.37043760e-09  3.10858289e-09  4.55336816e-01  1.52772974e-07  8.48875459e-09  1.74000000e+00 
 1.75000000e+00  3.34761630e-09  3.29697611e-09  4.55336798e-01  4.55336798e-01  3.37043760e-09  3.10858289e-09  4.55336798e-01  1.52772954e-07  5.76659431e-09  1.75000000e+00 
 1.76000000e+00  3.34761630e-09  3.29697611e-09  4.55336795e-01  4.55336795e-01  3.37043755e-09  3.10858289e-09  4.55336795e-01  1.52772953e-07  3.51732865e-09  1.76000000e+00 
 1.77000000e+00  3.34761630e-09  3.29697611e-09  4.55336800e-01  4.55336800e-01  3.37043756e-09  3.10858289e-09  4.55336800e-01  1.52772953e-07  1.64006053e-09  1.77000000e+00 
 1.78000000e+00  3.34761630e-09  3.29697611e-09  4.55336811e-01  4.55336811e-01  3.37043760e-09  3.10858289e-09  4.55336811e-01  1.52772978e-07  7.34416972e-11  1.78000000e+00 
 1.79000000e+00  3.34761624e-09  3.29697611e-09  4.55336778e-01  4.55336778e-01  3.37043760e-09  3.10858289e-09  4.55336778e-01  1.52772915e-07 -1.20232357e-09  1.79000000e+00 
 1.80000000e+00  3.34761630e-09  3.29697611e-09  4.55336787e-01  4.55336787e-01  3.37043760e-09  3.10858289e-09  4.55336787e-01  1.52772929e-07 -2.18700791e-09  1.80000000e+00 
