 v-sweep         v(b0)           v(b1)           v(b2)           v(b3)           v(b4)           v(b5)           v(b6)           i(vbias)        i(viout)        v(vout)        
 0.00000000e+00  3.43529100e-09  3.41964108e-09  3.14727609e-09  4.59226255e-01  3.25783388e-09  3.34238935e-09  4.59226255e-01  1.62446768e-07  1.01904717e-07  0.00000000e+00 
 1.00000000e-02  3.43529104e-09  3.41964111e-09  3.14727612e-09  4.59226284e-01  3.25783390e-09  3.34238932e-09  4.59226283e-01  1.62446797e-07  1.01904495e-07  1.00000000e-02 
 2.00000000e-02  3.43529098e-09  3.41964111e-09  3.14727611e-09  4.59226295e-01  3.25783390e-09  3.34238938e-09  4.59226295e-01  1.62446819e-07  1.01904007e-07  2.00000000e-02 
 3.00000000e-02  3.43529104e-09  3.41964111e-09  3.14727607e-09  4.59226288e-01  3.25783390e-09  3.34238932e-09  4.59226287e-01  1.62446826e-07  1.01903652e-07  3.00000000e-02 
 4.00000000e-02  3.43529104e-09  3.41964111e-09  3.14727607e-09  4.59226270e-01  3.25783390e-09  3.34238932e-09  4.59226270e-01  1.62446786e-07  1.01903290e-07  4.00000000e-02 
 5.00000000e-02  3.43529104e-09  3.41964111e-09  3.14727607e-09  4.59226275e-01  3.25783390e-09  3.34238932e-09  4.59226275e-01  1.62446791e-07  1.01902955e-07  5.00000000e-02 
 6.00000000e-02  3.43529104e-09  3.41964111e-09  3.14727607e-09  4.59226281e-01  3.25783390e-09  3.34238932e-09  4.59226281e-01  1.62446807e-07  1.01902653e-07  6.00000000e-02 
 7.00000000e-02  3.43529098e-09  3.41964111e-09  3.14727612e-09  4.59226275e-01  3.25783390e-09  3.34238932e-09  4.59226275e-01  1.62446789e-07  1.01902310e-07  7.00000000e-02 
 8.00000000e-02  3.43529098e-09  3.41964111e-09  3.14727611e-09  4.59226299e-01  3.25783390e-09  3.34238932e-09  4.59226299e-01  1.62446838e-07  1.01902101e-07  8.00000000e-02 
 9.00000000e-02  3.43529104e-09  3.41964111e-09  3.14727607e-09  4.59226276e-01  3.25783390e-09  3.34238932e-09  4.59226276e-01  1.62446799e-07  1.01901766e-07  9.00000000e-02 
 1.00000000e-01  3.43529098e-09  3.41964111e-09  3.14727607e-09  4.59226268e-01  3.25783390e-09  3.34238937e-09  4.59226268e-01  1.62446786e-07  1.01901392e-07  1.00000000e-01 
 1.10000000e-01  3.43529104e-09  3.41964111e-09  3.14727612e-09  4.59226257e-01  3.25783390e-09  3.34238931e-09  4.59226257e-01  1.62446765e-07  1.01901168e-07  1.10000000e-01 
 1.20000000e-01  3.43529098e-09  3.41964111e-09  3.14727607e-09  4.59226302e-01  3.25783390e-09  3.34238932e-09  4.59226302e-01  1.62446833e-07  1.01901044e-07  1.20000000e-01 
 1.30000000e-01  3.43529098e-09  3.41964111e-09  3.14727607e-09  4.59226281e-01  3.25783390e-09  3.34238932e-09  4.59226281e-01  1.62446819e-07  1.01900701e-07  1.30000000e-01 
 1.40000000e-01  3.43529104e-09  3.41964111e-09  3.14727607e-09  4.59226274e-01  3.25783390e-09  3.34238932e-09  4.59226274e-01  1.62446799e-07  1.01900507e-07  1.40000000e-01 
 1.50000000e-01  3.43529098e-09  3.41964111e-09  3.14727612e-09  4.59226276e-01  3.25783390e-09  3.34238932e-09  4.59226276e-01  1.62446807e-07  1.01900373e-07  1.50000000e-01 
 1.60000000e-01  3.43529098e-09  3.41964111e-09  3.14727606e-09  4.59226291e-01  3.25783390e-09  3.34238932e-09  4.59226291e-01  1.62446816e-07  1.01900120e-07  1.60000000e-01 
 1.70000000e-01  3.43529098e-09  3.41964111e-09  3.14727607e-09  4.59226275e-01  3.25783390e-09  3.34238932e-09  4.59226274e-01  1.62446807e-07  1.01899870e-07  1.70000000e-01 
 1.80000000e-01  3.43529104e-09  3.41964111e-09  3.14727607e-09  4.59226263e-01  3.25783390e-09  3.34238932e-09  4.59226263e-01  1.62446774e-07  1.01899706e-07  1.80000000e-01 
 1.90000000e-01  3.43529098e-09  3.41964111e-09  3.14727612e-09  4.59226281e-01  3.25783390e-09  3.34238932e-09  4.59226281e-01  1.62446791e-07  1.01899444e-07  1.90000000e-01 
 2.00000000e-01  3.43529104e-09  3.41964111e-09  3.14727611e-09  4.59226272e-01  3.25783390e-09  3.34238932e-09  4.59226272e-01  1.62446801e-07  1.01899271e-07  2.00000000e-01 
 2.10000000e-01  3.43529104e-09  3.41964111e-09  3.14727607e-09  4.59226273e-01  3.25783390e-09  3.34238932e-09  4.59226273e-01  1.62446774e-07  1.01899191e-07  2.10000000e-01 
 2.20000000e-01  3.43529104e-09  3.41964111e-09  3.14727612e-09  4.59226279e-01  3.25783390e-09  3.34238932e-09  4.59226279e-01  1.62446805e-07  1.01899129e-07  2.20000000e-01 
 2.30000000e-01  3.43529104e-09  3.41964111e-09  3.14727606e-09  4.59226293e-01  3.25783390e-09  3.34238932e-09  4.59226293e-01  1.62446830e-07  1.01898925e-07  2.30000000e-01 
 2.40000000e-01  3.43529098e-09  3.41964111e-09  3.14727607e-09  4.59226264e-01  3.25783390e-09  3.34238932e-09  4.59226264e-01  1.62446791e-07  1.01898648e-07  2.40000000e-01 
 2.50000000e-01  3.43529104e-09  3.41964111e-09  3.14727607e-09  4.59226271e-01  3.25783390e-09  3.34238932e-09  4.59226271e-01  1.62446791e-07  1.01898504e-07  2.50000000e-01 
 2.60000000e-01  3.43529104e-09  3.41964111e-09  3.14727607e-09  4.59226257e-01  3.25783390e-09  3.34238931e-09  4.59226257e-01  1.62446764e-07  1.01898367e-07  2.60000000e-01 
 2.70000000e-01  3.43529104e-09  3.41964111e-09  3.14727612e-09  4.59226280e-01  3.25783390e-09  3.34238932e-09  4.59226280e-01  1.62446816e-07  1.01898324e-07  2.70000000e-01 
 2.80000000e-01  3.43529104e-09  3.41964111e-09  3.14727605e-09  4.59226287e-01  3.25783390e-09  3.34238932e-09  4.59226287e-01  1.62446819e-07  1.01898253e-07  2.80000000e-01 
 2.90000000e-01  3.43529098e-09  3.41964111e-09  3.14727613e-09  4.59226279e-01  3.25783390e-09  3.34238932e-09  4.59226279e-01  1.62446816e-07  1.01897975e-07  2.90000000e-01 
 3.00000000e-01  3.43529104e-09  3.41964111e-09  3.14727606e-09  4.59226292e-01  3.25783390e-09  3.34238932e-09  4.59226292e-01  1.62446826e-07  1.01898031e-07  3.00000000e-01 
 3.10000000e-01  3.43529098e-09  3.41964111e-09  3.14727613e-09  4.59226265e-01  3.25783390e-09  3.34238932e-09  4.59226265e-01  1.62446789e-07  1.01897673e-07  3.10000000e-01 
 3.20000000e-01  3.43529104e-09  3.41964111e-09  3.14727605e-09  4.59226267e-01  3.25783390e-09  3.34238937e-09  4.59226267e-01  1.62446786e-07  1.01897534e-07  3.20000000e-01 
 3.30000000e-01  3.43529098e-09  3.41964111e-09  3.14727607e-09  4.59226262e-01  3.25783390e-09  3.34238932e-09  4.59226262e-01  1.62446777e-07  1.01897573e-07  3.30000000e-01 
 3.40000000e-01  3.43529104e-09  3.41964111e-09  3.14727607e-09  4.59226264e-01  3.25783390e-09  3.34238937e-09  4.59226264e-01  1.62446790e-07  1.01897452e-07  3.40000000e-01 
 3.50000000e-01  3.43529098e-09  3.41964111e-09  3.14727607e-09  4.59226287e-01  3.25783390e-09  3.34238932e-09  4.59226287e-01  1.62446804e-07  1.01897502e-07  3.50000000e-01 
 3.60000000e-01  3.43529098e-09  3.41964111e-09  3.14727612e-09  4.59226276e-01  3.25783390e-09  3.34238932e-09  4.59226276e-01  1.62446800e-07  1.01897182e-07  3.60000000e-01 
 3.70000000e-01  3.43529104e-09  3.41964111e-09  3.14727605e-09  4.59226280e-01  3.25783385e-09  3.34238932e-09  4.59226280e-01  1.62446810e-07  1.01897189e-07  3.70000000e-01 
 3.80000000e-01  3.43529104e-09  3.41964111e-09  3.14727607e-09  4.59226289e-01  3.25783390e-09  3.34238932e-09  4.59226288e-01  1.62446826e-07  1.01897083e-07  3.80000000e-01 
 3.90000000e-01  3.43529104e-09  3.41964111e-09  3.14727612e-09  4.59226279e-01  3.25783390e-09  3.34238932e-09  4.59226279e-01  1.62446813e-07  1.01896948e-07  3.90000000e-01 
 4.00000000e-01  3.43529098e-09  3.41964111e-09  3.14727611e-09  4.59226275e-01  3.25783390e-09  3.34238932e-09  4.59226275e-01  1.62446781e-07  1.01896759e-07  4.00000000e-01 
 4.10000000e-01  3.43529098e-09  3.41964111e-09  3.14727607e-09  4.59226280e-01  3.25783390e-09  3.34238932e-09  4.59226280e-01  1.62446808e-07  1.01896738e-07  4.10000000e-01 
 4.20000000e-01  3.43529104e-09  3.41964111e-09  3.14727612e-09  4.59226274e-01  3.25783390e-09  3.34238932e-09  4.59226274e-01  1.62446793e-07  1.01896649e-07  4.20000000e-01 
 4.30000000e-01  3.43529104e-09  3.41964111e-09  3.14727611e-09  4.59226261e-01  3.25783390e-09  3.34238932e-09  4.59226261e-01  1.62446773e-07  1.01896486e-07  4.30000000e-01 
 4.40000000e-01  3.43529104e-09  3.41964111e-09  3.14727607e-09  4.59226293e-01  3.25783390e-09  3.34238932e-09  4.59226293e-01  1.62446826e-07  1.01896582e-07  4.40000000e-01 
 4.50000000e-01  3.43529098e-09  3.41964111e-09  3.14727612e-09  4.59226281e-01  3.25783390e-09  3.34238932e-09  4.59226280e-01  1.62446806e-07  1.01896418e-07  4.50000000e-01 
 4.60000000e-01  3.43529098e-09  3.41964111e-09  3.14727605e-09  4.59226278e-01  3.25783390e-09  3.34238932e-09  4.59226278e-01  1.62446805e-07  1.01896298e-07  4.60000000e-01 
 4.70000000e-01  3.43529098e-09  3.41964117e-09  3.14727607e-09  4.59226275e-01  3.25783390e-09  3.34238932e-09  4.59226275e-01  1.62446790e-07  1.01896180e-07  4.70000000e-01 
 4.80000000e-01  3.43529104e-09  3.41964111e-09  3.14727612e-09  4.59226260e-01  3.25783390e-09  3.34238932e-09  4.59226260e-01  1.62446767e-07  1.01896177e-07  4.80000000e-01 
 4.90000000e-01  3.43529098e-09  3.41964111e-09  3.14727607e-09  4.59226253e-01  3.25783390e-09  3.34238931e-09  4.59226253e-01  1.62446763e-07  1.01895942e-07  4.90000000e-01 
 5.00000000e-01  3.43529104e-09  3.41964111e-09  3.14727607e-09  4.59226284e-01  3.25783390e-09  3.34238932e-09  4.59226284e-01  1.62446807e-07  1.01895999e-07  5.00000000e-01 
 5.10000000e-01  3.43529098e-09  3.41964111e-09  3.14727612e-09  4.59226273e-01  3.25783390e-09  3.34238937e-09  4.59226273e-01  1.62446804e-07  1.01895932e-07  5.10000000e-01 
 5.20000000e-01  3.43529104e-09  3.41964111e-09  3.14727605e-09  4.59226277e-01  3.25783390e-09  3.34238932e-09  4.59226277e-01  1.62446800e-07  1.01895857e-07  5.20000000e-01 
 5.30000000e-01  3.43529104e-09  3.41964111e-09  3.14727607e-09  4.59226266e-01  3.25783390e-09  3.34238937e-09  4.59226266e-01  1.62446778e-07  1.01895736e-07  5.30000000e-01 
 5.40000000e-01  3.43529098e-09  3.41964111e-09  3.14727607e-09  4.59226266e-01  3.25783390e-09  3.34238932e-09  4.59226266e-01  1.62446780e-07  1.01895679e-07  5.40000000e-01 
 5.50000000e-01  3.43529104e-09  3.41964111e-09  3.14727612e-09  4.59226280e-01  3.25783390e-09  3.34238932e-09  4.59226279e-01  1.62446809e-07  1.01895548e-07  5.50000000e-01 
 5.60000000e-01  3.43529098e-09  3.41964111e-09  3.14727611e-09  4.59226271e-01  3.25783390e-09  3.34238932e-09  4.59226271e-01  1.62446805e-07  1.01895505e-07  5.60000000e-01 
 5.70000000e-01  3.43529104e-09  3.41964111e-09  3.14727607e-09  4.59226266e-01  3.25783390e-09  3.34238932e-09  4.59226266e-01  1.62446770e-07  1.01895470e-07  5.70000000e-01 
 5.80000000e-01  3.43529098e-09  3.41964111e-09  3.14727612e-09  4.59226277e-01  3.25783390e-09  3.34238932e-09  4.59226277e-01  1.62446793e-07  1.01895310e-07  5.80000000e-01 
 5.90000000e-01  3.43529104e-09  3.41964111e-09  3.14727611e-09  4.59226284e-01  3.25783390e-09  3.34238932e-09  4.59226284e-01  1.62446812e-07  1.01895374e-07  5.90000000e-01 
 6.00000000e-01  3.43529104e-09  3.41964111e-09  3.14727607e-09  4.59226279e-01  3.25783390e-09  3.34238932e-09  4.59226279e-01  1.62446798e-07  1.01895168e-07  6.00000000e-01 
 6.10000000e-01  3.43529104e-09  3.41964111e-09  3.14727607e-09  4.59226284e-01  3.25783390e-09  3.34238932e-09  4.59226284e-01  1.62446807e-07  1.01895125e-07  6.10000000e-01 
 6.20000000e-01  3.43529098e-09  3.41964111e-09  3.14727607e-09  4.59226285e-01  3.25783390e-09  3.34238932e-09  4.59226285e-01  1.62446812e-07  1.01895047e-07  6.20000000e-01 
 6.30000000e-01  3.43529098e-09  3.41964111e-09  3.14727607e-09  4.59226286e-01  3.25783390e-09  3.34238932e-09  4.59226286e-01  1.62446815e-07  1.01894948e-07  6.30000000e-01 
 6.40000000e-01  3.43529098e-09  3.41964111e-09  3.14727607e-09  4.59226292e-01  3.25783390e-09  3.34238932e-09  4.59226292e-01  1.62446827e-07  1.01894877e-07  6.40000000e-01 
 6.50000000e-01  3.43529104e-09  3.41964111e-09  3.14727612e-09  4.59226278e-01  3.25783390e-09  3.34238932e-09  4.59226278e-01  1.62446799e-07  1.01894855e-07  6.50000000e-01 
 6.60000000e-01  3.43529104e-09  3.41964111e-09  3.14727611e-09  4.59226281e-01  3.25783390e-09  3.34238937e-09  4.59226281e-01  1.62446803e-07  1.01894713e-07  6.60000000e-01 
 6.70000000e-01  3.43529098e-09  3.41964111e-09  3.14727607e-09  4.59226282e-01  3.25783390e-09  3.34238932e-09  4.59226282e-01  1.62446798e-07  1.01894663e-07  6.70000000e-01 
 6.80000000e-01  3.43529104e-09  3.41964111e-09  3.14727612e-09  4.59226291e-01  3.25783390e-09  3.34238932e-09  4.59226291e-01  1.62446818e-07  1.01894692e-07  6.80000000e-01 
 6.90000000e-01  3.43529104e-09  3.41964111e-09  3.14727611e-09  4.59226269e-01  3.25783390e-09  3.34238932e-09  4.59226269e-01  1.62446794e-07  1.01894550e-07  6.90000000e-01 
 7.00000000e-01  3.43529104e-09  3.41964111e-09  3.14727613e-09  4.59226294e-01  3.25783385e-09  3.34238932e-09  4.59226294e-01  1.62446834e-07  1.01894365e-07  7.00000000e-01 
 7.10000000e-01  3.43529104e-09  3.41964111e-09  3.14727611e-09  4.59226295e-01  3.25783390e-09  3.34238932e-09  4.59226295e-01  1.62446821e-07  1.01894486e-07  7.10000000e-01 
 7.20000000e-01  3.43529104e-09  3.41964111e-09  3.14727607e-09  4.59226275e-01  3.25783390e-09  3.34238932e-09  4.59226275e-01  1.62446788e-07  1.01894287e-07  7.20000000e-01 
 7.30000000e-01  3.43529104e-09  3.41964111e-09  3.14727612e-09  4.59226258e-01  3.25783390e-09  3.34238931e-09  4.59226258e-01  1.62446759e-07  1.01894280e-07  7.30000000e-01 
 7.40000000e-01  3.43529098e-09  3.41964111e-09  3.14727612e-09  4.59226280e-01  3.25783390e-09  3.34238932e-09  4.59226280e-01  1.62446813e-07  1.01894067e-07  7.40000000e-01 
 7.50000000e-01  3.43529098e-09  3.41964111e-09  3.14727611e-09  4.59226260e-01  3.25783390e-09  3.34238932e-09  4.59226259e-01  1.62446776e-07  1.01894010e-07  7.50000000e-01 
 7.60000000e-01  3.43529098e-09  3.41964111e-09  3.14727607e-09  4.59226270e-01  3.25783390e-09  3.34238932e-09  4.59226270e-01  1.62446793e-07  1.01893974e-07  7.60000000e-01 
 7.70000000e-01  3.43529104e-09  3.41964111e-09  3.14727607e-09  4.59226281e-01  3.25783390e-09  3.34238932e-09  4.59226281e-01  1.62446796e-07  1.01893903e-07  7.70000000e-01 
 7.80000000e-01  3.43529104e-09  3.41964111e-09  3.14727612e-09  4.59226274e-01  3.25783390e-09  3.34238932e-09  4.59226274e-01  1.62446806e-07  1.01893839e-07  7.80000000e-01 
 7.90000000e-01  3.43529098e-09  3.41964111e-09  3.14727605e-09  4.59226281e-01  3.25783390e-09  3.34238932e-09  4.59226281e-01  1.62446800e-07  1.01893924e-07  7.90000000e-01 
 8.00000000e-01  3.43529104e-09  3.41964111e-09  3.14727607e-09  4.59226289e-01  3.25783390e-09  3.34238932e-09  4.59226289e-01  1.62446821e-07  1.01893733e-07  8.00000000e-01 
 8.10000000e-01  3.43529098e-09  3.41964111e-09  3.14727612e-09  4.59226277e-01  3.25783390e-09  3.34238932e-09  4.59226277e-01  1.62446801e-07  1.01893633e-07  8.10000000e-01 
 8.20000000e-01  3.43529104e-09  3.41964111e-09  3.14727611e-09  4.59226278e-01  3.25783390e-09  3.34238932e-09  4.59226278e-01  1.62446791e-07  1.01893541e-07  8.20000000e-01 
 8.30000000e-01  3.43529098e-09  3.41964111e-09  3.14727613e-09  4.59226267e-01  3.25783390e-09  3.34238932e-09  4.59226267e-01  1.62446784e-07  1.01893484e-07  8.30000000e-01 
 8.40000000e-01  3.43529104e-09  3.41964111e-09  3.14727611e-09  4.59226264e-01  3.25783390e-09  3.34238932e-09  4.59226264e-01  1.62446771e-07  1.01893392e-07  8.40000000e-01 
 8.50000000e-01  3.43529104e-09  3.41964111e-09  3.14727613e-09  4.59226264e-01  3.25783390e-09  3.34238932e-09  4.59226264e-01  1.62446784e-07  1.01893214e-07  8.50000000e-01 
 8.60000000e-01  3.43529098e-09  3.41964111e-09  3.14727611e-09  4.59226272e-01  3.25783390e-09  3.34238932e-09  4.59226272e-01  1.62446783e-07  1.01893207e-07  8.60000000e-01 
 8.70000000e-01  3.43529098e-09  3.41964111e-09  3.14727613e-09  4.59226292e-01  3.25783390e-09  3.34238932e-09  4.59226292e-01  1.62446816e-07  1.01893221e-07  8.70000000e-01 
 8.80000000e-01  3.43529104e-09  3.41964111e-09  3.14727611e-09  4.59226274e-01  3.25783390e-09  3.34238932e-09  4.59226274e-01  1.62446794e-07  1.01893015e-07  8.80000000e-01 
 8.90000000e-01  3.43529098e-09  3.41964111e-09  3.14727607e-09  4.59226274e-01  3.25783390e-09  3.34238932e-09  4.59226274e-01  1.62446793e-07  1.01892972e-07  8.90000000e-01 
 9.00000000e-01  3.43529098e-09  3.41964111e-09  3.14727607e-09  4.59226277e-01  3.25783390e-09  3.34238932e-09  4.59226277e-01  1.62446786e-07  1.01892866e-07  9.00000000e-01 
 9.10000000e-01  3.43529098e-09  3.41964111e-09  3.14727612e-09  4.59226285e-01  3.25783390e-09  3.34238938e-09  4.59226284e-01  1.62446817e-07  1.01892780e-07  9.10000000e-01 
 9.20000000e-01  3.43529104e-09  3.41964111e-09  3.14727605e-09  4.59226263e-01  3.25783390e-09  3.34238932e-09  4.59226263e-01  1.62446778e-07  1.01892610e-07  9.20000000e-01 
 9.30000000e-01  3.43529098e-09  3.41964111e-09  3.14727613e-09  4.59226268e-01  3.25783390e-09  3.34238932e-09  4.59226268e-01  1.62446776e-07  1.01892674e-07  9.30000000e-01 
 9.40000000e-01  3.43529104e-09  3.41964111e-09  3.14727605e-09  4.59226287e-01  3.25783390e-09  3.34238932e-09  4.59226287e-01  1.62446815e-07  1.01892589e-07  9.40000000e-01 
 9.50000000e-01  3.43529104e-09  3.41964111e-09  3.14727607e-09  4.59226287e-01  3.25783390e-09  3.34238932e-09  4.59226287e-01  1.62446825e-07  1.01892446e-07  9.50000000e-01 
 9.60000000e-01  3.43529098e-09  3.41964111e-09  3.14727607e-09  4.59226287e-01  3.25783390e-09  3.34238932e-09  4.59226287e-01  1.62446819e-07  1.01892482e-07  9.60000000e-01 
 9.70000000e-01  3.43529098e-09  3.41964111e-09  3.14727607e-09  4.59226280e-01  3.25783390e-09  3.34238932e-09  4.59226280e-01  1.62446813e-07  1.01892404e-07  9.70000000e-01 
 9.80000000e-01  3.43529104e-09  3.41964111e-09  3.14727607e-09  4.59226276e-01  3.25783390e-09  3.34238932e-09  4.59226276e-01  1.62446801e-07  1.01892176e-07  9.80000000e-01 
 9.90000000e-01  3.43529098e-09  3.41964111e-09  3.14727612e-09  4.59226258e-01  3.25783390e-09  3.34238931e-09  4.59226257e-01  1.62446756e-07  1.01892041e-07  9.90000000e-01 
 1.00000000e+00  3.43529098e-09  3.41964111e-09  3.14727607e-09  4.59226287e-01  3.25783390e-09  3.34238932e-09  4.59226287e-01  1.62446816e-07  1.01892077e-07  1.00000000e+00 
 1.01000000e+00  3.43529104e-09  3.41964111e-09  3.14727612e-09  4.59226293e-01  3.25783390e-09  3.34238932e-09  4.59226292e-01  1.62446824e-07  1.01892020e-07  1.01000000e+00 
 1.02000000e+00  3.43529104e-09  3.41964111e-09  3.14727605e-09  4.59226284e-01  3.25783390e-09  3.34238932e-09  4.59226284e-01  1.62446820e-07  1.01891885e-07  1.02000000e+00 
 1.03000000e+00  3.43529098e-09  3.41964111e-09  3.14727613e-09  4.59226274e-01  3.25783390e-09  3.34238932e-09  4.59226274e-01  1.62446788e-07  1.01891843e-07  1.03000000e+00 
 1.04000000e+00  3.43529098e-09  3.41964111e-09  3.14727611e-09  4.59226282e-01  3.25783390e-09  3.34238932e-09  4.59226282e-01  1.62446814e-07  1.01891679e-07  1.04000000e+00 
 1.05000000e+00  3.43529104e-09  3.41964111e-09  3.14727613e-09  4.59226281e-01  3.25783390e-09  3.34238932e-09  4.59226281e-01  1.62446805e-07  1.01891658e-07  1.05000000e+00 
 1.06000000e+00  3.43529104e-09  3.41964111e-09  3.14727611e-09  4.59226280e-01  3.25783390e-09  3.34238932e-09  4.59226280e-01  1.62446794e-07  1.01891601e-07  1.06000000e+00 
 1.07000000e+00  3.43529104e-09  3.41964111e-09  3.14727607e-09  4.59226286e-01  3.25783390e-09  3.34238932e-09  4.59226285e-01  1.62446806e-07  1.01891480e-07  1.07000000e+00 
 1.08000000e+00  3.43529098e-09  3.41964111e-09  3.14727612e-09  4.59226292e-01  3.25783390e-09  3.34238932e-09  4.59226292e-01  1.62446828e-07  1.01891310e-07  1.08000000e+00 
 1.09000000e+00  3.43529098e-09  3.41964111e-09  3.14727611e-09  4.59226289e-01  3.25783390e-09  3.34238932e-09  4.59226288e-01  1.62446830e-07  1.01891409e-07  1.09000000e+00 
 1.10000000e+00  3.43529098e-09  3.41964111e-09  3.14727613e-09  4.59226293e-01  3.25783390e-09  3.34238938e-09  4.59226293e-01  1.62446833e-07  1.01891217e-07  1.10000000e+00 
 1.11000000e+00  3.43529104e-09  3.41964111e-09  3.14727605e-09  4.59226266e-01  3.25783390e-09  3.34238932e-09  4.59226265e-01  1.62446792e-07  1.01891075e-07  1.11000000e+00 
 1.12000000e+00  3.43529104e-09  3.41964111e-09  3.14727613e-09  4.59226266e-01  3.25783390e-09  3.34238932e-09  4.59226266e-01  1.62446768e-07  1.01891111e-07  1.12000000e+00 
 1.13000000e+00  3.43529104e-09  3.41964111e-09  3.14727611e-09  4.59226284e-01  3.25783390e-09  3.34238932e-09  4.59226284e-01  1.62446816e-07  1.01890969e-07  1.13000000e+00 
 1.14000000e+00  3.43529098e-09  3.41964111e-09  3.14727607e-09  4.59226269e-01  3.25783390e-09  3.34238937e-09  4.59226269e-01  1.62446804e-07  1.01890890e-07  1.14000000e+00 
 1.15000000e+00  3.43529098e-09  3.41964111e-09  3.14727612e-09  4.59226289e-01  3.25783390e-09  3.34238932e-09  4.59226289e-01  1.62446817e-07  1.01890706e-07  1.15000000e+00 
 1.16000000e+00  3.43529104e-09  3.41964111e-09  3.14727611e-09  4.59226263e-01  3.25783390e-09  3.34238932e-09  4.59226263e-01  1.62446781e-07  1.01890592e-07  1.16000000e+00 
 1.17000000e+00  3.43529098e-09  3.41964111e-09  3.14727607e-09  4.59226272e-01  3.25783390e-09  3.34238932e-09  4.59226272e-01  1.62446789e-07  1.01890578e-07  1.17000000e+00 
 1.18000000e+00  3.43529104e-09  3.41964111e-09  3.14727612e-09  4.59226284e-01  3.25783390e-09  3.34238932e-09  4.59226283e-01  1.62446796e-07  1.01890478e-07  1.18000000e+00 
 1.19000000e+00  3.43529104e-09  3.41964111e-09  3.14727605e-09  4.59226271e-01  3.25783390e-09  3.34238932e-09  4.59226271e-01  1.62446791e-07  1.01890350e-07  1.19000000e+00 
 1.20000000e+00  3.43529098e-09  3.41964111e-09  3.14727607e-09  4.59226266e-01  3.25783390e-09  3.34238932e-09  4.59226266e-01  1.62446789e-07  1.01890180e-07  1.20000000e+00 
 1.21000000e+00  3.43529104e-09  3.41964111e-09  3.14727612e-09  4.59226267e-01  3.25783390e-09  3.34238932e-09  4.59226267e-01  1.62446763e-07  1.01890095e-07  1.21000000e+00 
 1.22000000e+00  3.43529104e-09  3.41964111e-09  3.14727607e-09  4.59226281e-01  3.25783390e-09  3.34238932e-09  4.59226281e-01  1.62446817e-07  1.01890009e-07  1.22000000e+00 
 1.23000000e+00  3.43529098e-09  3.41964111e-09  3.14727612e-09  4.59226271e-01  3.25783390e-09  3.34238932e-09  4.59226271e-01  1.62446793e-07  1.01889896e-07  1.23000000e+00 
 1.24000000e+00  3.43529098e-09  3.41964111e-09  3.14727605e-09  4.59226279e-01  3.25783390e-09  3.34238932e-09  4.59226279e-01  1.62446811e-07  1.01889881e-07  1.24000000e+00 
 1.25000000e+00  3.43529104e-09  3.41964111e-09  3.14727613e-09  4.59226280e-01  3.25783390e-09  3.34238932e-09  4.59226280e-01  1.62446811e-07  1.01889725e-07  1.25000000e+00 
 1.26000000e+00  3.43529098e-09  3.41964111e-09  3.14727605e-09  4.59226276e-01  3.25783390e-09  3.34238932e-09  4.59226276e-01  1.62446802e-07  1.01889640e-07  1.26000000e+00 
 1.27000000e+00  3.43529098e-09  3.41964111e-09  3.14727613e-09  4.59226283e-01  3.25783390e-09  3.34238932e-09  4.59226282e-01  1.62446810e-07  1.01889526e-07  1.27000000e+00 
 1.28000000e+00  3.43529098e-09  3.41964111e-09  3.14727611e-09  4.59226289e-01  3.25783390e-09  3.34238932e-09  4.59226289e-01  1.62446817e-07  1.01889484e-07  1.28000000e+00 
 1.29000000e+00  3.43529104e-09  3.41964111e-09  3.14727613e-09  4.59226269e-01  3.25783390e-09  3.34238932e-09  4.59226269e-01  1.62446796e-07  1.01889228e-07  1.29000000e+00 
 1.30000000e+00  3.43529104e-09  3.41964111e-09  3.14727605e-09  4.59226283e-01  3.25783390e-09  3.34238932e-09  4.59226283e-01  1.62446802e-07  1.01889185e-07  1.30000000e+00 
 1.31000000e+00  3.43529104e-09  3.41964111e-09  3.14727613e-09  4.59226261e-01  3.25783390e-09  3.34238932e-09  4.59226261e-01  1.62446783e-07  1.01888986e-07  1.31000000e+00 
 1.32000000e+00  3.43529104e-09  3.41964111e-09  3.14727606e-09  4.59226294e-01  3.25783390e-09  3.34238932e-09  4.59226294e-01  1.62446831e-07  1.01888901e-07  1.32000000e+00 
 1.33000000e+00  3.43529104e-09  3.41964111e-09  3.14727607e-09  4.59226258e-01  3.25783385e-09  3.34238937e-09  4.59226258e-01  1.62446774e-07  1.01888887e-07  1.33000000e+00 
 1.34000000e+00  3.43529098e-09  3.41964111e-09  3.14727612e-09  4.59226282e-01  3.25783390e-09  3.34238932e-09  4.59226282e-01  1.62446813e-07  1.01888602e-07  1.34000000e+00 
 1.35000000e+00  3.43529098e-09  3.41964111e-09  3.14727605e-09  4.59226258e-01  3.25783390e-09  3.34238931e-09  4.59226258e-01  1.62446779e-07  1.01888403e-07  1.35000000e+00 
 1.36000000e+00  3.43529098e-09  3.41964111e-09  3.14727613e-09  4.59226268e-01  3.25783390e-09  3.34238932e-09  4.59226268e-01  1.62446780e-07  1.01888332e-07  1.36000000e+00 
 1.37000000e+00  3.43529098e-09  3.41964111e-09  3.14727611e-09  4.59226286e-01  3.25783390e-09  3.34238932e-09  4.59226286e-01  1.62446815e-07  1.01888119e-07  1.37000000e+00 
 1.38000000e+00  3.43529104e-09  3.41964111e-09  3.14727613e-09  4.59226287e-01  3.25783390e-09  3.34238932e-09  4.59226287e-01  1.62446826e-07  1.01888048e-07  1.38000000e+00 
 1.39000000e+00  3.43529098e-09  3.41964111e-09  3.14727611e-09  4.59226287e-01  3.25783390e-09  3.34238932e-09  4.59226287e-01  1.62446810e-07  1.01887963e-07  1.39000000e+00 
 1.40000000e+00  3.43529104e-09  3.41964111e-09  3.14727613e-09  4.59226295e-01  3.25783390e-09  3.34238932e-09  4.59226295e-01  1.62446825e-07  1.01887792e-07  1.40000000e+00 
 1.41000000e+00  3.43529098e-09  3.41964111e-09  3.14727611e-09  4.59226288e-01  3.25783390e-09  3.34238932e-09  4.59226288e-01  1.62446819e-07  1.01887508e-07  1.41000000e+00 
 1.42000000e+00  3.43529098e-09  3.41964111e-09  3.14727607e-09  4.59226281e-01  3.25783390e-09  3.34238932e-09  4.59226281e-01  1.62446797e-07  1.01887196e-07  1.42000000e+00 
 1.43000000e+00  3.43529104e-09  3.41964111e-09  3.14727607e-09  4.59226282e-01  3.25783390e-09  3.34238932e-09  4.59226282e-01  1.62446801e-07  1.01886954e-07  1.43000000e+00 
 1.44000000e+00  3.43529104e-09  3.41964111e-09  3.14727607e-09  4.59226289e-01  3.25783390e-09  3.34238932e-09  4.59226289e-01  1.62446817e-07  1.01886698e-07  1.44000000e+00 
 1.45000000e+00  3.43529104e-09  3.41964111e-09  3.14727612e-09  4.59226295e-01  3.25783390e-09  3.34238932e-09  4.59226295e-01  1.62446829e-07  1.01886471e-07  1.45000000e+00 
 1.46000000e+00  3.43529104e-09  3.41964111e-09  3.14727611e-09  4.59226281e-01  3.25783390e-09  3.34238932e-09  4.59226281e-01  1.62446810e-07  1.01886002e-07  1.46000000e+00 
 1.47000000e+00  3.43529104e-09  3.41964111e-09  3.14727607e-09  4.59226275e-01  3.25783390e-09  3.34238932e-09  4.59226275e-01  1.62446796e-07  1.01885661e-07  1.47000000e+00 
 1.48000000e+00  3.43529104e-09  3.41964111e-09  3.14727607e-09  4.59226295e-01  3.25783390e-09  3.34238932e-09  4.59226295e-01  1.62446818e-07  1.01885348e-07  1.48000000e+00 
 1.49000000e+00  3.43529104e-09  3.41964111e-09  3.14727607e-09  4.59226284e-01  3.25783390e-09  3.34238932e-09  4.59226284e-01  1.62446820e-07  1.01884652e-07  1.49000000e+00 
 1.50000000e+00  3.43529104e-09  3.41964111e-09  3.14727607e-09  4.59226280e-01  3.25783390e-09  3.34238932e-09  4.59226280e-01  1.62446796e-07  1.01884126e-07  1.50000000e+00 
 1.51000000e+00  3.43529098e-09  3.41964111e-09  3.14727607e-09  4.59226274e-01  3.25783390e-09  3.34238932e-09  4.59226274e-01  1.62446797e-07  1.01883188e-07  1.51000000e+00 
 1.52000000e+00  3.43529104e-09  3.41964111e-09  3.14727607e-09  4.59226277e-01  3.25783390e-09  3.34238932e-09  4.59226277e-01  1.62446804e-07  1.01882193e-07  1.52000000e+00 
 1.53000000e+00  3.43529098e-09  3.41964111e-09  3.14727612e-09  4.59226274e-01  3.25783390e-09  3.34238932e-09  4.59226274e-01  1.62446798e-07  1.01880715e-07  1.53000000e+00 
 1.54000000e+00  3.43529098e-09  3.41964111e-09  3.14727605e-09  4.59226281e-01  3.25783390e-09  3.34238932e-09  4.59226281e-01  1.62446817e-07  1.01878783e-07  1.54000000e+00 
 1.55000000e+00  3.43529104e-09  3.41964111e-09  3.14727607e-09  4.59226302e-01  3.25783390e-09  3.34238932e-09  4.59226302e-01  1.62446837e-07  1.01875926e-07  1.55000000e+00 
 1.56000000e+00  3.43529104e-09  3.41964111e-09  3.14727612e-09  4.59226302e-01  3.25783390e-09  3.34238938e-09  4.59226302e-01  1.62446820e-07  1.01871422e-07  1.56000000e+00 
 1.57000000e+00  3.43529098e-09  3.41964111e-09  3.14727611e-09  4.59226282e-01  3.25783390e-09  3.34238932e-09  4.59226282e-01  1.62446817e-07  1.01864472e-07  1.57000000e+00 
 1.58000000e+00  3.43529098e-09  3.41964111e-09  3.14727613e-09  4.59226272e-01  3.25783390e-09  3.34238932e-09  4.59226272e-01  1.62446792e-07  1.01852834e-07  1.58000000e+00 
 1.59000000e+00  3.43529104e-09  3.41964111e-09  3.14727611e-09  4.59226285e-01  3.25783390e-09  3.34238932e-09  4.59226285e-01  1.62446800e-07  1.01831802e-07  1.59000000e+00 
 1.60000000e+00  3.43529104e-09  3.41964111e-09  3.14727607e-09  4.59226267e-01  3.25783390e-09  3.34238932e-09  4.59226267e-01  1.62446806e-07  1.01793205e-07  1.60000000e+00 
 1.61000000e+00  3.43529104e-09  3.41964111e-09  3.14727607e-09  4.59226278e-01  3.25783390e-09  3.34238932e-09  4.59226278e-01  1.62446803e-07  1.01718712e-07  1.61000000e+00 
 1.62000000e+00  3.43529104e-09  3.41964111e-09  3.14727607e-09  4.59226300e-01  3.25783390e-09  3.34238932e-09  4.59226300e-01  1.62446824e-07  1.01548480e-07  1.62000000e+00 
 1.63000000e+00  3.43529098e-09  3.41964111e-09  3.14727607e-09  4.59226287e-01  3.25783390e-09  3.34238932e-09  4.59226287e-01  1.62446831e-07  1.00961728e-07  1.63000000e+00 
 1.64000000e+00  3.43529104e-09  3.41964111e-09  3.14727612e-09  4.59226272e-01  3.25783390e-09  3.34238932e-09  4.59226272e-01  1.62446796e-07  9.94897675e-08  1.64000000e+00 
 1.65000000e+00  3.43529104e-09  3.41964111e-09  3.14727612e-09  4.59226264e-01  3.25783390e-09  3.34238932e-09  4.59226263e-01  1.62446786e-07  8.94073366e-08  1.65000000e+00 
 1.66000000e+00  3.43529098e-09  3.41964111e-09  3.14727607e-09  4.59226278e-01  3.25783390e-09  3.34238932e-09  4.59226278e-01  1.62446797e-07  7.27248732e-08  1.66000000e+00 
 1.67000000e+00  3.43529098e-09  3.41964111e-09  3.14727607e-09  4.59226281e-01  3.25783390e-09  3.34238932e-09  4.59226281e-01  1.62446810e-07  5.86340860e-08  1.67000000e+00 
 1.68000000e+00  3.43529104e-09  3.41964111e-09  3.14727612e-09  4.59226283e-01  3.25783390e-09  3.34238932e-09  4.59226283e-01  1.62446806e-07  4.68689905e-08  1.68000000e+00 
 1.69000000e+00  3.43529104e-09  3.41964111e-09  3.14727611e-09  4.59226276e-01  3.25783390e-09  3.34238932e-09  4.59226276e-01  1.62446796e-07  3.71276627e-08  1.69000000e+00 
 1.70000000e+00  3.43529098e-09  3.41964111e-09  3.14727613e-09  4.59226275e-01  3.25783390e-09  3.34238932e-09  4.59226275e-01  1.62446799e-07  2.91084916e-08  1.70000000e+00 
 1.71000000e+00  3.43529098e-09  3.41964111e-09  3.14727611e-09  4.59226276e-01  3.25783390e-09  3.34238932e-09  4.59226276e-01  1.62446800e-07  2.25338965e-08  1.71000000e+00 
 1.72000000e+00  3.43529098e-09  3.41964111e-09  3.14727607e-09  4.59226299e-01  3.25783390e-09  3.34238932e-09  4.59226299e-01  1.62446837e-07  1.71586123e-08  1.72000000e+00 
 1.73000000e+00  3.43529104e-09  3.41964111e-09  3.14727607e-09  4.59226273e-01  3.25783390e-09  3.34238932e-09  4.59226273e-01  1.62446795e-07  1.27698314e-08  1.73000000e+00 
 1.74000000e+00  3.43529104e-09  3.41964111e-09  3.14727607e-09  4.59226290e-01  3.25783390e-09  3.34238932e-09  4.59226290e-01  1.62446815e-07  9.18251430e-09  1.74000000e+00 
 1.75000000e+00  3.43529098e-09  3.41964111e-09  3.14727607e-09  4.59226273e-01  3.25783390e-09  3.34238932e-09  4.59226273e-01  1.62446805e-07  6.23637675e-09  1.75000000e+00 
 1.76000000e+00  3.43529104e-09  3.41964111e-09  3.14727607e-09  4.59226254e-01  3.25783390e-09  3.34238931e-09  4.59226254e-01  1.62446760e-07  3.79419873e-09  1.76000000e+00 
 1.77000000e+00  3.43529098e-09  3.41964111e-09  3.14727607e-09  4.59226280e-01  3.25783390e-09  3.34238932e-09  4.59226279e-01  1.62446816e-07  1.74813408e-09  1.77000000e+00 
 1.78000000e+00  3.43529098e-09  3.41964111e-09  3.14727612e-09  4.59226283e-01  3.25783390e-09  3.34238932e-09  4.59226283e-01  1.62446819e-07  3.25428573e-11  1.78000000e+00 
 1.79000000e+00  3.43529104e-09  3.41964111e-09  3.14727611e-09  4.59226283e-01  3.25783390e-09  3.34238932e-09  4.59226283e-01  1.62446805e-07 -1.37180223e-09  1.79000000e+00 
 1.80000000e+00  3.43529098e-09  3.41964111e-09  3.14727613e-09  4.59226267e-01  3.25783390e-09  3.34238932e-09  4.59226267e-01  1.62446784e-07 -2.46205900e-09  1.80000000e+00 
