 v-sweep         v(b0)           v(b1)           v(b2)           v(b3)           v(b4)           v(b5)           v(b6)           i(vbias)        i(viout)        v(vout)        
 0.00000000e+00  3.15265877e-09  4.59806448e-01  4.59806448e-01  4.59806448e-01  3.32775847e-09  4.59806448e-01  4.59806448e-01  1.60041309e-07  1.73407597e-07  0.00000000e+00 
 1.00000000e-02  3.15265874e-09  4.59806391e-01  4.59806391e-01  4.59806391e-01  3.32775844e-09  4.59806391e-01  4.59806391e-01  1.60041218e-07  1.73406873e-07  1.00000000e-02 
 2.00000000e-02  3.15265874e-09  4.59806396e-01  4.59806396e-01  4.59806397e-01  3.32775844e-09  4.59806396e-01  4.59806396e-01  1.60041226e-07  1.73406461e-07  2.00000000e-02 
 3.00000000e-02  3.15265875e-09  4.59806399e-01  4.59806399e-01  4.59806399e-01  3.32775850e-09  4.59806399e-01  4.59806399e-01  1.60041231e-07  1.73406075e-07  3.00000000e-02 
 4.00000000e-02  3.15265875e-09  4.59806427e-01  4.59806427e-01  4.59806427e-01  3.32775845e-09  4.59806427e-01  4.59806427e-01  1.60041265e-07  1.73405893e-07  4.00000000e-02 
 5.00000000e-02  3.15265875e-09  4.59806422e-01  4.59806422e-01  4.59806422e-01  3.32775850e-09  4.59806422e-01  4.59806422e-01  1.60041277e-07  1.73405362e-07  5.00000000e-02 
 6.00000000e-02  3.15265869e-09  4.59806409e-01  4.59806409e-01  4.59806409e-01  3.32775844e-09  4.59806409e-01  4.59806409e-01  1.60041250e-07  1.73404870e-07  6.00000000e-02 
 7.00000000e-02  3.15265875e-09  4.59806433e-01  4.59806433e-01  4.59806433e-01  3.32775850e-09  4.59806433e-01  4.59806433e-01  1.60041291e-07  1.73404683e-07  7.00000000e-02 
 8.00000000e-02  3.15265875e-09  4.59806420e-01  4.59806420e-01  4.59806420e-01  3.32775850e-09  4.59806420e-01  4.59806420e-01  1.60041255e-07  1.73404344e-07  8.00000000e-02 
 9.00000000e-02  3.15265874e-09  4.59806391e-01  4.59806391e-01  4.59806391e-01  3.32775850e-09  4.59806391e-01  4.59806391e-01  1.60041226e-07  1.73403746e-07  9.00000000e-02 
 1.00000000e-01  3.15265875e-09  4.59806401e-01  4.59806401e-01  4.59806401e-01  3.32775850e-09  4.59806401e-01  4.59806401e-01  1.60041243e-07  1.73403532e-07  1.00000000e-01 
 1.10000000e-01  3.15265874e-09  4.59806391e-01  4.59806391e-01  4.59806391e-01  3.32775844e-09  4.59806391e-01  4.59806391e-01  1.60041224e-07  1.73403373e-07  1.10000000e-01 
 1.20000000e-01  3.15265875e-09  4.59806417e-01  4.59806417e-01  4.59806417e-01  3.32775850e-09  4.59806417e-01  4.59806417e-01  1.60041272e-07  1.73403008e-07  1.20000000e-01 
 1.30000000e-01  3.15265875e-09  4.59806403e-01  4.59806403e-01  4.59806403e-01  3.32775844e-09  4.59806403e-01  4.59806403e-01  1.60041247e-07  1.73402618e-07  1.30000000e-01 
 1.40000000e-01  3.15265875e-09  4.59806434e-01  4.59806434e-01  4.59806434e-01  3.32775845e-09  4.59806434e-01  4.59806434e-01  1.60041295e-07  1.73402424e-07  1.40000000e-01 
 1.50000000e-01  3.15265875e-09  4.59806416e-01  4.59806416e-01  4.59806416e-01  3.32775845e-09  4.59806416e-01  4.59806416e-01  1.60041252e-07  1.73402144e-07  1.50000000e-01 
 1.60000000e-01  3.15265875e-09  4.59806408e-01  4.59806409e-01  4.59806409e-01  3.32775844e-09  4.59806409e-01  4.59806408e-01  1.60041247e-07  1.73401915e-07  1.60000000e-01 
 1.70000000e-01  3.15265875e-09  4.59806402e-01  4.59806402e-01  4.59806402e-01  3.32775850e-09  4.59806402e-01  4.59806402e-01  1.60041227e-07  1.73401574e-07  1.70000000e-01 
 1.80000000e-01  3.15265875e-09  4.59806421e-01  4.59806421e-01  4.59806421e-01  3.32775850e-09  4.59806421e-01  4.59806421e-01  1.60041268e-07  1.73401517e-07  1.80000000e-01 
 1.90000000e-01  3.15265874e-09  4.59806389e-01  4.59806389e-01  4.59806389e-01  3.32775844e-09  4.59806389e-01  4.59806389e-01  1.60041231e-07  1.73401094e-07  1.90000000e-01 
 2.00000000e-01  3.15265875e-09  4.59806400e-01  4.59806400e-01  4.59806401e-01  3.32775844e-09  4.59806401e-01  4.59806400e-01  1.60041243e-07  1.73400915e-07  2.00000000e-01 
 2.10000000e-01  3.15265875e-09  4.59806409e-01  4.59806409e-01  4.59806410e-01  3.32775845e-09  4.59806409e-01  4.59806409e-01  1.60041248e-07  1.73400696e-07  2.10000000e-01 
 2.20000000e-01  3.15265874e-09  4.59806396e-01  4.59806396e-01  4.59806396e-01  3.32775844e-09  4.59806396e-01  4.59806396e-01  1.60041234e-07  1.73400496e-07  2.20000000e-01 
 2.30000000e-01  3.15265875e-09  4.59806416e-01  4.59806416e-01  4.59806416e-01  3.32775845e-09  4.59806416e-01  4.59806416e-01  1.60041240e-07  1.73400306e-07  2.30000000e-01 
 2.40000000e-01  3.15265874e-09  4.59806388e-01  4.59806388e-01  4.59806388e-01  3.32775850e-09  4.59806388e-01  4.59806388e-01  1.60041224e-07  1.73400018e-07  2.40000000e-01 
 2.50000000e-01  3.15265875e-09  4.59806418e-01  4.59806418e-01  4.59806418e-01  3.32775845e-09  4.59806418e-01  4.59806418e-01  1.60041258e-07  1.73399954e-07  2.50000000e-01 
 2.60000000e-01  3.15265874e-09  4.59806394e-01  4.59806394e-01  4.59806394e-01  3.32775844e-09  4.59806394e-01  4.59806394e-01  1.60041230e-07  1.73399554e-07  2.60000000e-01 
 2.70000000e-01  3.15265875e-09  4.59806416e-01  4.59806416e-01  4.59806416e-01  3.32775845e-09  4.59806416e-01  4.59806416e-01  1.60041264e-07  1.73399686e-07  2.70000000e-01 
 2.80000000e-01  3.15265874e-09  4.59806391e-01  4.59806391e-01  4.59806391e-01  3.32775850e-09  4.59806391e-01  4.59806391e-01  1.60041234e-07  1.73399316e-07  2.80000000e-01 
 2.90000000e-01  3.15265874e-09  4.59806385e-01  4.59806385e-01  4.59806385e-01  3.32775844e-09  4.59806385e-01  4.59806385e-01  1.60041226e-07  1.73399044e-07  2.90000000e-01 
 3.00000000e-01  3.15265875e-09  4.59806412e-01  4.59806412e-01  4.59806412e-01  3.32775845e-09  4.59806412e-01  4.59806412e-01  1.60041267e-07  1.73399080e-07  3.00000000e-01 
 3.10000000e-01  3.15265869e-09  4.59806398e-01  4.59806398e-01  4.59806398e-01  3.32775850e-09  4.59806398e-01  4.59806398e-01  1.60041235e-07  1.73398849e-07  3.10000000e-01 
 3.20000000e-01  3.15265869e-09  4.59806419e-01  4.59806419e-01  4.59806419e-01  3.32775845e-09  4.59806419e-01  4.59806419e-01  1.60041260e-07  1.73398764e-07  3.20000000e-01 
 3.30000000e-01  3.15265875e-09  4.59806415e-01  4.59806415e-01  4.59806415e-01  3.32775845e-09  4.59806415e-01  4.59806415e-01  1.60041251e-07  1.73398654e-07  3.30000000e-01 
 3.40000000e-01  3.15265874e-09  4.59806388e-01  4.59806388e-01  4.59806388e-01  3.32775844e-09  4.59806388e-01  4.59806388e-01  1.60041216e-07  1.73398274e-07  3.40000000e-01 
 3.50000000e-01  3.15265875e-09  4.59806402e-01  4.59806402e-01  4.59806402e-01  3.32775850e-09  4.59806402e-01  4.59806402e-01  1.60041249e-07  1.73398195e-07  3.50000000e-01 
 3.60000000e-01  3.15265875e-09  4.59806406e-01  4.59806406e-01  4.59806406e-01  3.32775850e-09  4.59806406e-01  4.59806406e-01  1.60041250e-07  1.73398021e-07  3.60000000e-01 
 3.70000000e-01  3.15265875e-09  4.59806413e-01  4.59806413e-01  4.59806413e-01  3.32775850e-09  4.59806413e-01  4.59806413e-01  1.60041248e-07  1.73398007e-07  3.70000000e-01 
 3.80000000e-01  3.15265869e-09  4.59806408e-01  4.59806408e-01  4.59806409e-01  3.32775844e-09  4.59806409e-01  4.59806408e-01  1.60041248e-07  1.73397829e-07  3.80000000e-01 
 3.90000000e-01  3.15265875e-09  4.59806413e-01  4.59806413e-01  4.59806413e-01  3.32775850e-09  4.59806413e-01  4.59806413e-01  1.60041244e-07  1.73397630e-07  3.90000000e-01 
 4.00000000e-01  3.15265875e-09  4.59806409e-01  4.59806409e-01  4.59806409e-01  3.32775845e-09  4.59806409e-01  4.59806409e-01  1.60041253e-07  1.73397506e-07  4.00000000e-01 
 4.10000000e-01  3.15265875e-09  4.59806404e-01  4.59806404e-01  4.59806405e-01  3.32775850e-09  4.59806404e-01  4.59806404e-01  1.60041233e-07  1.73397321e-07  4.10000000e-01 
 4.20000000e-01  3.15265875e-09  4.59806417e-01  4.59806417e-01  4.59806417e-01  3.32775845e-09  4.59806417e-01  4.59806417e-01  1.60041256e-07  1.73397229e-07  4.20000000e-01 
 4.30000000e-01  3.15265875e-09  4.59806411e-01  4.59806411e-01  4.59806411e-01  3.32775850e-09  4.59806411e-01  4.59806411e-01  1.60041261e-07  1.73397016e-07  4.30000000e-01 
 4.40000000e-01  3.15265869e-09  4.59806413e-01  4.59806413e-01  4.59806413e-01  3.32775850e-09  4.59806413e-01  4.59806413e-01  1.60041238e-07  1.73396870e-07  4.40000000e-01 
 4.50000000e-01  3.15265869e-09  4.59806422e-01  4.59806422e-01  4.59806422e-01  3.32775845e-09  4.59806422e-01  4.59806422e-01  1.60041269e-07  1.73396792e-07  4.50000000e-01 
 4.60000000e-01  3.15265875e-09  4.59806403e-01  4.59806403e-01  4.59806403e-01  3.32775844e-09  4.59806403e-01  4.59806403e-01  1.60041251e-07  1.73396664e-07  4.60000000e-01 
 4.70000000e-01  3.15265869e-09  4.59806421e-01  4.59806421e-01  4.59806421e-01  3.32775850e-09  4.59806421e-01  4.59806421e-01  1.60041260e-07  1.73396558e-07  4.70000000e-01 
 4.80000000e-01  3.15265875e-09  4.59806402e-01  4.59806402e-01  4.59806402e-01  3.32775844e-09  4.59806402e-01  4.59806402e-01  1.60041255e-07  1.73396298e-07  4.80000000e-01 
 4.90000000e-01  3.15265875e-09  4.59806410e-01  4.59806410e-01  4.59806410e-01  3.32775850e-09  4.59806410e-01  4.59806410e-01  1.60041254e-07  1.73396252e-07  4.90000000e-01 
 5.00000000e-01  3.15265875e-09  4.59806421e-01  4.59806421e-01  4.59806421e-01  3.32775845e-09  4.59806421e-01  4.59806421e-01  1.60041264e-07  1.73396156e-07  5.00000000e-01 
 5.10000000e-01  3.15265875e-09  4.59806404e-01  4.59806404e-01  4.59806404e-01  3.32775850e-09  4.59806404e-01  4.59806404e-01  1.60041240e-07  1.73395975e-07  5.10000000e-01 
 5.20000000e-01  3.15265875e-09  4.59806400e-01  4.59806400e-01  4.59806400e-01  3.32775850e-09  4.59806400e-01  4.59806400e-01  1.60041236e-07  1.73395879e-07  5.20000000e-01 
 5.30000000e-01  3.15265875e-09  4.59806407e-01  4.59806407e-01  4.59806408e-01  3.32775850e-09  4.59806408e-01  4.59806407e-01  1.60041248e-07  1.73395687e-07  5.30000000e-01 
 5.40000000e-01  3.15265875e-09  4.59806409e-01  4.59806409e-01  4.59806409e-01  3.32775850e-09  4.59806409e-01  4.59806409e-01  1.60041242e-07  1.73395545e-07  5.40000000e-01 
 5.50000000e-01  3.15265875e-09  4.59806402e-01  4.59806402e-01  4.59806402e-01  3.32775844e-09  4.59806402e-01  4.59806402e-01  1.60041234e-07  1.73395510e-07  5.50000000e-01 
 5.60000000e-01  3.15265875e-09  4.59806412e-01  4.59806412e-01  4.59806412e-01  3.32775850e-09  4.59806412e-01  4.59806412e-01  1.60041261e-07  1.73395371e-07  5.60000000e-01 
 5.70000000e-01  3.15265875e-09  4.59806409e-01  4.59806409e-01  4.59806409e-01  3.32775850e-09  4.59806409e-01  4.59806409e-01  1.60041258e-07  1.73395119e-07  5.70000000e-01 
 5.80000000e-01  3.15265875e-09  4.59806402e-01  4.59806402e-01  4.59806402e-01  3.32775850e-09  4.59806402e-01  4.59806402e-01  1.60041229e-07  1.73395016e-07  5.80000000e-01 
 5.90000000e-01  3.15265875e-09  4.59806411e-01  4.59806411e-01  4.59806411e-01  3.32775845e-09  4.59806411e-01  4.59806411e-01  1.60041260e-07  1.73394987e-07  5.90000000e-01 
 6.00000000e-01  3.15265875e-09  4.59806410e-01  4.59806411e-01  4.59806411e-01  3.32775845e-09  4.59806411e-01  4.59806411e-01  1.60041261e-07  1.73394781e-07  6.00000000e-01 
 6.10000000e-01  3.15265875e-09  4.59806422e-01  4.59806422e-01  4.59806422e-01  3.32775850e-09  4.59806422e-01  4.59806422e-01  1.60041277e-07  1.73394760e-07  6.10000000e-01 
 6.20000000e-01  3.15265875e-09  4.59806408e-01  4.59806408e-01  4.59806408e-01  3.32775850e-09  4.59806408e-01  4.59806408e-01  1.60041253e-07  1.73394604e-07  6.20000000e-01 
 6.30000000e-01  3.15265869e-09  4.59806397e-01  4.59806397e-01  4.59806397e-01  3.32775850e-09  4.59806397e-01  4.59806397e-01  1.60041241e-07  1.73394362e-07  6.30000000e-01 
 6.40000000e-01  3.15265875e-09  4.59806406e-01  4.59806406e-01  4.59806406e-01  3.32775844e-09  4.59806406e-01  4.59806406e-01  1.60041254e-07  1.73394405e-07  6.40000000e-01 
 6.50000000e-01  3.15265875e-09  4.59806411e-01  4.59806411e-01  4.59806411e-01  3.32775850e-09  4.59806411e-01  4.59806411e-01  1.60041256e-07  1.73394142e-07  6.50000000e-01 
 6.60000000e-01  3.15265875e-09  4.59806411e-01  4.59806411e-01  4.59806411e-01  3.32775845e-09  4.59806411e-01  4.59806411e-01  1.60041257e-07  1.73394085e-07  6.60000000e-01 
 6.70000000e-01  3.15265875e-09  4.59806410e-01  4.59806410e-01  4.59806410e-01  3.32775845e-09  4.59806410e-01  4.59806410e-01  1.60041238e-07  1.73393843e-07  6.70000000e-01 
 6.80000000e-01  3.15265875e-09  4.59806402e-01  4.59806402e-01  4.59806402e-01  3.32775844e-09  4.59806402e-01  4.59806402e-01  1.60041245e-07  1.73393694e-07  6.80000000e-01 
 6.90000000e-01  3.15265875e-09  4.59806406e-01  4.59806406e-01  4.59806406e-01  3.32775844e-09  4.59806406e-01  4.59806406e-01  1.60041241e-07  1.73393566e-07  6.90000000e-01 
 7.00000000e-01  3.15265875e-09  4.59806412e-01  4.59806412e-01  4.59806412e-01  3.32775850e-09  4.59806412e-01  4.59806412e-01  1.60041260e-07  1.73393452e-07  7.00000000e-01 
 7.10000000e-01  3.15265875e-09  4.59806415e-01  4.59806415e-01  4.59806415e-01  3.32775845e-09  4.59806415e-01  4.59806415e-01  1.60041271e-07  1.73393360e-07  7.10000000e-01 
 7.20000000e-01  3.15265869e-09  4.59806420e-01  4.59806420e-01  4.59806420e-01  3.32775850e-09  4.59806420e-01  4.59806420e-01  1.60041258e-07  1.73393325e-07  7.20000000e-01 
 7.30000000e-01  3.15265875e-09  4.59806431e-01  4.59806431e-01  4.59806431e-01  3.32775845e-09  4.59806431e-01  4.59806431e-01  1.60041272e-07  1.73393133e-07  7.30000000e-01 
 7.40000000e-01  3.15265874e-09  4.59806386e-01  4.59806386e-01  4.59806386e-01  3.32775844e-09  4.59806386e-01  4.59806386e-01  1.60041214e-07  1.73392841e-07  7.40000000e-01 
 7.50000000e-01  3.15265875e-09  4.59806408e-01  4.59806408e-01  4.59806408e-01  3.32775844e-09  4.59806408e-01  4.59806408e-01  1.60041262e-07  1.73392905e-07  7.50000000e-01 
 7.60000000e-01  3.15265875e-09  4.59806405e-01  4.59806405e-01  4.59806405e-01  3.32775844e-09  4.59806405e-01  4.59806405e-01  1.60041237e-07  1.73392650e-07  7.60000000e-01 
 7.70000000e-01  3.15265875e-09  4.59806409e-01  4.59806409e-01  4.59806409e-01  3.32775850e-09  4.59806409e-01  4.59806409e-01  1.60041250e-07  1.73392522e-07  7.70000000e-01 
 7.80000000e-01  3.15265874e-09  4.59806393e-01  4.59806393e-01  4.59806393e-01  3.32775844e-09  4.59806393e-01  4.59806393e-01  1.60041212e-07  1.73392337e-07  7.80000000e-01 
 7.90000000e-01  3.15265875e-09  4.59806406e-01  4.59806406e-01  4.59806406e-01  3.32775850e-09  4.59806406e-01  4.59806406e-01  1.60041258e-07  1.73392181e-07  7.90000000e-01 
 8.00000000e-01  3.15265875e-09  4.59806433e-01  4.59806433e-01  4.59806433e-01  3.32775845e-09  4.59806433e-01  4.59806433e-01  1.60041302e-07  1.73392060e-07  8.00000000e-01 
 8.10000000e-01  3.15265875e-09  4.59806416e-01  4.59806416e-01  4.59806416e-01  3.32775850e-09  4.59806416e-01  4.59806416e-01  1.60041266e-07  1.73391896e-07  8.10000000e-01 
 8.20000000e-01  3.15265875e-09  4.59806408e-01  4.59806408e-01  4.59806409e-01  3.32775850e-09  4.59806408e-01  4.59806408e-01  1.60041259e-07  1.73391896e-07  8.20000000e-01 
 8.30000000e-01  3.15265875e-09  4.59806409e-01  4.59806409e-01  4.59806409e-01  3.32775850e-09  4.59806409e-01  4.59806409e-01  1.60041241e-07  1.73391626e-07  8.30000000e-01 
 8.40000000e-01  3.15265874e-09  4.59806387e-01  4.59806387e-01  4.59806387e-01  3.32775844e-09  4.59806387e-01  4.59806387e-01  1.60041221e-07  1.73391449e-07  8.40000000e-01 
 8.50000000e-01  3.15265874e-09  4.59806395e-01  4.59806395e-01  4.59806395e-01  3.32775850e-09  4.59806395e-01  4.59806395e-01  1.60041226e-07  1.73391314e-07  8.50000000e-01 
 8.60000000e-01  3.15265875e-09  4.59806402e-01  4.59806402e-01  4.59806402e-01  3.32775844e-09  4.59806402e-01  4.59806402e-01  1.60041239e-07  1.73391214e-07  8.60000000e-01 
 8.70000000e-01  3.15265874e-09  4.59806394e-01  4.59806394e-01  4.59806394e-01  3.32775844e-09  4.59806394e-01  4.59806394e-01  1.60041222e-07  1.73391079e-07  8.70000000e-01 
 8.80000000e-01  3.15265875e-09  4.59806439e-01  4.59806439e-01  4.59806439e-01  3.32775845e-09  4.59806439e-01  4.59806439e-01  1.60041295e-07  1.73391143e-07  8.80000000e-01 
 8.90000000e-01  3.15265874e-09  4.59806396e-01  4.59806396e-01  4.59806397e-01  3.32775850e-09  4.59806396e-01  4.59806396e-01  1.60041227e-07  1.73390703e-07  8.90000000e-01 
 9.00000000e-01  3.15265874e-09  4.59806396e-01  4.59806396e-01  4.59806396e-01  3.32775850e-09  4.59806396e-01  4.59806396e-01  1.60041227e-07  1.73390625e-07  9.00000000e-01 
 9.10000000e-01  3.15265875e-09  4.59806402e-01  4.59806402e-01  4.59806402e-01  3.32775850e-09  4.59806402e-01  4.59806402e-01  1.60041240e-07  1.73390404e-07  9.10000000e-01 
 9.20000000e-01  3.15265874e-09  4.59806396e-01  4.59806396e-01  4.59806396e-01  3.32775850e-09  4.59806396e-01  4.59806396e-01  1.60041234e-07  1.73390347e-07  9.20000000e-01 
 9.30000000e-01  3.15265875e-09  4.59806430e-01  4.59806430e-01  4.59806430e-01  3.32775845e-09  4.59806430e-01  4.59806430e-01  1.60041294e-07  1.73390397e-07  9.30000000e-01 
 9.40000000e-01  3.15265875e-09  4.59806421e-01  4.59806421e-01  4.59806421e-01  3.32775850e-09  4.59806421e-01  4.59806421e-01  1.60041266e-07  1.73390148e-07  9.40000000e-01 
 9.50000000e-01  3.15265875e-09  4.59806407e-01  4.59806407e-01  4.59806407e-01  3.32775850e-09  4.59806407e-01  4.59806407e-01  1.60041241e-07  1.73389900e-07  9.50000000e-01 
 9.60000000e-01  3.15265869e-09  4.59806408e-01  4.59806408e-01  4.59806408e-01  3.32775850e-09  4.59806408e-01  4.59806408e-01  1.60041255e-07  1.73389715e-07  9.60000000e-01 
 9.70000000e-01  3.15265875e-09  4.59806412e-01  4.59806412e-01  4.59806412e-01  3.32775845e-09  4.59806412e-01  4.59806412e-01  1.60041247e-07  1.73389559e-07  9.70000000e-01 
 9.80000000e-01  3.15265875e-09  4.59806427e-01  4.59806427e-01  4.59806427e-01  3.32775850e-09  4.59806427e-01  4.59806427e-01  1.60041279e-07  1.73389495e-07  9.80000000e-01 
 9.90000000e-01  3.15265874e-09  4.59806383e-01  4.59806383e-01  4.59806383e-01  3.32775844e-09  4.59806383e-01  4.59806383e-01  1.60041199e-07  1.73389125e-07  9.90000000e-01 
 1.00000000e+00  3.15265874e-09  4.59806397e-01  4.59806397e-01  4.59806397e-01  3.32775850e-09  4.59806397e-01  4.59806397e-01  1.60041224e-07  1.73389083e-07  1.00000000e+00 
 1.01000000e+00  3.15265869e-09  4.59806408e-01  4.59806408e-01  4.59806408e-01  3.32775850e-09  4.59806408e-01  4.59806408e-01  1.60041242e-07  1.73388926e-07  1.01000000e+00 
 1.02000000e+00  3.15265875e-09  4.59806408e-01  4.59806408e-01  4.59806408e-01  3.32775844e-09  4.59806408e-01  4.59806408e-01  1.60041252e-07  1.73388813e-07  1.02000000e+00 
 1.03000000e+00  3.15265875e-09  4.59806401e-01  4.59806401e-01  4.59806401e-01  3.32775844e-09  4.59806401e-01  4.59806401e-01  1.60041229e-07  1.73388550e-07  1.03000000e+00 
 1.04000000e+00  3.15265875e-09  4.59806407e-01  4.59806407e-01  4.59806408e-01  3.32775850e-09  4.59806407e-01  4.59806407e-01  1.60041247e-07  1.73388436e-07  1.04000000e+00 
 1.05000000e+00  3.15265875e-09  4.59806417e-01  4.59806417e-01  4.59806417e-01  3.32775845e-09  4.59806417e-01  4.59806417e-01  1.60041263e-07  1.73388329e-07  1.05000000e+00 
 1.06000000e+00  3.15265875e-09  4.59806408e-01  4.59806408e-01  4.59806408e-01  3.32775844e-09  4.59806408e-01  4.59806408e-01  1.60041250e-07  1.73388152e-07  1.06000000e+00 
 1.07000000e+00  3.15265869e-09  4.59806385e-01  4.59806385e-01  4.59806385e-01  3.32775844e-09  4.59806385e-01  4.59806385e-01  1.60041215e-07  1.73387846e-07  1.07000000e+00 
 1.08000000e+00  3.15265875e-09  4.59806413e-01  4.59806413e-01  4.59806413e-01  3.32775845e-09  4.59806413e-01  4.59806413e-01  1.60041251e-07  1.73387683e-07  1.08000000e+00 
 1.09000000e+00  3.15265875e-09  4.59806415e-01  4.59806415e-01  4.59806415e-01  3.32775850e-09  4.59806415e-01  4.59806415e-01  1.60041270e-07  1.73387669e-07  1.09000000e+00 
 1.10000000e+00  3.15265874e-09  4.59806396e-01  4.59806396e-01  4.59806396e-01  3.32775844e-09  4.59806396e-01  4.59806396e-01  1.60041233e-07  1.73387420e-07  1.10000000e+00 
 1.11000000e+00  3.15265875e-09  4.59806410e-01  4.59806410e-01  4.59806410e-01  3.32775845e-09  4.59806410e-01  4.59806410e-01  1.60041246e-07  1.73387228e-07  1.11000000e+00 
 1.12000000e+00  3.15265874e-09  4.59806397e-01  4.59806397e-01  4.59806397e-01  3.32775850e-09  4.59806397e-01  4.59806397e-01  1.60041219e-07  1.73386979e-07  1.12000000e+00 
 1.13000000e+00  3.15265875e-09  4.59806423e-01  4.59806423e-01  4.59806423e-01  3.32775845e-09  4.59806423e-01  4.59806423e-01  1.60041275e-07  1.73386880e-07  1.13000000e+00 
 1.14000000e+00  3.15265875e-09  4.59806432e-01  4.59806432e-01  4.59806432e-01  3.32775845e-09  4.59806432e-01  4.59806432e-01  1.60041299e-07  1.73386780e-07  1.14000000e+00 
 1.15000000e+00  3.15265874e-09  4.59806388e-01  4.59806388e-01  4.59806388e-01  3.32775844e-09  4.59806388e-01  4.59806388e-01  1.60041230e-07  1.73386333e-07  1.15000000e+00 
 1.16000000e+00  3.15265875e-09  4.59806420e-01  4.59806420e-01  4.59806420e-01  3.32775845e-09  4.59806420e-01  4.59806420e-01  1.60041254e-07  1.73386312e-07  1.16000000e+00 
 1.17000000e+00  3.15265875e-09  4.59806404e-01  4.59806404e-01  4.59806404e-01  3.32775844e-09  4.59806404e-01  4.59806404e-01  1.60041247e-07  1.73386042e-07  1.17000000e+00 
 1.18000000e+00  3.15265875e-09  4.59806399e-01  4.59806399e-01  4.59806399e-01  3.32775844e-09  4.59806399e-01  4.59806399e-01  1.60041223e-07  1.73385743e-07  1.18000000e+00 
 1.19000000e+00  3.15265875e-09  4.59806417e-01  4.59806417e-01  4.59806417e-01  3.32775850e-09  4.59806417e-01  4.59806417e-01  1.60041259e-07  1.73385658e-07  1.19000000e+00 
 1.20000000e+00  3.15265875e-09  4.59806399e-01  4.59806399e-01  4.59806399e-01  3.32775844e-09  4.59806399e-01  4.59806399e-01  1.60041245e-07  1.73385473e-07  1.20000000e+00 
 1.21000000e+00  3.15265875e-09  4.59806447e-01  4.59806447e-01  4.59806447e-01  3.32775850e-09  4.59806447e-01  4.59806447e-01  1.60041304e-07  1.73385331e-07  1.21000000e+00 
 1.22000000e+00  3.15265875e-09  4.59806417e-01  4.59806417e-01  4.59806417e-01  3.32775850e-09  4.59806417e-01  4.59806417e-01  1.60041263e-07  1.73385146e-07  1.22000000e+00 
 1.23000000e+00  3.15265875e-09  4.59806412e-01  4.59806412e-01  4.59806412e-01  3.32775850e-09  4.59806412e-01  4.59806412e-01  1.60041264e-07  1.73384890e-07  1.23000000e+00 
 1.24000000e+00  3.15265874e-09  4.59806378e-01  4.59806378e-01  4.59806378e-01  3.32775844e-09  4.59806378e-01  4.59806378e-01  1.60041210e-07  1.73384464e-07  1.24000000e+00 
 1.25000000e+00  3.15265869e-09  4.59806418e-01  4.59806418e-01  4.59806418e-01  3.32775845e-09  4.59806418e-01  4.59806418e-01  1.60041263e-07  1.73384308e-07  1.25000000e+00 
 1.26000000e+00  3.15265874e-09  4.59806380e-01  4.59806380e-01  4.59806380e-01  3.32775850e-09  4.59806380e-01  4.59806380e-01  1.60041220e-07  1.73384009e-07  1.26000000e+00 
 1.27000000e+00  3.15265875e-09  4.59806444e-01  4.59806444e-01  4.59806444e-01  3.32775850e-09  4.59806444e-01  4.59806444e-01  1.60041305e-07  1.73384009e-07  1.27000000e+00 
 1.28000000e+00  3.15265875e-09  4.59806399e-01  4.59806400e-01  4.59806400e-01  3.32775844e-09  4.59806400e-01  4.59806399e-01  1.60041238e-07  1.73383512e-07  1.28000000e+00 
 1.29000000e+00  3.15265875e-09  4.59806416e-01  4.59806416e-01  4.59806416e-01  3.32775850e-09  4.59806416e-01  4.59806416e-01  1.60041259e-07  1.73383299e-07  1.29000000e+00 
 1.30000000e+00  3.15265869e-09  4.59806395e-01  4.59806395e-01  4.59806395e-01  3.32775844e-09  4.59806395e-01  4.59806395e-01  1.60041237e-07  1.73382929e-07  1.30000000e+00 
 1.31000000e+00  3.15265875e-09  4.59806413e-01  4.59806413e-01  4.59806413e-01  3.32775850e-09  4.59806413e-01  4.59806413e-01  1.60041259e-07  1.73382659e-07  1.31000000e+00 
 1.32000000e+00  3.15265869e-09  4.59806415e-01  4.59806415e-01  4.59806415e-01  3.32775850e-09  4.59806415e-01  4.59806415e-01  1.60041258e-07  1.73382489e-07  1.32000000e+00 
 1.33000000e+00  3.15265875e-09  4.59806434e-01  4.59806434e-01  4.59806434e-01  3.32775845e-09  4.59806434e-01  4.59806434e-01  1.60041280e-07  1.73382062e-07  1.33000000e+00 
 1.34000000e+00  3.15265875e-09  4.59806438e-01  4.59806438e-01  4.59806438e-01  3.32775845e-09  4.59806438e-01  4.59806438e-01  1.60041299e-07  1.73381963e-07  1.34000000e+00 
 1.35000000e+00  3.15265875e-09  4.59806408e-01  4.59806408e-01  4.59806408e-01  3.32775844e-09  4.59806408e-01  4.59806408e-01  1.60041260e-07  1.73381324e-07  1.35000000e+00 
 1.36000000e+00  3.15265875e-09  4.59806407e-01  4.59806407e-01  4.59806407e-01  3.32775850e-09  4.59806407e-01  4.59806407e-01  1.60041248e-07  1.73380897e-07  1.36000000e+00 
 1.37000000e+00  3.15265875e-09  4.59806403e-01  4.59806403e-01  4.59806403e-01  3.32775844e-09  4.59806403e-01  4.59806403e-01  1.60041229e-07  1.73380386e-07  1.37000000e+00 
 1.38000000e+00  3.15265874e-09  4.59806397e-01  4.59806397e-01  4.59806397e-01  3.32775844e-09  4.59806397e-01  4.59806397e-01  1.60041223e-07  1.73379973e-07  1.38000000e+00 
 1.39000000e+00  3.15265875e-09  4.59806431e-01  4.59806431e-01  4.59806431e-01  3.32775850e-09  4.59806431e-01  4.59806431e-01  1.60041295e-07  1.73379561e-07  1.39000000e+00 
 1.40000000e+00  3.15265875e-09  4.59806417e-01  4.59806417e-01  4.59806417e-01  3.32775850e-09  4.59806417e-01  4.59806417e-01  1.60041274e-07  1.73379021e-07  1.40000000e+00 
 1.41000000e+00  3.15265875e-09  4.59806407e-01  4.59806407e-01  4.59806407e-01  3.32775844e-09  4.59806407e-01  4.59806407e-01  1.60041239e-07  1.73378325e-07  1.41000000e+00 
 1.42000000e+00  3.15265874e-09  4.59806397e-01  4.59806397e-01  4.59806397e-01  3.32775850e-09  4.59806397e-01  4.59806397e-01  1.60041228e-07  1.73377558e-07  1.42000000e+00 
 1.43000000e+00  3.15265875e-09  4.59806444e-01  4.59806444e-01  4.59806444e-01  3.32775850e-09  4.59806444e-01  4.59806444e-01  1.60041300e-07  1.73376947e-07  1.43000000e+00 
 1.44000000e+00  3.15265875e-09  4.59806416e-01  4.59806416e-01  4.59806416e-01  3.32775845e-09  4.59806416e-01  4.59806416e-01  1.60041271e-07  1.73375980e-07  1.44000000e+00 
 1.45000000e+00  3.15265875e-09  4.59806422e-01  4.59806422e-01  4.59806422e-01  3.32775845e-09  4.59806422e-01  4.59806422e-01  1.60041273e-07  1.73374957e-07  1.45000000e+00 
 1.46000000e+00  3.15265875e-09  4.59806405e-01  4.59806405e-01  4.59806405e-01  3.32775844e-09  4.59806405e-01  4.59806405e-01  1.60041243e-07  1.73373508e-07  1.46000000e+00 
 1.47000000e+00  3.15265874e-09  4.59806395e-01  4.59806395e-01  4.59806395e-01  3.32775850e-09  4.59806395e-01  4.59806395e-01  1.60041223e-07  1.73371944e-07  1.47000000e+00 
 1.48000000e+00  3.15265875e-09  4.59806399e-01  4.59806399e-01  4.59806399e-01  3.32775844e-09  4.59806399e-01  4.59806399e-01  1.60041244e-07  1.73370012e-07  1.48000000e+00 
 1.49000000e+00  3.15265875e-09  4.59806398e-01  4.59806398e-01  4.59806398e-01  3.32775850e-09  4.59806398e-01  4.59806398e-01  1.60041231e-07  1.73367496e-07  1.49000000e+00 
 1.50000000e+00  3.15265875e-09  4.59806415e-01  4.59806415e-01  4.59806415e-01  3.32775850e-09  4.59806415e-01  4.59806415e-01  1.60041263e-07  1.73364043e-07  1.50000000e+00 
 1.51000000e+00  3.15265875e-09  4.59806429e-01  4.59806429e-01  4.59806429e-01  3.32775845e-09  4.59806429e-01  4.59806429e-01  1.60041273e-07  1.73359609e-07  1.51000000e+00 
 1.52000000e+00  3.15265874e-09  4.59806377e-01  4.59806377e-01  4.59806377e-01  3.32775844e-09  4.59806377e-01  4.59806377e-01  1.60041198e-07  1.73352873e-07  1.52000000e+00 
 1.53000000e+00  3.15265875e-09  4.59806409e-01  4.59806409e-01  4.59806409e-01  3.32775850e-09  4.59806409e-01  4.59806409e-01  1.60041250e-07  1.73343253e-07  1.53000000e+00 
 1.54000000e+00  3.15265874e-09  4.59806388e-01  4.59806388e-01  4.59806389e-01  3.32775844e-09  4.59806388e-01  4.59806388e-01  1.60041232e-07  1.73327749e-07  1.54000000e+00 
 1.55000000e+00  3.15265874e-09  4.59806377e-01  4.59806377e-01  4.59806377e-01  3.32775844e-09  4.59806377e-01  4.59806377e-01  1.60041200e-07  1.73302112e-07  1.55000000e+00 
 1.56000000e+00  3.15265875e-09  4.59806432e-01  4.59806432e-01  4.59806433e-01  3.32775845e-09  4.59806432e-01  4.59806432e-01  1.60041293e-07  1.73257774e-07  1.56000000e+00 
 1.57000000e+00  3.15265875e-09  4.59806411e-01  4.59806411e-01  4.59806412e-01  3.32775850e-09  4.59806411e-01  4.59806411e-01  1.60041245e-07  1.73175678e-07  1.57000000e+00 
 1.58000000e+00  3.15265875e-09  4.59806411e-01  4.59806411e-01  4.59806411e-01  3.32775845e-09  4.59806411e-01  4.59806411e-01  1.60041260e-07  1.73018080e-07  1.58000000e+00 
 1.59000000e+00  3.15265875e-09  4.59806402e-01  4.59806402e-01  4.59806402e-01  3.32775850e-09  4.59806402e-01  4.59806402e-01  1.60041250e-07  1.72703210e-07  1.59000000e+00 
 1.60000000e+00  3.15265875e-09  4.59806434e-01  4.59806434e-01  4.59806434e-01  3.32775850e-09  4.59806434e-01  4.59806434e-01  1.60041297e-07  1.72073172e-07  1.60000000e+00 
 1.61000000e+00  3.15265875e-09  4.59806430e-01  4.59806430e-01  4.59806430e-01  3.32775845e-09  4.59806430e-01  4.59806430e-01  1.60041281e-07  1.70879716e-07  1.61000000e+00 
 1.62000000e+00  3.15265875e-09  4.59806411e-01  4.59806411e-01  4.59806411e-01  3.32775845e-09  4.59806411e-01  4.59806411e-01  1.60041248e-07  1.60024811e-07  1.62000000e+00 
 1.63000000e+00  3.15265875e-09  4.59806408e-01  4.59806408e-01  4.59806408e-01  3.32775844e-09  4.59806408e-01  4.59806408e-01  1.60041240e-07  1.34965930e-07  1.63000000e+00 
 1.64000000e+00  3.15265875e-09  4.59806404e-01  4.59806404e-01  4.59806404e-01  3.32775850e-09  4.59806404e-01  4.59806404e-01  1.60041248e-07  1.12300640e-07  1.64000000e+00 
 1.65000000e+00  3.15265875e-09  4.59806445e-01  4.59806445e-01  4.59806445e-01  3.32775850e-09  4.59806445e-01  4.59806445e-01  1.60041304e-07  9.23677561e-08  1.65000000e+00 
 1.66000000e+00  3.15265875e-09  4.59806410e-01  4.59806410e-01  4.59806411e-01  3.32775850e-09  4.59806410e-01  4.59806410e-01  1.60041260e-07  7.52155955e-08  1.66000000e+00 
 1.67000000e+00  3.15265875e-09  4.59806407e-01  4.59806407e-01  4.59806407e-01  3.32775844e-09  4.59806407e-01  4.59806407e-01  1.60041245e-07  6.07077197e-08  1.67000000e+00 
 1.68000000e+00  3.15265874e-09  4.59806368e-01  4.59806368e-01  4.59806368e-01  3.32775850e-09  4.59806368e-01  4.59806368e-01  1.60041190e-07  4.85790252e-08  1.68000000e+00 
 1.69000000e+00  3.15265869e-09  4.59806417e-01  4.59806417e-01  4.59806417e-01  3.32775845e-09  4.59806417e-01  4.59806417e-01  1.60041267e-07  3.85266219e-08  1.69000000e+00 
 1.70000000e+00  3.15265875e-09  4.59806410e-01  4.59806410e-01  4.59806410e-01  3.32775845e-09  4.59806410e-01  4.59806410e-01  1.60041252e-07  3.02452179e-08  1.70000000e+00 
 1.71000000e+00  3.15265875e-09  4.59806410e-01  4.59806410e-01  4.59806410e-01  3.32775850e-09  4.59806410e-01  4.59806410e-01  1.60041237e-07  2.34516051e-08  1.71000000e+00 
 1.72000000e+00  3.15265874e-09  4.59806377e-01  4.59806377e-01  4.59806377e-01  3.32775844e-09  4.59806377e-01  4.59806377e-01  1.60041197e-07  1.78939530e-08  1.72000000e+00 
 1.73000000e+00  3.15265874e-09  4.59806384e-01  4.59806384e-01  4.59806385e-01  3.32775850e-09  4.59806385e-01  4.59806384e-01  1.60041211e-07  1.33529454e-08  1.73000000e+00 
 1.74000000e+00  3.15265875e-09  4.59806427e-01  4.59806427e-01  4.59806427e-01  3.32775845e-09  4.59806427e-01  4.59806427e-01  1.60041287e-07  9.63815694e-09  1.74000000e+00 
 1.75000000e+00  3.15265875e-09  4.59806412e-01  4.59806412e-01  4.59806412e-01  3.32775850e-09  4.59806412e-01  4.59806412e-01  1.60041265e-07  6.58376109e-09  1.75000000e+00 
 1.76000000e+00  3.15265875e-09  4.59806411e-01  4.59806411e-01  4.59806411e-01  3.32775845e-09  4.59806411e-01  4.59806411e-01  1.60041253e-07  4.04823197e-09  1.76000000e+00 
 1.77000000e+00  3.15265875e-09  4.59806423e-01  4.59806423e-01  4.59806423e-01  3.32775845e-09  4.59806423e-01  4.59806423e-01  1.60041256e-07  1.92022753e-09  1.77000000e+00 
 1.78000000e+00  3.15265875e-09  4.59806411e-01  4.59806411e-01  4.59806411e-01  3.32775845e-09  4.59806411e-01  4.59806411e-01  1.60041262e-07  1.32217792e-10  1.78000000e+00 
 1.79000000e+00  3.15265874e-09  4.59806380e-01  4.59806380e-01  4.59806380e-01  3.32775844e-09  4.59806380e-01  4.59806380e-01  1.60041212e-07 -1.33506717e-09  1.79000000e+00 
 1.80000000e+00  3.15265875e-09  4.59806421e-01  4.59806421e-01  4.59806421e-01  3.32775850e-09  4.59806421e-01  4.59806421e-01  1.60041269e-07 -2.47702303e-09  1.80000000e+00 
