 v-sweep         v(b0)           v(b1)           v(b2)           v(b3)           v(b4)           v(b5)           v(b6)           i(vbias)        i(viout)        v(vout)        
 0.00000000e+00  3.24666862e-09  3.40361058e-09  4.57841375e-01  4.57841375e-01  4.57841375e-01  4.57841375e-01  4.57841374e-01  1.58549062e-07  1.90019225e-07  0.00000000e+00 
 1.00000000e-02  3.24666860e-09  3.40361056e-09  4.57841361e-01  4.57841361e-01  4.57841361e-01  4.57841361e-01  4.57841361e-01  1.58549059e-07  1.90018491e-07  1.00000000e-02 
 2.00000000e-02  3.24666860e-09  3.40361056e-09  4.57841373e-01  4.57841373e-01  4.57841373e-01  4.57841374e-01  4.57841373e-01  1.58549080e-07  1.90018147e-07  2.00000000e-02 
 3.00000000e-02  3.24666860e-09  3.40361056e-09  4.57841382e-01  4.57841382e-01  4.57841382e-01  4.57841382e-01  4.57841381e-01  1.58549097e-07  1.90017706e-07  3.00000000e-02 
 4.00000000e-02  3.24666860e-09  3.40361056e-09  4.57841371e-01  4.57841371e-01  4.57841371e-01  4.57841371e-01  4.57841371e-01  1.58549085e-07  1.90017187e-07  4.00000000e-02 
 5.00000000e-02  3.24666860e-09  3.40361056e-09  4.57841357e-01  4.57841357e-01  4.57841357e-01  4.57841358e-01  4.57841357e-01  1.58549054e-07  1.90016599e-07  5.00000000e-02 
 6.00000000e-02  3.24666860e-09  3.40361056e-09  4.57841387e-01  4.57841387e-01  4.57841387e-01  4.57841387e-01  4.57841387e-01  1.58549099e-07  1.90016524e-07  6.00000000e-02 
 7.00000000e-02  3.24666861e-09  3.40361056e-09  4.57841391e-01  4.57841391e-01  4.57841391e-01  4.57841391e-01  4.57841391e-01  1.58549116e-07  1.90016097e-07  7.00000000e-02 
 8.00000000e-02  3.24666860e-09  3.40361056e-09  4.57841371e-01  4.57841371e-01  4.57841371e-01  4.57841371e-01  4.57841371e-01  1.58549073e-07  1.90015539e-07  8.00000000e-02 
 9.00000000e-02  3.24666860e-09  3.40361056e-09  4.57841351e-01  4.57841351e-01  4.57841351e-01  4.57841352e-01  4.57841351e-01  1.58549044e-07  1.90015146e-07  9.00000000e-02 
 1.00000000e-01  3.24666860e-09  3.40361056e-09  4.57841359e-01  4.57841359e-01  4.57841359e-01  4.57841359e-01  4.57841359e-01  1.58549064e-07  1.90014823e-07  1.00000000e-01 
 1.10000000e-01  3.24666860e-09  3.40361056e-09  4.57841379e-01  4.57841379e-01  4.57841379e-01  4.57841379e-01  4.57841378e-01  1.58549088e-07  1.90014597e-07  1.10000000e-01 
 1.20000000e-01  3.24666860e-09  3.40361056e-09  4.57841388e-01  4.57841388e-01  4.57841388e-01  4.57841388e-01  4.57841388e-01  1.58549095e-07  1.90014301e-07  1.20000000e-01 
 1.30000000e-01  3.24666860e-09  3.40361056e-09  4.57841386e-01  4.57841386e-01  4.57841386e-01  4.57841386e-01  4.57841386e-01  1.58549107e-07  1.90014004e-07  1.30000000e-01 
 1.40000000e-01  3.24666860e-09  3.40361056e-09  4.57841378e-01  4.57841378e-01  4.57841378e-01  4.57841378e-01  4.57841378e-01  1.58549089e-07  1.90013705e-07  1.40000000e-01 
 1.50000000e-01  3.24666860e-09  3.40361056e-09  4.57841356e-01  4.57841356e-01  4.57841356e-01  4.57841356e-01  4.57841356e-01  1.58549051e-07  1.90013205e-07  1.50000000e-01 
 1.60000000e-01  3.24666860e-09  3.40361056e-09  4.57841378e-01  4.57841378e-01  4.57841378e-01  4.57841378e-01  4.57841378e-01  1.58549085e-07  1.90013061e-07  1.60000000e-01 
 1.70000000e-01  3.24666860e-09  3.40361056e-09  4.57841383e-01  4.57841383e-01  4.57841383e-01  4.57841383e-01  4.57841383e-01  1.58549090e-07  1.90012885e-07  1.70000000e-01 
 1.80000000e-01  3.24666860e-09  3.40361056e-09  4.57841388e-01  4.57841388e-01  4.57841388e-01  4.57841388e-01  4.57841388e-01  1.58549099e-07  1.90012615e-07  1.80000000e-01 
 1.90000000e-01  3.24666860e-09  3.40361050e-09  4.57841371e-01  4.57841371e-01  4.57841371e-01  4.57841371e-01  4.57841371e-01  1.58549077e-07  1.90012191e-07  1.90000000e-01 
 2.00000000e-01  3.24666860e-09  3.40361056e-09  4.57841372e-01  4.57841372e-01  4.57841372e-01  4.57841372e-01  4.57841372e-01  1.58549069e-07  1.90012015e-07  2.00000000e-01 
 2.10000000e-01  3.24666860e-09  3.40361056e-09  4.57841390e-01  4.57841390e-01  4.57841390e-01  4.57841390e-01  4.57841390e-01  1.58549100e-07  1.90011782e-07  2.10000000e-01 
 2.20000000e-01  3.24666860e-09  3.40361056e-09  4.57841373e-01  4.57841373e-01  4.57841373e-01  4.57841373e-01  4.57841373e-01  1.58549083e-07  1.90011505e-07  2.20000000e-01 
 2.30000000e-01  3.24666866e-09  3.40361056e-09  4.57841402e-01  4.57841402e-01  4.57841402e-01  4.57841402e-01  4.57841402e-01  1.58549132e-07  1.90011338e-07  2.30000000e-01 
 2.40000000e-01  3.24666865e-09  3.40361056e-09  4.57841398e-01  4.57841398e-01  4.57841398e-01  4.57841398e-01  4.57841398e-01  1.58549111e-07  1.90011164e-07  2.40000000e-01 
 2.50000000e-01  3.24666860e-09  3.40361050e-09  4.57841375e-01  4.57841374e-01  4.57841374e-01  4.57841375e-01  4.57841374e-01  1.58549091e-07  1.90010855e-07  2.50000000e-01 
 2.60000000e-01  3.24666861e-09  3.40361056e-09  4.57841382e-01  4.57841381e-01  4.57841382e-01  4.57841382e-01  4.57841381e-01  1.58549093e-07  1.90010621e-07  2.60000000e-01 
 2.70000000e-01  3.24666861e-09  3.40361056e-09  4.57841392e-01  4.57841392e-01  4.57841392e-01  4.57841392e-01  4.57841392e-01  1.58549096e-07  1.90010446e-07  2.70000000e-01 
 2.80000000e-01  3.24666860e-09  3.40361056e-09  4.57841366e-01  4.57841366e-01  4.57841366e-01  4.57841366e-01  4.57841366e-01  1.58549067e-07  1.90010267e-07  2.80000000e-01 
 2.90000000e-01  3.24666861e-09  3.40361056e-09  4.57841391e-01  4.57841391e-01  4.57841391e-01  4.57841391e-01  4.57841391e-01  1.58549102e-07  1.90009995e-07  2.90000000e-01 
 3.00000000e-01  3.24666860e-09  3.40361056e-09  4.57841383e-01  4.57841383e-01  4.57841383e-01  4.57841383e-01  4.57841383e-01  1.58549095e-07  1.90009906e-07  3.00000000e-01 
 3.10000000e-01  3.24666860e-09  3.40361056e-09  4.57841388e-01  4.57841388e-01  4.57841388e-01  4.57841388e-01  4.57841388e-01  1.58549113e-07  1.90009654e-07  3.10000000e-01 
 3.20000000e-01  3.24666860e-09  3.40361056e-09  4.57841374e-01  4.57841374e-01  4.57841374e-01  4.57841374e-01  4.57841374e-01  1.58549085e-07  1.90009374e-07  3.20000000e-01 
 3.30000000e-01  3.24666860e-09  3.40361056e-09  4.57841389e-01  4.57841389e-01  4.57841389e-01  4.57841389e-01  4.57841388e-01  1.58549093e-07  1.90009267e-07  3.30000000e-01 
 3.40000000e-01  3.24666860e-09  3.40361056e-09  4.57841364e-01  4.57841363e-01  4.57841364e-01  4.57841364e-01  4.57841363e-01  1.58549067e-07  1.90008887e-07  3.40000000e-01 
 3.50000000e-01  3.24666860e-09  3.40361056e-09  4.57841375e-01  4.57841375e-01  4.57841375e-01  4.57841375e-01  4.57841375e-01  1.58549083e-07  1.90008944e-07  3.50000000e-01 
 3.60000000e-01  3.24666860e-09  3.40361056e-09  4.57841370e-01  4.57841370e-01  4.57841370e-01  4.57841370e-01  4.57841370e-01  1.58549089e-07  1.90008691e-07  3.60000000e-01 
 3.70000000e-01  3.24666860e-09  3.40361056e-09  4.57841361e-01  4.57841361e-01  4.57841361e-01  4.57841361e-01  4.57841361e-01  1.58549075e-07  1.90008357e-07  3.70000000e-01 
 3.80000000e-01  3.24666860e-09  3.40361056e-09  4.57841375e-01  4.57841375e-01  4.57841375e-01  4.57841375e-01  4.57841375e-01  1.58549075e-07  1.90008308e-07  3.80000000e-01 
 3.90000000e-01  3.24666861e-09  3.40361056e-09  4.57841391e-01  4.57841391e-01  4.57841391e-01  4.57841391e-01  4.57841391e-01  1.58549098e-07  1.90008215e-07  3.90000000e-01 
 4.00000000e-01  3.24666860e-09  3.40361056e-09  4.57841380e-01  4.57841380e-01  4.57841380e-01  4.57841380e-01  4.57841380e-01  1.58549078e-07  1.90008024e-07  4.00000000e-01 
 4.10000000e-01  3.24666860e-09  3.40361056e-09  4.57841377e-01  4.57841377e-01  4.57841377e-01  4.57841377e-01  4.57841377e-01  1.58549086e-07  1.90007814e-07  4.10000000e-01 
 4.20000000e-01  3.24666860e-09  3.40361056e-09  4.57841370e-01  4.57841370e-01  4.57841370e-01  4.57841370e-01  4.57841370e-01  1.58549073e-07  1.90007547e-07  4.20000000e-01 
 4.30000000e-01  3.24666860e-09  3.40361056e-09  4.57841355e-01  4.57841354e-01  4.57841354e-01  4.57841355e-01  4.57841354e-01  1.58549068e-07  1.90007274e-07  4.30000000e-01 
 4.40000000e-01  3.24666860e-09  3.40361056e-09  4.57841365e-01  4.57841365e-01  4.57841365e-01  4.57841365e-01  4.57841365e-01  1.58549072e-07  1.90007260e-07  4.40000000e-01 
 4.50000000e-01  3.24666860e-09  3.40361056e-09  4.57841371e-01  4.57841371e-01  4.57841371e-01  4.57841371e-01  4.57841371e-01  1.58549079e-07  1.90007103e-07  4.50000000e-01 
 4.60000000e-01  3.24666866e-09  3.40361056e-09  4.57841400e-01  4.57841400e-01  4.57841400e-01  4.57841400e-01  4.57841400e-01  1.58549123e-07  1.90007043e-07  4.60000000e-01 
 4.70000000e-01  3.24666859e-09  3.40361056e-09  4.57841386e-01  4.57841386e-01  4.57841386e-01  4.57841386e-01  4.57841386e-01  1.58549088e-07  1.90006830e-07  4.70000000e-01 
 4.80000000e-01  3.24666861e-09  3.40361056e-09  4.57841375e-01  4.57841375e-01  4.57841375e-01  4.57841376e-01  4.57841375e-01  1.58549079e-07  1.90006524e-07  4.80000000e-01 
 4.90000000e-01  3.24666860e-09  3.40361056e-09  4.57841372e-01  4.57841372e-01  4.57841372e-01  4.57841373e-01  4.57841372e-01  1.58549077e-07  1.90006421e-07  4.90000000e-01 
 5.00000000e-01  3.24666860e-09  3.40361056e-09  4.57841372e-01  4.57841372e-01  4.57841372e-01  4.57841372e-01  4.57841372e-01  1.58549072e-07  1.90006215e-07  5.00000000e-01 
 5.10000000e-01  3.24666860e-09  3.40361056e-09  4.57841361e-01  4.57841360e-01  4.57841360e-01  4.57841361e-01  4.57841360e-01  1.58549066e-07  1.90006105e-07  5.10000000e-01 
 5.20000000e-01  3.24666860e-09  3.40361056e-09  4.57841377e-01  4.57841377e-01  4.57841377e-01  4.57841377e-01  4.57841377e-01  1.58549082e-07  1.90005959e-07  5.20000000e-01 
 5.30000000e-01  3.24666861e-09  3.40361056e-09  4.57841392e-01  4.57841392e-01  4.57841392e-01  4.57841392e-01  4.57841392e-01  1.58549113e-07  1.90005910e-07  5.30000000e-01 
 5.40000000e-01  3.24666860e-09  3.40361056e-09  4.57841378e-01  4.57841378e-01  4.57841378e-01  4.57841378e-01  4.57841378e-01  1.58549089e-07  1.90005665e-07  5.40000000e-01 
 5.50000000e-01  3.24666860e-09  3.40361056e-09  4.57841379e-01  4.57841379e-01  4.57841379e-01  4.57841379e-01  4.57841379e-01  1.58549081e-07  1.90005405e-07  5.50000000e-01 
 5.60000000e-01  3.24666860e-09  3.40361056e-09  4.57841386e-01  4.57841386e-01  4.57841386e-01  4.57841386e-01  4.57841386e-01  1.58549099e-07  1.90005313e-07  5.60000000e-01 
 5.70000000e-01  3.24666860e-09  3.40361056e-09  4.57841366e-01  4.57841366e-01  4.57841366e-01  4.57841366e-01  4.57841366e-01  1.58549071e-07  1.90005000e-07  5.70000000e-01 
 5.80000000e-01  3.24666860e-09  3.40361056e-09  4.57841378e-01  4.57841378e-01  4.57841378e-01  4.57841378e-01  4.57841378e-01  1.58549093e-07  1.90004968e-07  5.80000000e-01 
 5.90000000e-01  3.24666860e-09  3.40361056e-09  4.57841385e-01  4.57841384e-01  4.57841384e-01  4.57841385e-01  4.57841384e-01  1.58549089e-07  1.90004897e-07  5.90000000e-01 
 6.00000000e-01  3.24666860e-09  3.40361056e-09  4.57841387e-01  4.57841387e-01  4.57841387e-01  4.57841387e-01  4.57841387e-01  1.58549098e-07  1.90004727e-07  6.00000000e-01 
 6.10000000e-01  3.24666860e-09  3.40361056e-09  4.57841386e-01  4.57841386e-01  4.57841386e-01  4.57841386e-01  4.57841386e-01  1.58549083e-07  1.90004542e-07  6.10000000e-01 
 6.20000000e-01  3.24666860e-09  3.40361056e-09  4.57841385e-01  4.57841385e-01  4.57841385e-01  4.57841385e-01  4.57841385e-01  1.58549093e-07  1.90004329e-07  6.20000000e-01 
 6.30000000e-01  3.24666860e-09  3.40361056e-09  4.57841361e-01  4.57841361e-01  4.57841361e-01  4.57841361e-01  4.57841361e-01  1.58549069e-07  1.90004044e-07  6.30000000e-01 
 6.40000000e-01  3.24666860e-09  3.40361056e-09  4.57841387e-01  4.57841387e-01  4.57841387e-01  4.57841387e-01  4.57841387e-01  1.58549102e-07  1.90004023e-07  6.40000000e-01 
 6.50000000e-01  3.24666860e-09  3.40361056e-09  4.57841384e-01  4.57841384e-01  4.57841384e-01  4.57841384e-01  4.57841384e-01  1.58549103e-07  1.90003959e-07  6.50000000e-01 
 6.60000000e-01  3.24666860e-09  3.40361056e-09  4.57841374e-01  4.57841374e-01  4.57841374e-01  4.57841374e-01  4.57841374e-01  1.58549076e-07  1.90003718e-07  6.60000000e-01 
 6.70000000e-01  3.24666860e-09  3.40361056e-09  4.57841369e-01  4.57841369e-01  4.57841369e-01  4.57841369e-01  4.57841369e-01  1.58549082e-07  1.90003441e-07  6.70000000e-01 
 6.80000000e-01  3.24666860e-09  3.40361056e-09  4.57841377e-01  4.57841377e-01  4.57841377e-01  4.57841377e-01  4.57841377e-01  1.58549083e-07  1.90003291e-07  6.80000000e-01 
 6.90000000e-01  3.24666860e-09  3.40361056e-09  4.57841366e-01  4.57841366e-01  4.57841366e-01  4.57841367e-01  4.57841366e-01  1.58549066e-07  1.90003092e-07  6.90000000e-01 
 7.00000000e-01  3.24666860e-09  3.40361056e-09  4.57841383e-01  4.57841383e-01  4.57841383e-01  4.57841383e-01  4.57841382e-01  1.58549087e-07  1.90003028e-07  7.00000000e-01 
 7.10000000e-01  3.24666861e-09  3.40361056e-09  4.57841395e-01  4.57841395e-01  4.57841395e-01  4.57841395e-01  4.57841395e-01  1.58549118e-07  1.90002865e-07  7.10000000e-01 
 7.20000000e-01  3.24666860e-09  3.40361056e-09  4.57841353e-01  4.57841353e-01  4.57841353e-01  4.57841353e-01  4.57841353e-01  1.58549041e-07  1.90002503e-07  7.20000000e-01 
 7.30000000e-01  3.24666860e-09  3.40361056e-09  4.57841362e-01  4.57841362e-01  4.57841362e-01  4.57841362e-01  4.57841362e-01  1.58549071e-07  1.90002304e-07  7.30000000e-01 
 7.40000000e-01  3.24666860e-09  3.40361056e-09  4.57841373e-01  4.57841373e-01  4.57841373e-01  4.57841373e-01  4.57841373e-01  1.58549079e-07  1.90002389e-07  7.40000000e-01 
 7.50000000e-01  3.24666860e-09  3.40361056e-09  4.57841358e-01  4.57841358e-01  4.57841358e-01  4.57841358e-01  4.57841358e-01  1.58549050e-07  1.90001991e-07  7.50000000e-01 
 7.60000000e-01  3.24666860e-09  3.40361056e-09  4.57841385e-01  4.57841385e-01  4.57841385e-01  4.57841385e-01  4.57841385e-01  1.58549093e-07  1.90002041e-07  7.60000000e-01 
 7.70000000e-01  3.24666860e-09  3.40361056e-09  4.57841384e-01  4.57841384e-01  4.57841384e-01  4.57841384e-01  4.57841384e-01  1.58549084e-07  1.90001835e-07  7.70000000e-01 
 7.80000000e-01  3.24666861e-09  3.40361056e-09  4.57841391e-01  4.57841391e-01  4.57841391e-01  4.57841391e-01  4.57841391e-01  1.58549105e-07  1.90001607e-07  7.80000000e-01 
 7.90000000e-01  3.24666861e-09  3.40361056e-09  4.57841395e-01  4.57841395e-01  4.57841395e-01  4.57841395e-01  4.57841395e-01  1.58549111e-07  1.90001465e-07  7.90000000e-01 
 8.00000000e-01  3.24666861e-09  3.40361056e-09  4.57841402e-01  4.57841402e-01  4.57841402e-01  4.57841402e-01  4.57841402e-01  1.58549124e-07  1.90001195e-07  8.00000000e-01 
 8.10000000e-01  3.24666860e-09  3.40361056e-09  4.57841358e-01  4.57841358e-01  4.57841358e-01  4.57841358e-01  4.57841358e-01  1.58549054e-07  1.90000954e-07  8.10000000e-01 
 8.20000000e-01  3.24666860e-09  3.40361056e-09  4.57841387e-01  4.57841387e-01  4.57841387e-01  4.57841387e-01  4.57841387e-01  1.58549094e-07  1.90001032e-07  8.20000000e-01 
 8.30000000e-01  3.24666860e-09  3.40361056e-09  4.57841382e-01  4.57841382e-01  4.57841382e-01  4.57841382e-01  4.57841382e-01  1.58549096e-07  1.90000740e-07  8.30000000e-01 
 8.40000000e-01  3.24666860e-09  3.40361056e-09  4.57841376e-01  4.57841376e-01  4.57841376e-01  4.57841376e-01  4.57841376e-01  1.58549075e-07  1.90000570e-07  8.40000000e-01 
 8.50000000e-01  3.24666860e-09  3.40361056e-09  4.57841378e-01  4.57841378e-01  4.57841378e-01  4.57841378e-01  4.57841377e-01  1.58549082e-07  1.90000343e-07  8.50000000e-01 
 8.60000000e-01  3.24666860e-09  3.40361056e-09  4.57841385e-01  4.57841385e-01  4.57841385e-01  4.57841385e-01  4.57841385e-01  1.58549106e-07  1.90000158e-07  8.60000000e-01 
 8.70000000e-01  3.24666860e-09  3.40361056e-09  4.57841379e-01  4.57841379e-01  4.57841379e-01  4.57841379e-01  4.57841379e-01  1.58549098e-07  1.89999994e-07  8.70000000e-01 
 8.80000000e-01  3.24666860e-09  3.40361056e-09  4.57841369e-01  4.57841369e-01  4.57841369e-01  4.57841369e-01  4.57841369e-01  1.58549071e-07  1.89999689e-07  8.80000000e-01 
 8.90000000e-01  3.24666860e-09  3.40361056e-09  4.57841377e-01  4.57841377e-01  4.57841377e-01  4.57841377e-01  4.57841377e-01  1.58549093e-07  1.89999625e-07  8.90000000e-01 
 9.00000000e-01  3.24666860e-09  3.40361056e-09  4.57841374e-01  4.57841374e-01  4.57841374e-01  4.57841374e-01  4.57841373e-01  1.58549082e-07  1.89999390e-07  9.00000000e-01 
 9.10000000e-01  3.24666860e-09  3.40361056e-09  4.57841389e-01  4.57841389e-01  4.57841389e-01  4.57841389e-01  4.57841389e-01  1.58549100e-07  1.89999184e-07  9.10000000e-01 
 9.20000000e-01  3.24666861e-09  3.40361056e-09  4.57841392e-01  4.57841392e-01  4.57841392e-01  4.57841392e-01  4.57841392e-01  1.58549101e-07  1.89999128e-07  9.20000000e-01 
 9.30000000e-01  3.24666860e-09  3.40361056e-09  4.57841373e-01  4.57841373e-01  4.57841373e-01  4.57841373e-01  4.57841373e-01  1.58549073e-07  1.89998829e-07  9.30000000e-01 
 9.40000000e-01  3.24666860e-09  3.40361056e-09  4.57841372e-01  4.57841372e-01  4.57841372e-01  4.57841372e-01  4.57841372e-01  1.58549080e-07  1.89998559e-07  9.40000000e-01 
 9.50000000e-01  3.24666860e-09  3.40361056e-09  4.57841348e-01  4.57841348e-01  4.57841348e-01  4.57841348e-01  4.57841348e-01  1.58549040e-07  1.89998246e-07  9.50000000e-01 
 9.60000000e-01  3.24666860e-09  3.40361056e-09  4.57841380e-01  4.57841380e-01  4.57841380e-01  4.57841380e-01  4.57841380e-01  1.58549094e-07  1.89998268e-07  9.60000000e-01 
 9.70000000e-01  3.24666860e-09  3.40361056e-09  4.57841379e-01  4.57841379e-01  4.57841379e-01  4.57841379e-01  4.57841379e-01  1.58549093e-07  1.89997998e-07  9.70000000e-01 
 9.80000000e-01  3.24666861e-09  3.40361056e-09  4.57841396e-01  4.57841396e-01  4.57841396e-01  4.57841396e-01  4.57841396e-01  1.58549122e-07  1.89997962e-07  9.80000000e-01 
 9.90000000e-01  3.24666861e-09  3.40361056e-09  4.57841405e-01  4.57841405e-01  4.57841405e-01  4.57841405e-01  4.57841405e-01  1.58549116e-07  1.89997678e-07  9.90000000e-01 
 1.00000000e+00  3.24666861e-09  3.40361056e-09  4.57841403e-01  4.57841403e-01  4.57841403e-01  4.57841403e-01  4.57841403e-01  1.58549138e-07  1.89997557e-07  1.00000000e+00 
 1.01000000e+00  3.24666860e-09  3.40361056e-09  4.57841375e-01  4.57841375e-01  4.57841375e-01  4.57841375e-01  4.57841375e-01  1.58549089e-07  1.89997223e-07  1.01000000e+00 
 1.02000000e+00  3.24666860e-09  3.40361056e-09  4.57841382e-01  4.57841382e-01  4.57841382e-01  4.57841382e-01  4.57841382e-01  1.58549098e-07  1.89996996e-07  1.02000000e+00 
 1.03000000e+00  3.24666860e-09  3.40361056e-09  4.57841364e-01  4.57841364e-01  4.57841364e-01  4.57841364e-01  4.57841364e-01  1.58549075e-07  1.89996690e-07  1.03000000e+00 
 1.04000000e+00  3.24666860e-09  3.40361056e-09  4.57841367e-01  4.57841367e-01  4.57841367e-01  4.57841367e-01  4.57841367e-01  1.58549089e-07  1.89996491e-07  1.04000000e+00 
 1.05000000e+00  3.24666860e-09  3.40361056e-09  4.57841346e-01  4.57841346e-01  4.57841346e-01  4.57841346e-01  4.57841346e-01  1.58549039e-07  1.89996193e-07  1.05000000e+00 
 1.06000000e+00  3.24666860e-09  3.40361056e-09  4.57841386e-01  4.57841386e-01  4.57841386e-01  4.57841386e-01  4.57841386e-01  1.58549109e-07  1.89996079e-07  1.06000000e+00 
 1.07000000e+00  3.24666861e-09  3.40361056e-09  4.57841402e-01  4.57841402e-01  4.57841402e-01  4.57841402e-01  4.57841402e-01  1.58549117e-07  1.89996037e-07  1.07000000e+00 
 1.08000000e+00  3.24666860e-09  3.40361056e-09  4.57841377e-01  4.57841377e-01  4.57841377e-01  4.57841377e-01  4.57841377e-01  1.58549079e-07  1.89995568e-07  1.08000000e+00 
 1.09000000e+00  3.24666860e-09  3.40361056e-09  4.57841374e-01  4.57841374e-01  4.57841374e-01  4.57841374e-01  4.57841374e-01  1.58549074e-07  1.89995468e-07  1.09000000e+00 
 1.10000000e+00  3.24666860e-09  3.40361056e-09  4.57841364e-01  4.57841364e-01  4.57841364e-01  4.57841364e-01  4.57841364e-01  1.58549066e-07  1.89995241e-07  1.10000000e+00 
 1.11000000e+00  3.24666860e-09  3.40361056e-09  4.57841388e-01  4.57841388e-01  4.57841388e-01  4.57841388e-01  4.57841388e-01  1.58549103e-07  1.89994964e-07  1.11000000e+00 
 1.12000000e+00  3.24666860e-09  3.40361056e-09  4.57841345e-01  4.57841345e-01  4.57841345e-01  4.57841345e-01  4.57841345e-01  1.58549038e-07  1.89994502e-07  1.12000000e+00 
 1.13000000e+00  3.24666860e-09  3.40361056e-09  4.57841365e-01  4.57841365e-01  4.57841365e-01  4.57841365e-01  4.57841365e-01  1.58549065e-07  1.89994402e-07  1.13000000e+00 
 1.14000000e+00  3.24666860e-09  3.40361056e-09  4.57841381e-01  4.57841381e-01  4.57841381e-01  4.57841381e-01  4.57841381e-01  1.58549089e-07  1.89994182e-07  1.14000000e+00 
 1.15000000e+00  3.24666861e-09  3.40361056e-09  4.57841407e-01  4.57841407e-01  4.57841407e-01  4.57841407e-01  4.57841407e-01  1.58549126e-07  1.89994132e-07  1.15000000e+00 
 1.16000000e+00  3.24666860e-09  3.40361056e-09  4.57841360e-01  4.57841360e-01  4.57841360e-01  4.57841360e-01  4.57841360e-01  1.58549066e-07  1.89993642e-07  1.16000000e+00 
 1.17000000e+00  3.24666861e-09  3.40361056e-09  4.57841391e-01  4.57841390e-01  4.57841390e-01  4.57841391e-01  4.57841390e-01  1.58549105e-07  1.89993486e-07  1.17000000e+00 
 1.18000000e+00  3.24666860e-09  3.40361050e-09  4.57841388e-01  4.57841387e-01  4.57841388e-01  4.57841388e-01  4.57841387e-01  1.58549103e-07  1.89993287e-07  1.18000000e+00 
 1.19000000e+00  3.24666860e-09  3.40361056e-09  4.57841377e-01  4.57841377e-01  4.57841377e-01  4.57841377e-01  4.57841377e-01  1.58549085e-07  1.89992974e-07  1.19000000e+00 
 1.20000000e+00  3.24666860e-09  3.40361056e-09  4.57841381e-01  4.57841381e-01  4.57841381e-01  4.57841381e-01  4.57841381e-01  1.58549089e-07  1.89992676e-07  1.20000000e+00 
 1.21000000e+00  3.24666866e-09  3.40361056e-09  4.57841381e-01  4.57841381e-01  4.57841381e-01  4.57841382e-01  4.57841381e-01  1.58549076e-07  1.89992321e-07  1.21000000e+00 
 1.22000000e+00  3.24666859e-09  3.40361056e-09  4.57841385e-01  4.57841384e-01  4.57841385e-01  4.57841385e-01  4.57841384e-01  1.58549087e-07  1.89992079e-07  1.22000000e+00 
 1.23000000e+00  3.24666861e-09  3.40361056e-09  4.57841377e-01  4.57841377e-01  4.57841377e-01  4.57841377e-01  4.57841377e-01  1.58549088e-07  1.89991852e-07  1.23000000e+00 
 1.24000000e+00  3.24666861e-09  3.40361056e-09  4.57841402e-01  4.57841401e-01  4.57841402e-01  4.57841402e-01  4.57841401e-01  1.58549118e-07  1.89991496e-07  1.24000000e+00 
 1.25000000e+00  3.24666860e-09  3.40361056e-09  4.57841364e-01  4.57841364e-01  4.57841364e-01  4.57841364e-01  4.57841364e-01  1.58549068e-07  1.89990914e-07  1.25000000e+00 
 1.26000000e+00  3.24666860e-09  3.40361056e-09  4.57841374e-01  4.57841374e-01  4.57841374e-01  4.57841374e-01  4.57841374e-01  1.58549077e-07  1.89990871e-07  1.26000000e+00 
 1.27000000e+00  3.24666860e-09  3.40361056e-09  4.57841374e-01  4.57841374e-01  4.57841374e-01  4.57841374e-01  4.57841374e-01  1.58549082e-07  1.89990359e-07  1.27000000e+00 
 1.28000000e+00  3.24666860e-09  3.40361056e-09  4.57841376e-01  4.57841376e-01  4.57841376e-01  4.57841376e-01  4.57841376e-01  1.58549074e-07  1.89990033e-07  1.28000000e+00 
 1.29000000e+00  3.24666860e-09  3.40361056e-09  4.57841371e-01  4.57841371e-01  4.57841371e-01  4.57841371e-01  4.57841371e-01  1.58549081e-07  1.89989606e-07  1.29000000e+00 
 1.30000000e+00  3.24666860e-09  3.40361056e-09  4.57841376e-01  4.57841376e-01  4.57841376e-01  4.57841376e-01  4.57841376e-01  1.58549075e-07  1.89989223e-07  1.30000000e+00 
 1.31000000e+00  3.24666860e-09  3.40361056e-09  4.57841382e-01  4.57841382e-01  4.57841382e-01  4.57841382e-01  4.57841381e-01  1.58549085e-07  1.89988810e-07  1.31000000e+00 
 1.32000000e+00  3.24666860e-09  3.40361056e-09  4.57841380e-01  4.57841380e-01  4.57841380e-01  4.57841380e-01  4.57841380e-01  1.58549082e-07  1.89988441e-07  1.32000000e+00 
 1.33000000e+00  3.24666860e-09  3.40361056e-09  4.57841374e-01  4.57841373e-01  4.57841373e-01  4.57841374e-01  4.57841373e-01  1.58549077e-07  1.89987929e-07  1.33000000e+00 
 1.34000000e+00  3.24666860e-09  3.40361056e-09  4.57841347e-01  4.57841347e-01  4.57841347e-01  4.57841347e-01  4.57841347e-01  1.58549038e-07  1.89987318e-07  1.34000000e+00 
 1.35000000e+00  3.24666861e-09  3.40361056e-09  4.57841397e-01  4.57841397e-01  4.57841397e-01  4.57841397e-01  4.57841397e-01  1.58549116e-07  1.89986977e-07  1.35000000e+00 
 1.36000000e+00  3.24666860e-09  3.40361056e-09  4.57841387e-01  4.57841387e-01  4.57841387e-01  4.57841387e-01  4.57841386e-01  1.58549094e-07  1.89986437e-07  1.36000000e+00 
 1.37000000e+00  3.24666860e-09  3.40361056e-09  4.57841387e-01  4.57841387e-01  4.57841387e-01  4.57841387e-01  4.57841387e-01  1.58549087e-07  1.89985826e-07  1.37000000e+00 
 1.38000000e+00  3.24666861e-09  3.40361056e-09  4.57841395e-01  4.57841394e-01  4.57841395e-01  4.57841395e-01  4.57841394e-01  1.58549119e-07  1.89985286e-07  1.38000000e+00 
 1.39000000e+00  3.24666861e-09  3.40361056e-09  4.57841394e-01  4.57841394e-01  4.57841394e-01  4.57841394e-01  4.57841394e-01  1.58549118e-07  1.89984377e-07  1.39000000e+00 
 1.40000000e+00  3.24666860e-09  3.40361056e-09  4.57841389e-01  4.57841389e-01  4.57841389e-01  4.57841389e-01  4.57841388e-01  1.58549099e-07  1.89983609e-07  1.40000000e+00 
 1.41000000e+00  3.24666860e-09  3.40361056e-09  4.57841350e-01  4.57841350e-01  4.57841350e-01  4.57841350e-01  4.57841350e-01  1.58549049e-07  1.89982529e-07  1.41000000e+00 
 1.42000000e+00  3.24666860e-09  3.40361056e-09  4.57841378e-01  4.57841378e-01  4.57841378e-01  4.57841378e-01  4.57841377e-01  1.58549103e-07  1.89981634e-07  1.42000000e+00 
 1.43000000e+00  3.24666860e-09  3.40361056e-09  4.57841359e-01  4.57841359e-01  4.57841359e-01  4.57841359e-01  4.57841359e-01  1.58549064e-07  1.89980284e-07  1.43000000e+00 
 1.44000000e+00  3.24666860e-09  3.40361056e-09  4.57841360e-01  4.57841360e-01  4.57841360e-01  4.57841360e-01  4.57841360e-01  1.58549055e-07  1.89978877e-07  1.44000000e+00 
 1.45000000e+00  3.24666860e-09  3.40361056e-09  4.57841357e-01  4.57841357e-01  4.57841357e-01  4.57841357e-01  4.57841357e-01  1.58549061e-07  1.89977115e-07  1.45000000e+00 
 1.46000000e+00  3.24666861e-09  3.40361056e-09  4.57841396e-01  4.57841396e-01  4.57841396e-01  4.57841396e-01  4.57841396e-01  1.58549109e-07  1.89975253e-07  1.46000000e+00 
 1.47000000e+00  3.24666860e-09  3.40361056e-09  4.57841378e-01  4.57841378e-01  4.57841378e-01  4.57841378e-01  4.57841378e-01  1.58549097e-07  1.89972553e-07  1.47000000e+00 
 1.48000000e+00  3.24666861e-09  3.40361050e-09  4.57841395e-01  4.57841395e-01  4.57841395e-01  4.57841395e-01  4.57841395e-01  1.58549107e-07  1.89969313e-07  1.48000000e+00 
 1.49000000e+00  3.24666860e-09  3.40361050e-09  4.57841381e-01  4.57841381e-01  4.57841381e-01  4.57841381e-01  4.57841381e-01  1.58549093e-07  1.89965021e-07  1.49000000e+00 
 1.50000000e+00  3.24666860e-09  3.40361056e-09  4.57841372e-01  4.57841372e-01  4.57841372e-01  4.57841372e-01  4.57841372e-01  1.58549078e-07  1.89959053e-07  1.50000000e+00 
 1.51000000e+00  3.24666860e-09  3.40361056e-09  4.57841383e-01  4.57841383e-01  4.57841383e-01  4.57841383e-01  4.57841383e-01  1.58549087e-07  1.89950782e-07  1.51000000e+00 
 1.52000000e+00  3.24666860e-09  3.40361056e-09  4.57841369e-01  4.57841369e-01  4.57841369e-01  4.57841369e-01  4.57841369e-01  1.58549062e-07  1.89938376e-07  1.52000000e+00 
 1.53000000e+00  3.24666860e-09  3.40361056e-09  4.57841365e-01  4.57841365e-01  4.57841365e-01  4.57841365e-01  4.57841365e-01  1.58549059e-07  1.89919234e-07  1.53000000e+00 
 1.54000000e+00  3.24666860e-09  3.40361056e-09  4.57841364e-01  4.57841363e-01  4.57841363e-01  4.57841364e-01  4.57841363e-01  1.58549071e-07  1.89888226e-07  1.54000000e+00 
 1.55000000e+00  3.24666860e-09  3.40361056e-09  4.57841364e-01  4.57841364e-01  4.57841364e-01  4.57841364e-01  4.57841364e-01  1.58549060e-07  1.89834978e-07  1.55000000e+00 
 1.56000000e+00  3.24666860e-09  3.40361056e-09  4.57841377e-01  4.57841376e-01  4.57841376e-01  4.57841377e-01  4.57841376e-01  1.58549084e-07  1.89739922e-07  1.56000000e+00 
 1.57000000e+00  3.24666860e-09  3.40361056e-09  4.57841384e-01  4.57841384e-01  4.57841384e-01  4.57841384e-01  4.57841384e-01  1.58549087e-07  1.89565839e-07  1.57000000e+00 
 1.58000000e+00  3.24666860e-09  3.40361056e-09  4.57841371e-01  4.57841371e-01  4.57841371e-01  4.57841371e-01  4.57841371e-01  1.58549088e-07  1.89240879e-07  1.58000000e+00 
 1.59000000e+00  3.24666860e-09  3.40361056e-09  4.57841385e-01  4.57841385e-01  4.57841385e-01  4.57841385e-01  4.57841385e-01  1.58549100e-07  1.88637472e-07  1.59000000e+00 
 1.60000000e+00  3.24666861e-09  3.40361056e-09  4.57841395e-01  4.57841395e-01  4.57841395e-01  4.57841395e-01  4.57841395e-01  1.58549121e-07  1.87500746e-07  1.60000000e+00 
 1.61000000e+00  3.24666861e-09  3.40361056e-09  4.57841393e-01  4.57841393e-01  4.57841393e-01  4.57841393e-01  4.57841392e-01  1.58549114e-07  1.72644462e-07  1.61000000e+00 
 1.62000000e+00  3.24666860e-09  3.40361056e-09  4.57841386e-01  4.57841385e-01  4.57841385e-01  4.57841386e-01  4.57841385e-01  1.58549100e-07  1.47404265e-07  1.62000000e+00 
 1.63000000e+00  3.24666860e-09  3.40361056e-09  4.57841344e-01  4.57841344e-01  4.57841344e-01  4.57841344e-01  4.57841344e-01  1.58549033e-07  1.23961897e-07  1.63000000e+00 
 1.64000000e+00  3.24666860e-09  3.40361056e-09  4.57841377e-01  4.57841377e-01  4.57841377e-01  4.57841377e-01  4.57841377e-01  1.58549084e-07  1.02880904e-07  1.64000000e+00 
 1.65000000e+00  3.24666860e-09  3.40361050e-09  4.57841380e-01  4.57841380e-01  4.57841380e-01  4.57841380e-01  4.57841380e-01  1.58549083e-07  8.44503205e-08  1.65000000e+00 
 1.66000000e+00  3.24666860e-09  3.40361056e-09  4.57841382e-01  4.57841382e-01  4.57841382e-01  4.57841382e-01  4.57841382e-01  1.58549090e-07  6.86560071e-08  1.66000000e+00 
 1.67000000e+00  3.24666860e-09  3.40361056e-09  4.57841380e-01  4.57841380e-01  4.57841380e-01  4.57841380e-01  4.57841380e-01  1.58549073e-07  5.53285275e-08  1.67000000e+00 
 1.68000000e+00  3.24666860e-09  3.40361056e-09  4.57841379e-01  4.57841379e-01  4.57841379e-01  4.57841379e-01  4.57841379e-01  1.58549083e-07  4.42102817e-08  1.68000000e+00 
 1.69000000e+00  3.24666860e-09  3.40361056e-09  4.57841369e-01  4.57841369e-01  4.57841369e-01  4.57841369e-01  4.57841369e-01  1.58549074e-07  3.50099043e-08  1.69000000e+00 
 1.70000000e+00  3.24666861e-09  3.40361056e-09  4.57841395e-01  4.57841395e-01  4.57841395e-01  4.57841395e-01  4.57841395e-01  1.58549104e-07  2.74411605e-08  1.70000000e+00 
 1.71000000e+00  3.24666861e-09  3.40361056e-09  4.57841403e-01  4.57841403e-01  4.57841403e-01  4.57841403e-01  4.57841403e-01  1.58549126e-07  2.12403535e-08  1.71000000e+00 
 1.72000000e+00  3.24666860e-09  3.40361056e-09  4.57841376e-01  4.57841376e-01  4.57841376e-01  4.57841376e-01  4.57841376e-01  1.58549077e-07  1.61755338e-08  1.72000000e+00 
 1.73000000e+00  3.24666860e-09  3.40361056e-09  4.57841380e-01  4.57841380e-01  4.57841380e-01  4.57841380e-01  4.57841380e-01  1.58549089e-07  1.20446657e-08  1.73000000e+00 
 1.74000000e+00  3.24666866e-09  3.40361056e-09  4.57841388e-01  4.57841388e-01  4.57841388e-01  4.57841388e-01  4.57841388e-01  1.58549108e-07  8.67325411e-09  1.74000000e+00 
 1.75000000e+00  3.24666859e-09  3.40361056e-09  4.57841361e-01  4.57841361e-01  4.57841361e-01  4.57841362e-01  4.57841361e-01  1.58549064e-07  5.90985394e-09  1.75000000e+00 
 1.76000000e+00  3.24666861e-09  3.40361056e-09  4.57841375e-01  4.57841375e-01  4.57841375e-01  4.57841375e-01  4.57841375e-01  1.58549083e-07  3.62470587e-09  1.76000000e+00 
 1.77000000e+00  3.24666861e-09  3.40361056e-09  4.57841404e-01  4.57841404e-01  4.57841404e-01  4.57841404e-01  4.57841404e-01  1.58549114e-07  1.71658598e-09  1.77000000e+00 
 1.78000000e+00  3.24666860e-09  3.40361056e-09  4.57841345e-01  4.57841345e-01  4.57841345e-01  4.57841345e-01  4.57841345e-01  1.58549044e-07  1.22682309e-10  1.78000000e+00 
 1.79000000e+00  3.24666860e-09  3.40361056e-09  4.57841363e-01  4.57841362e-01  4.57841362e-01  4.57841363e-01  4.57841362e-01  1.58549058e-07 -1.17668719e-09  1.79000000e+00 
 1.80000000e+00  3.24666861e-09  3.40361056e-09  4.57841394e-01  4.57841394e-01  4.57841394e-01  4.57841394e-01  4.57841394e-01  1.58549105e-07 -2.18047091e-09  1.80000000e+00 
