 v-sweep         v(b0)           v(b1)           v(b2)           v(b3)           v(b4)           v(b5)           v(b6)           i(vbias)        i(viout)        v(vout)        
 0.00000000e+00  4.59788491e-01  4.59788491e-01  4.59788491e-01  4.59788491e-01  3.22890476e-09  3.73292269e-09  3.29159329e-09  1.62019604e-07  2.42307929e-08  0.00000000e+00 
 1.00000000e-02  4.59788493e-01  4.59788493e-01  4.59788493e-01  4.59788493e-01  3.22890480e-09  3.73292268e-09  3.29159333e-09  1.62019620e-07  2.42303263e-08  1.00000000e-02 
 2.00000000e-02  4.59788479e-01  4.59788479e-01  4.59788479e-01  4.59788479e-01  3.22890474e-09  3.73292267e-09  3.29159327e-09  1.62019590e-07  2.42299500e-08  2.00000000e-02 
 3.00000000e-02  4.59788464e-01  4.59788463e-01  4.59788463e-01  4.59788463e-01  3.22890480e-09  3.73292267e-09  3.29159327e-09  1.62019578e-07  2.42296461e-08  3.00000000e-02 
 4.00000000e-02  4.59788479e-01  4.59788478e-01  4.59788478e-01  4.59788478e-01  3.22890480e-09  3.73292267e-09  3.29159327e-09  1.62019589e-07  2.42292755e-08  4.00000000e-02 
 5.00000000e-02  4.59788481e-01  4.59788481e-01  4.59788481e-01  4.59788481e-01  3.22890480e-09  3.73292262e-09  3.29159327e-09  1.62019607e-07  2.42288469e-08  5.00000000e-02 
 6.00000000e-02  4.59788476e-01  4.59788475e-01  4.59788475e-01  4.59788475e-01  3.22890474e-09  3.73292262e-09  3.29159327e-09  1.62019584e-07  2.42286631e-08  6.00000000e-02 
 7.00000000e-02  4.59788465e-01  4.59788465e-01  4.59788465e-01  4.59788465e-01  3.22890474e-09  3.73292267e-09  3.29159327e-09  1.62019584e-07  2.42283122e-08  7.00000000e-02 
 8.00000000e-02  4.59788471e-01  4.59788471e-01  4.59788471e-01  4.59788471e-01  3.22890474e-09  3.73292267e-09  3.29159333e-09  1.62019595e-07  2.42279796e-08  8.00000000e-02 
 9.00000000e-02  4.59788482e-01  4.59788482e-01  4.59788482e-01  4.59788482e-01  3.22890480e-09  3.73292267e-09  3.29159327e-09  1.62019605e-07  2.42276998e-08  9.00000000e-02 
 1.00000000e-01  4.59788468e-01  4.59788467e-01  4.59788467e-01  4.59788467e-01  3.22890474e-09  3.73292267e-09  3.29159332e-09  1.62019577e-07  2.42275977e-08  1.00000000e-01 
 1.10000000e-01  4.59788475e-01  4.59788475e-01  4.59788475e-01  4.59788475e-01  3.22890480e-09  3.73292267e-09  3.29159327e-09  1.62019614e-07  2.42273224e-08  1.10000000e-01 
 1.20000000e-01  4.59788467e-01  4.59788467e-01  4.59788467e-01  4.59788467e-01  3.22890474e-09  3.73292267e-09  3.29159332e-09  1.62019577e-07  2.42271625e-08  1.20000000e-01 
 1.30000000e-01  4.59788479e-01  4.59788479e-01  4.59788479e-01  4.59788479e-01  3.22890474e-09  3.73292267e-09  3.29159327e-09  1.62019615e-07  2.42269174e-08  1.30000000e-01 
 1.40000000e-01  4.59788474e-01  4.59788474e-01  4.59788474e-01  4.59788474e-01  3.22890480e-09  3.73292267e-09  3.29159327e-09  1.62019596e-07  2.42266758e-08  1.40000000e-01 
 1.50000000e-01  4.59788460e-01  4.59788460e-01  4.59788460e-01  4.59788460e-01  3.22890480e-09  3.73292267e-09  3.29159332e-09  1.62019571e-07  2.42264946e-08  1.50000000e-01 
 1.60000000e-01  4.59788479e-01  4.59788479e-01  4.59788479e-01  4.59788479e-01  3.22890480e-09  3.73292267e-09  3.29159327e-09  1.62019611e-07  2.42262566e-08  1.60000000e-01 
 1.70000000e-01  4.59788467e-01  4.59788467e-01  4.59788467e-01  4.59788467e-01  3.22890480e-09  3.73292262e-09  3.29159332e-09  1.62019585e-07  2.42260398e-08  1.70000000e-01 
 1.80000000e-01  4.59788464e-01  4.59788464e-01  4.59788464e-01  4.59788464e-01  3.22890480e-09  3.73292267e-09  3.29159332e-09  1.62019590e-07  2.42258551e-08  1.80000000e-01 
 1.90000000e-01  4.59788454e-01  4.59788454e-01  4.59788454e-01  4.59788454e-01  3.22890480e-09  3.73292262e-09  3.29159327e-09  1.62019568e-07  2.42257538e-08  1.90000000e-01 
 2.00000000e-01  4.59788469e-01  4.59788469e-01  4.59788469e-01  4.59788469e-01  3.22890480e-09  3.73292262e-09  3.29159333e-09  1.62019588e-07  2.42256544e-08  2.00000000e-01 
 2.10000000e-01  4.59788493e-01  4.59788493e-01  4.59788493e-01  4.59788493e-01  3.22890480e-09  3.73292268e-09  3.29159327e-09  1.62019616e-07  2.42253932e-08  2.10000000e-01 
 2.20000000e-01  4.59788479e-01  4.59788479e-01  4.59788479e-01  4.59788479e-01  3.22890474e-09  3.73292262e-09  3.29159327e-09  1.62019610e-07  2.42252423e-08  2.20000000e-01 
 2.30000000e-01  4.59788500e-01  4.59788500e-01  4.59788500e-01  4.59788500e-01  3.22890480e-09  3.73292268e-09  3.29159327e-09  1.62019624e-07  2.42252263e-08  2.30000000e-01 
 2.40000000e-01  4.59788515e-01  4.59788515e-01  4.59788515e-01  4.59788515e-01  3.22890474e-09  3.73292268e-09  3.29159327e-09  1.62019669e-07  2.42250202e-08  2.40000000e-01 
 2.50000000e-01  4.59788460e-01  4.59788460e-01  4.59788460e-01  4.59788460e-01  3.22890480e-09  3.73292267e-09  3.29159327e-09  1.62019562e-07  2.42248799e-08  2.50000000e-01 
 2.60000000e-01  4.59788466e-01  4.59788466e-01  4.59788466e-01  4.59788466e-01  3.22890474e-09  3.73292267e-09  3.29159332e-09  1.62019588e-07  2.42247378e-08  2.60000000e-01 
 2.70000000e-01  4.59788469e-01  4.59788469e-01  4.59788469e-01  4.59788469e-01  3.22890480e-09  3.73292267e-09  3.29159327e-09  1.62019596e-07  2.42246063e-08  2.70000000e-01 
 2.80000000e-01  4.59788480e-01  4.59788480e-01  4.59788480e-01  4.59788480e-01  3.22890480e-09  3.73292262e-09  3.29159327e-09  1.62019603e-07  2.42245068e-08  2.80000000e-01 
 2.90000000e-01  4.59788496e-01  4.59788495e-01  4.59788495e-01  4.59788495e-01  3.22890474e-09  3.73292268e-09  3.29159327e-09  1.62019625e-07  2.42244376e-08  2.90000000e-01 
 3.00000000e-01  4.59788475e-01  4.59788475e-01  4.59788475e-01  4.59788475e-01  3.22890474e-09  3.73292267e-09  3.29159327e-09  1.62019583e-07  2.42243487e-08  3.00000000e-01 
 3.10000000e-01  4.59788480e-01  4.59788480e-01  4.59788480e-01  4.59788480e-01  3.22890474e-09  3.73292267e-09  3.29159333e-09  1.62019605e-07  2.42241676e-08  3.10000000e-01 
 3.20000000e-01  4.59788472e-01  4.59788471e-01  4.59788471e-01  4.59788471e-01  3.22890474e-09  3.73292267e-09  3.29159333e-09  1.62019581e-07  2.42241391e-08  3.20000000e-01 
 3.30000000e-01  4.59788465e-01  4.59788464e-01  4.59788465e-01  4.59788465e-01  3.22890474e-09  3.73292267e-09  3.29159332e-09  1.62019589e-07  2.42240361e-08  3.30000000e-01 
 3.40000000e-01  4.59788467e-01  4.59788467e-01  4.59788467e-01  4.59788467e-01  3.22890480e-09  3.73292267e-09  3.29159327e-09  1.62019574e-07  2.42239082e-08  3.40000000e-01 
 3.50000000e-01  4.59788473e-01  4.59788473e-01  4.59788473e-01  4.59788473e-01  3.22890480e-09  3.73292267e-09  3.29159333e-09  1.62019579e-07  2.42239402e-08  3.50000000e-01 
 3.60000000e-01  4.59788469e-01  4.59788468e-01  4.59788468e-01  4.59788468e-01  3.22890480e-09  3.73292262e-09  3.29159327e-09  1.62019569e-07  2.42238265e-08  3.60000000e-01 
 3.70000000e-01  4.59788470e-01  4.59788469e-01  4.59788469e-01  4.59788469e-01  3.22890480e-09  3.73292262e-09  3.29159333e-09  1.62019587e-07  2.42237199e-08  3.70000000e-01 
 3.80000000e-01  4.59788486e-01  4.59788486e-01  4.59788486e-01  4.59788486e-01  3.22890474e-09  3.73292268e-09  3.29159327e-09  1.62019614e-07  2.42235565e-08  3.80000000e-01 
 3.90000000e-01  4.59788499e-01  4.59788499e-01  4.59788499e-01  4.59788499e-01  3.22890480e-09  3.73292268e-09  3.29159327e-09  1.62019616e-07  2.42235210e-08  3.90000000e-01 
 4.00000000e-01  4.59788474e-01  4.59788474e-01  4.59788474e-01  4.59788474e-01  3.22890480e-09  3.73292267e-09  3.29159333e-09  1.62019588e-07  2.42234712e-08  4.00000000e-01 
 4.10000000e-01  4.59788461e-01  4.59788461e-01  4.59788461e-01  4.59788461e-01  3.22890480e-09  3.73292267e-09  3.29159327e-09  1.62019563e-07  2.42234144e-08  4.10000000e-01 
 4.20000000e-01  4.59788484e-01  4.59788484e-01  4.59788484e-01  4.59788484e-01  3.22890480e-09  3.73292268e-09  3.29159327e-09  1.62019598e-07  2.42232545e-08  4.20000000e-01 
 4.30000000e-01  4.59788490e-01  4.59788490e-01  4.59788490e-01  4.59788490e-01  3.22890474e-09  3.73292268e-09  3.29159333e-09  1.62019628e-07  2.42232652e-08  4.30000000e-01 
 4.40000000e-01  4.59788455e-01  4.59788455e-01  4.59788455e-01  4.59788455e-01  3.22890480e-09  3.73292267e-09  3.29159327e-09  1.62019559e-07  2.42231479e-08  4.40000000e-01 
 4.50000000e-01  4.59788487e-01  4.59788486e-01  4.59788486e-01  4.59788486e-01  3.22890480e-09  3.73292268e-09  3.29159327e-09  1.62019609e-07  2.42232190e-08  4.50000000e-01 
 4.60000000e-01  4.59788469e-01  4.59788469e-01  4.59788469e-01  4.59788469e-01  3.22890474e-09  3.73292267e-09  3.29159327e-09  1.62019576e-07  2.42228992e-08  4.60000000e-01 
 4.70000000e-01  4.59788483e-01  4.59788483e-01  4.59788483e-01  4.59788483e-01  3.22890480e-09  3.73292262e-09  3.29159327e-09  1.62019609e-07  2.42229774e-08  4.70000000e-01 
 4.80000000e-01  4.59788490e-01  4.59788490e-01  4.59788490e-01  4.59788490e-01  3.22890480e-09  3.73292268e-09  3.29159327e-09  1.62019622e-07  2.42228921e-08  4.80000000e-01 
 4.90000000e-01  4.59788489e-01  4.59788489e-01  4.59788489e-01  4.59788489e-01  3.22890474e-09  3.73292268e-09  3.29159327e-09  1.62019603e-07  2.42228957e-08  4.90000000e-01 
 5.00000000e-01  4.59788477e-01  4.59788477e-01  4.59788477e-01  4.59788477e-01  3.22890480e-09  3.73292267e-09  3.29159333e-09  1.62019599e-07  2.42227394e-08  5.00000000e-01 
 5.10000000e-01  4.59788501e-01  4.59788501e-01  4.59788501e-01  4.59788501e-01  3.22890474e-09  3.73292268e-09  3.29159327e-09  1.62019637e-07  2.42228104e-08  5.10000000e-01 
 5.20000000e-01  4.59788476e-01  4.59788476e-01  4.59788476e-01  4.59788476e-01  3.22890480e-09  3.73292267e-09  3.29159327e-09  1.62019594e-07  2.42227109e-08  5.20000000e-01 
 5.30000000e-01  4.59788476e-01  4.59788475e-01  4.59788475e-01  4.59788475e-01  3.22890474e-09  3.73292262e-09  3.29159327e-09  1.62019600e-07  2.42225902e-08  5.30000000e-01 
 5.40000000e-01  4.59788475e-01  4.59788475e-01  4.59788475e-01  4.59788475e-01  3.22890480e-09  3.73292267e-09  3.29159327e-09  1.62019594e-07  2.42226044e-08  5.40000000e-01 
 5.50000000e-01  4.59788472e-01  4.59788472e-01  4.59788472e-01  4.59788472e-01  3.22890480e-09  3.73292262e-09  3.29159327e-09  1.62019588e-07  2.42225973e-08  5.50000000e-01 
 5.60000000e-01  4.59788479e-01  4.59788479e-01  4.59788479e-01  4.59788479e-01  3.22890474e-09  3.73292267e-09  3.29159327e-09  1.62019598e-07  2.42225262e-08  5.60000000e-01 
 5.70000000e-01  4.59788454e-01  4.59788454e-01  4.59788454e-01  4.59788454e-01  3.22890480e-09  3.73292267e-09  3.29159332e-09  1.62019563e-07  2.42223699e-08  5.70000000e-01 
 5.80000000e-01  4.59788480e-01  4.59788480e-01  4.59788480e-01  4.59788480e-01  3.22890480e-09  3.73292267e-09  3.29159327e-09  1.62019592e-07  2.42222313e-08  5.80000000e-01 
 5.90000000e-01  4.59788477e-01  4.59788477e-01  4.59788477e-01  4.59788477e-01  3.22890474e-09  3.73292262e-09  3.29159333e-09  1.62019595e-07  2.42222882e-08  5.90000000e-01 
 6.00000000e-01  4.59788486e-01  4.59788485e-01  4.59788486e-01  4.59788486e-01  3.22890480e-09  3.73292268e-09  3.29159327e-09  1.62019609e-07  2.42223308e-08  6.00000000e-01 
 6.10000000e-01  4.59788451e-01  4.59788451e-01  4.59788451e-01  4.59788451e-01  3.22890480e-09  3.73292267e-09  3.29159327e-09  1.62019559e-07  2.42222029e-08  6.10000000e-01 
 6.20000000e-01  4.59788453e-01  4.59788453e-01  4.59788453e-01  4.59788453e-01  3.22890474e-09  3.73292267e-09  3.29159332e-09  1.62019552e-07  2.42222455e-08  6.20000000e-01 
 6.30000000e-01  4.59788482e-01  4.59788482e-01  4.59788482e-01  4.59788482e-01  3.22890480e-09  3.73292262e-09  3.29159327e-09  1.62019597e-07  2.42221532e-08  6.30000000e-01 
 6.40000000e-01  4.59788472e-01  4.59788471e-01  4.59788471e-01  4.59788472e-01  3.22890474e-09  3.73292267e-09  3.29159327e-09  1.62019593e-07  2.42220892e-08  6.40000000e-01 
 6.50000000e-01  4.59788447e-01  4.59788447e-01  4.59788447e-01  4.59788447e-01  3.22890480e-09  3.73292262e-09  3.29159327e-09  1.62019547e-07  2.42219826e-08  6.50000000e-01 
 6.60000000e-01  4.59788489e-01  4.59788488e-01  4.59788489e-01  4.59788489e-01  3.22890474e-09  3.73292268e-09  3.29159327e-09  1.62019620e-07  2.42219187e-08  6.60000000e-01 
 6.70000000e-01  4.59788467e-01  4.59788467e-01  4.59788467e-01  4.59788467e-01  3.22890480e-09  3.73292267e-09  3.29159327e-09  1.62019591e-07  2.42218903e-08  6.70000000e-01 
 6.80000000e-01  4.59788503e-01  4.59788503e-01  4.59788503e-01  4.59788503e-01  3.22890480e-09  3.73292268e-09  3.29159333e-09  1.62019630e-07  2.42218903e-08  6.80000000e-01 
 6.90000000e-01  4.59788464e-01  4.59788463e-01  4.59788464e-01  4.59788464e-01  3.22890480e-09  3.73292267e-09  3.29159327e-09  1.62019586e-07  2.42217553e-08  6.90000000e-01 
 7.00000000e-01  4.59788472e-01  4.59788472e-01  4.59788472e-01  4.59788472e-01  3.22890480e-09  3.73292267e-09  3.29159327e-09  1.62019594e-07  2.42217126e-08  7.00000000e-01 
 7.10000000e-01  4.59788481e-01  4.59788481e-01  4.59788481e-01  4.59788481e-01  3.22890480e-09  3.73292267e-09  3.29159327e-09  1.62019600e-07  2.42217126e-08  7.10000000e-01 
 7.20000000e-01  4.59788480e-01  4.59788480e-01  4.59788480e-01  4.59788480e-01  3.22890474e-09  3.73292267e-09  3.29159327e-09  1.62019600e-07  2.42216842e-08  7.20000000e-01 
 7.30000000e-01  4.59788477e-01  4.59788477e-01  4.59788477e-01  4.59788477e-01  3.22890480e-09  3.73292267e-09  3.29159327e-09  1.62019595e-07  2.42215847e-08  7.30000000e-01 
 7.40000000e-01  4.59788461e-01  4.59788461e-01  4.59788461e-01  4.59788461e-01  3.22890474e-09  3.73292267e-09  3.29159327e-09  1.62019573e-07  2.42214782e-08  7.40000000e-01 
 7.50000000e-01  4.59788477e-01  4.59788477e-01  4.59788477e-01  4.59788477e-01  3.22890474e-09  3.73292262e-09  3.29159327e-09  1.62019596e-07  2.42214639e-08  7.50000000e-01 
 7.60000000e-01  4.59788480e-01  4.59788480e-01  4.59788480e-01  4.59788480e-01  3.22890474e-09  3.73292267e-09  3.29159327e-09  1.62019599e-07  2.42214071e-08  7.60000000e-01 
 7.70000000e-01  4.59788475e-01  4.59788475e-01  4.59788475e-01  4.59788475e-01  3.22890480e-09  3.73292262e-09  3.29159327e-09  1.62019582e-07  2.42213147e-08  7.70000000e-01 
 7.80000000e-01  4.59788467e-01  4.59788467e-01  4.59788467e-01  4.59788467e-01  3.22890480e-09  3.73292267e-09  3.29159327e-09  1.62019581e-07  2.42213218e-08  7.80000000e-01 
 7.90000000e-01  4.59788451e-01  4.59788451e-01  4.59788451e-01  4.59788451e-01  3.22890480e-09  3.73292267e-09  3.29159327e-09  1.62019549e-07  2.42212721e-08  7.90000000e-01 
 8.00000000e-01  4.59788462e-01  4.59788462e-01  4.59788462e-01  4.59788462e-01  3.22890480e-09  3.73292262e-09  3.29159332e-09  1.62019576e-07  2.42210874e-08  8.00000000e-01 
 8.10000000e-01  4.59788477e-01  4.59788477e-01  4.59788477e-01  4.59788477e-01  3.22890480e-09  3.73292267e-09  3.29159327e-09  1.62019594e-07  2.42210803e-08  8.10000000e-01 
 8.20000000e-01  4.59788480e-01  4.59788480e-01  4.59788480e-01  4.59788480e-01  3.22890474e-09  3.73292267e-09  3.29159333e-09  1.62019604e-07  2.42211442e-08  8.20000000e-01 
 8.30000000e-01  4.59788465e-01  4.59788465e-01  4.59788465e-01  4.59788465e-01  3.22890474e-09  3.73292267e-09  3.29159327e-09  1.62019602e-07  2.42209595e-08  8.30000000e-01 
 8.40000000e-01  4.59788483e-01  4.59788483e-01  4.59788483e-01  4.59788483e-01  3.22890480e-09  3.73292262e-09  3.29159327e-09  1.62019613e-07  2.42211087e-08  8.40000000e-01 
 8.50000000e-01  4.59788445e-01  4.59788445e-01  4.59788445e-01  4.59788445e-01  3.22890480e-09  3.73292267e-09  3.29159327e-09  1.62019558e-07  2.42209666e-08  8.50000000e-01 
 8.60000000e-01  4.59788480e-01  4.59788479e-01  4.59788480e-01  4.59788480e-01  3.22890480e-09  3.73292262e-09  3.29159327e-09  1.62019598e-07  2.42209808e-08  8.60000000e-01 
 8.70000000e-01  4.59788489e-01  4.59788489e-01  4.59788489e-01  4.59788489e-01  3.22890480e-09  3.73292262e-09  3.29159333e-09  1.62019609e-07  2.42208671e-08  8.70000000e-01 
 8.80000000e-01  4.59788470e-01  4.59788470e-01  4.59788470e-01  4.59788470e-01  3.22890474e-09  3.73292267e-09  3.29159327e-09  1.62019590e-07  2.42207108e-08  8.80000000e-01 
 8.90000000e-01  4.59788489e-01  4.59788489e-01  4.59788489e-01  4.59788489e-01  3.22890474e-09  3.73292268e-09  3.29159327e-09  1.62019610e-07  2.42206539e-08  8.90000000e-01 
 9.00000000e-01  4.59788497e-01  4.59788497e-01  4.59788497e-01  4.59788497e-01  3.22890480e-09  3.73292268e-09  3.29159327e-09  1.62019632e-07  2.42206752e-08  9.00000000e-01 
 9.10000000e-01  4.59788489e-01  4.59788489e-01  4.59788489e-01  4.59788489e-01  3.22890480e-09  3.73292262e-09  3.29159333e-09  1.62019612e-07  2.42205331e-08  9.10000000e-01 
 9.20000000e-01  4.59788482e-01  4.59788481e-01  4.59788481e-01  4.59788481e-01  3.22890480e-09  3.73292267e-09  3.29159333e-09  1.62019599e-07  2.42206468e-08  9.20000000e-01 
 9.30000000e-01  4.59788476e-01  4.59788476e-01  4.59788476e-01  4.59788476e-01  3.22890480e-09  3.73292267e-09  3.29159327e-09  1.62019581e-07  2.42206184e-08  9.30000000e-01 
 9.40000000e-01  4.59788481e-01  4.59788481e-01  4.59788481e-01  4.59788481e-01  3.22890480e-09  3.73292262e-09  3.29159327e-09  1.62019601e-07  2.42205118e-08  9.40000000e-01 
 9.50000000e-01  4.59788489e-01  4.59788489e-01  4.59788489e-01  4.59788489e-01  3.22890480e-09  3.73292262e-09  3.29159327e-09  1.62019616e-07  2.42204266e-08  9.50000000e-01 
 9.60000000e-01  4.59788486e-01  4.59788486e-01  4.59788486e-01  4.59788486e-01  3.22890480e-09  3.73292262e-09  3.29159327e-09  1.62019613e-07  2.42203129e-08  9.60000000e-01 
 9.70000000e-01  4.59788509e-01  4.59788509e-01  4.59788509e-01  4.59788509e-01  3.22890480e-09  3.73292268e-09  3.29159327e-09  1.62019647e-07  2.42203271e-08  9.70000000e-01 
 9.80000000e-01  4.59788479e-01  4.59788479e-01  4.59788479e-01  4.59788479e-01  3.22890480e-09  3.73292262e-09  3.29159327e-09  1.62019604e-07  2.42203129e-08  9.80000000e-01 
 9.90000000e-01  4.59788492e-01  4.59788492e-01  4.59788492e-01  4.59788492e-01  3.22890480e-09  3.73292268e-09  3.29159327e-09  1.62019611e-07  2.42201992e-08  9.90000000e-01 
 1.00000000e+00  4.59788480e-01  4.59788480e-01  4.59788480e-01  4.59788480e-01  3.22890480e-09  3.73292267e-09  3.29159327e-09  1.62019607e-07  2.42201281e-08  1.00000000e+00 
 1.01000000e+00  4.59788447e-01  4.59788447e-01  4.59788447e-01  4.59788447e-01  3.22890474e-09  3.73292267e-09  3.29159332e-09  1.62019556e-07  2.42200926e-08  1.01000000e+00 
 1.02000000e+00  4.59788480e-01  4.59788479e-01  4.59788479e-01  4.59788479e-01  3.22890474e-09  3.73292267e-09  3.29159327e-09  1.62019591e-07  2.42201210e-08  1.02000000e+00 
 1.03000000e+00  4.59788473e-01  4.59788473e-01  4.59788473e-01  4.59788473e-01  3.22890474e-09  3.73292262e-09  3.29159333e-09  1.62019570e-07  2.42199008e-08  1.03000000e+00 
 1.04000000e+00  4.59788476e-01  4.59788475e-01  4.59788475e-01  4.59788475e-01  3.22890480e-09  3.73292262e-09  3.29159327e-09  1.62019599e-07  2.42200002e-08  1.04000000e+00 
 1.05000000e+00  4.59788465e-01  4.59788465e-01  4.59788465e-01  4.59788465e-01  3.22890474e-09  3.73292267e-09  3.29159327e-09  1.62019583e-07  2.42198936e-08  1.05000000e+00 
 1.06000000e+00  4.59788484e-01  4.59788483e-01  4.59788484e-01  4.59788484e-01  3.22890474e-09  3.73292262e-09  3.29159327e-09  1.62019630e-07  2.42199008e-08  1.06000000e+00 
 1.07000000e+00  4.59788476e-01  4.59788476e-01  4.59788476e-01  4.59788476e-01  3.22890474e-09  3.73292262e-09  3.29159327e-09  1.62019612e-07  2.42198013e-08  1.07000000e+00 
 1.08000000e+00  4.59788467e-01  4.59788467e-01  4.59788467e-01  4.59788467e-01  3.22890480e-09  3.73292262e-09  3.29159332e-09  1.62019573e-07  2.42196307e-08  1.08000000e+00 
 1.09000000e+00  4.59788452e-01  4.59788452e-01  4.59788452e-01  4.59788452e-01  3.22890480e-09  3.73292267e-09  3.29159327e-09  1.62019560e-07  2.42197018e-08  1.09000000e+00 
 1.10000000e+00  4.59788464e-01  4.59788463e-01  4.59788464e-01  4.59788464e-01  3.22890474e-09  3.73292262e-09  3.29159327e-09  1.62019586e-07  2.42195810e-08  1.10000000e+00 
 1.11000000e+00  4.59788469e-01  4.59788469e-01  4.59788469e-01  4.59788469e-01  3.22890474e-09  3.73292267e-09  3.29159333e-09  1.62019580e-07  2.42194602e-08  1.11000000e+00 
 1.12000000e+00  4.59788475e-01  4.59788475e-01  4.59788475e-01  4.59788475e-01  3.22890480e-09  3.73292262e-09  3.29159327e-09  1.62019585e-07  2.42195384e-08  1.12000000e+00 
 1.13000000e+00  4.59788472e-01  4.59788472e-01  4.59788472e-01  4.59788472e-01  3.22890474e-09  3.73292262e-09  3.29159327e-09  1.62019586e-07  2.42193536e-08  1.13000000e+00 
 1.14000000e+00  4.59788485e-01  4.59788484e-01  4.59788485e-01  4.59788485e-01  3.22890474e-09  3.73292262e-09  3.29159327e-09  1.62019618e-07  2.42194460e-08  1.14000000e+00 
 1.15000000e+00  4.59788475e-01  4.59788475e-01  4.59788475e-01  4.59788475e-01  3.22890480e-09  3.73292267e-09  3.29159333e-09  1.62019583e-07  2.42192613e-08  1.15000000e+00 
 1.16000000e+00  4.59788486e-01  4.59788486e-01  4.59788486e-01  4.59788486e-01  3.22890474e-09  3.73292268e-09  3.29159327e-09  1.62019616e-07  2.42192897e-08  1.16000000e+00 
 1.17000000e+00  4.59788469e-01  4.59788469e-01  4.59788469e-01  4.59788469e-01  3.22890474e-09  3.73292267e-09  3.29159327e-09  1.62019584e-07  2.42192044e-08  1.17000000e+00 
 1.18000000e+00  4.59788503e-01  4.59788503e-01  4.59788503e-01  4.59788503e-01  3.22890480e-09  3.73292268e-09  3.29159327e-09  1.62019654e-07  2.42191476e-08  1.18000000e+00 
 1.19000000e+00  4.59788446e-01  4.59788446e-01  4.59788446e-01  4.59788446e-01  3.22890480e-09  3.73292262e-09  3.29159327e-09  1.62019545e-07  2.42190339e-08  1.19000000e+00 
 1.20000000e+00  4.59788480e-01  4.59788480e-01  4.59788480e-01  4.59788480e-01  3.22890480e-09  3.73292267e-09  3.29159327e-09  1.62019589e-07  2.42190765e-08  1.20000000e+00 
 1.21000000e+00  4.59788469e-01  4.59788469e-01  4.59788469e-01  4.59788469e-01  3.22890474e-09  3.73292262e-09  3.29159327e-09  1.62019579e-07  2.42187781e-08  1.21000000e+00 
 1.22000000e+00  4.59788478e-01  4.59788478e-01  4.59788478e-01  4.59788478e-01  3.22890480e-09  3.73292267e-09  3.29159327e-09  1.62019597e-07  2.42188776e-08  1.22000000e+00 
 1.23000000e+00  4.59788481e-01  4.59788481e-01  4.59788481e-01  4.59788481e-01  3.22890474e-09  3.73292267e-09  3.29159333e-09  1.62019601e-07  2.42187639e-08  1.23000000e+00 
 1.24000000e+00  4.59788476e-01  4.59788476e-01  4.59788476e-01  4.59788476e-01  3.22890474e-09  3.73292262e-09  3.29159327e-09  1.62019600e-07  2.42186928e-08  1.24000000e+00 
 1.25000000e+00  4.59788478e-01  4.59788478e-01  4.59788478e-01  4.59788478e-01  3.22890474e-09  3.73292262e-09  3.29159327e-09  1.62019593e-07  2.42186786e-08  1.25000000e+00 
 1.26000000e+00  4.59788486e-01  4.59788486e-01  4.59788486e-01  4.59788486e-01  3.22890480e-09  3.73292268e-09  3.29159327e-09  1.62019601e-07  2.42186502e-08  1.26000000e+00 
 1.27000000e+00  4.59788470e-01  4.59788469e-01  4.59788470e-01  4.59788470e-01  3.22890480e-09  3.73292262e-09  3.29159327e-09  1.62019591e-07  2.42185223e-08  1.27000000e+00 
 1.28000000e+00  4.59788482e-01  4.59788482e-01  4.59788482e-01  4.59788482e-01  3.22890474e-09  3.73292262e-09  3.29159327e-09  1.62019606e-07  2.42184512e-08  1.28000000e+00 
 1.29000000e+00  4.59788456e-01  4.59788455e-01  4.59788456e-01  4.59788456e-01  3.22890480e-09  3.73292267e-09  3.29159327e-09  1.62019571e-07  2.42184086e-08  1.29000000e+00 
 1.30000000e+00  4.59788487e-01  4.59788487e-01  4.59788487e-01  4.59788487e-01  3.22890474e-09  3.73292268e-09  3.29159333e-09  1.62019606e-07  2.42184655e-08  1.30000000e+00 
 1.31000000e+00  4.59788484e-01  4.59788483e-01  4.59788483e-01  4.59788483e-01  3.22890480e-09  3.73292268e-09  3.29159327e-09  1.62019614e-07  2.42183660e-08  1.31000000e+00 
 1.32000000e+00  4.59788478e-01  4.59788478e-01  4.59788478e-01  4.59788478e-01  3.22890474e-09  3.73292262e-09  3.29159327e-09  1.62019595e-07  2.42183518e-08  1.32000000e+00 
 1.33000000e+00  4.59788501e-01  4.59788501e-01  4.59788501e-01  4.59788501e-01  3.22890480e-09  3.73292268e-09  3.29159327e-09  1.62019632e-07  2.42181528e-08  1.33000000e+00 
 1.34000000e+00  4.59788518e-01  4.59788517e-01  4.59788517e-01  4.59788517e-01  3.22890474e-09  3.73292268e-09  3.29159333e-09  1.62019666e-07  2.42181528e-08  1.34000000e+00 
 1.35000000e+00  4.59788472e-01  4.59788472e-01  4.59788472e-01  4.59788472e-01  3.22890474e-09  3.73292267e-09  3.29159327e-09  1.62019603e-07  2.42180676e-08  1.35000000e+00 
 1.36000000e+00  4.59788454e-01  4.59788453e-01  4.59788453e-01  4.59788453e-01  3.22890480e-09  3.73292267e-09  3.29159332e-09  1.62019559e-07  2.42180249e-08  1.36000000e+00 
 1.37000000e+00  4.59788454e-01  4.59788454e-01  4.59788454e-01  4.59788454e-01  3.22890474e-09  3.73292262e-09  3.29159327e-09  1.62019568e-07  2.42178544e-08  1.37000000e+00 
 1.38000000e+00  4.59788479e-01  4.59788479e-01  4.59788479e-01  4.59788479e-01  3.22890480e-09  3.73292262e-09  3.29159327e-09  1.62019583e-07  2.42179539e-08  1.38000000e+00 
 1.39000000e+00  4.59788495e-01  4.59788495e-01  4.59788495e-01  4.59788495e-01  3.22890474e-09  3.73292268e-09  3.29159327e-09  1.62019613e-07  2.42177691e-08  1.39000000e+00 
 1.40000000e+00  4.59788498e-01  4.59788498e-01  4.59788498e-01  4.59788498e-01  3.22890480e-09  3.73292262e-09  3.29159327e-09  1.62019625e-07  2.42177265e-08  1.40000000e+00 
 1.41000000e+00  4.59788466e-01  4.59788466e-01  4.59788466e-01  4.59788466e-01  3.22890480e-09  3.73292262e-09  3.29159327e-09  1.62019584e-07  2.42176412e-08  1.41000000e+00 
 1.42000000e+00  4.59788473e-01  4.59788473e-01  4.59788473e-01  4.59788473e-01  3.22890480e-09  3.73292267e-09  3.29159327e-09  1.62019593e-07  2.42176270e-08  1.42000000e+00 
 1.43000000e+00  4.59788478e-01  4.59788478e-01  4.59788478e-01  4.59788478e-01  3.22890480e-09  3.73292262e-09  3.29159333e-09  1.62019582e-07  2.42174991e-08  1.43000000e+00 
 1.44000000e+00  4.59788480e-01  4.59788480e-01  4.59788480e-01  4.59788480e-01  3.22890474e-09  3.73292267e-09  3.29159327e-09  1.62019586e-07  2.42173144e-08  1.44000000e+00 
 1.45000000e+00  4.59788481e-01  4.59788481e-01  4.59788481e-01  4.59788481e-01  3.22890474e-09  3.73292262e-09  3.29159327e-09  1.62019600e-07  2.42172717e-08  1.45000000e+00 
 1.46000000e+00  4.59788480e-01  4.59788479e-01  4.59788479e-01  4.59788479e-01  3.22890474e-09  3.73292267e-09  3.29159327e-09  1.62019607e-07  2.42172433e-08  1.46000000e+00 
 1.47000000e+00  4.59788472e-01  4.59788472e-01  4.59788472e-01  4.59788472e-01  3.22890480e-09  3.73292267e-09  3.29159333e-09  1.62019592e-07  2.42170728e-08  1.47000000e+00 
 1.48000000e+00  4.59788472e-01  4.59788472e-01  4.59788472e-01  4.59788472e-01  3.22890480e-09  3.73292267e-09  3.29159327e-09  1.62019593e-07  2.42170017e-08  1.48000000e+00 
 1.49000000e+00  4.59788465e-01  4.59788464e-01  4.59788464e-01  4.59788464e-01  3.22890474e-09  3.73292262e-09  3.29159332e-09  1.62019570e-07  2.42170159e-08  1.49000000e+00 
 1.50000000e+00  4.59788478e-01  4.59788478e-01  4.59788478e-01  4.59788478e-01  3.22890480e-09  3.73292267e-09  3.29159333e-09  1.62019594e-07  2.42167175e-08  1.50000000e+00 
 1.51000000e+00  4.59788468e-01  4.59788468e-01  4.59788468e-01  4.59788468e-01  3.22890474e-09  3.73292262e-09  3.29159327e-09  1.62019585e-07  2.42167033e-08  1.51000000e+00 
 1.52000000e+00  4.59788504e-01  4.59788504e-01  4.59788504e-01  4.59788504e-01  3.22890474e-09  3.73292268e-09  3.29159327e-09  1.62019635e-07  2.42165896e-08  1.52000000e+00 
 1.53000000e+00  4.59788474e-01  4.59788473e-01  4.59788473e-01  4.59788473e-01  3.22890474e-09  3.73292267e-09  3.29159327e-09  1.62019595e-07  2.42164191e-08  1.53000000e+00 
 1.54000000e+00  4.59788486e-01  4.59788485e-01  4.59788485e-01  4.59788485e-01  3.22890474e-09  3.73292262e-09  3.29159327e-09  1.62019609e-07  2.42163196e-08  1.54000000e+00 
 1.55000000e+00  4.59788460e-01  4.59788460e-01  4.59788460e-01  4.59788460e-01  3.22890474e-09  3.73292262e-09  3.29159332e-09  1.62019559e-07  2.42160922e-08  1.55000000e+00 
 1.56000000e+00  4.59788489e-01  4.59788488e-01  4.59788488e-01  4.59788488e-01  3.22890480e-09  3.73292268e-09  3.29159327e-09  1.62019606e-07  2.42157654e-08  1.56000000e+00 
 1.57000000e+00  4.59788473e-01  4.59788473e-01  4.59788473e-01  4.59788473e-01  3.22890480e-09  3.73292262e-09  3.29159327e-09  1.62019587e-07  2.42155949e-08  1.57000000e+00 
 1.58000000e+00  4.59788477e-01  4.59788477e-01  4.59788477e-01  4.59788477e-01  3.22890474e-09  3.73292262e-09  3.29159333e-09  1.62019593e-07  2.42152822e-08  1.58000000e+00 
 1.59000000e+00  4.59788469e-01  4.59788469e-01  4.59788469e-01  4.59788469e-01  3.22890474e-09  3.73292262e-09  3.29159327e-09  1.62019582e-07  2.42147848e-08  1.59000000e+00 
 1.60000000e+00  4.59788482e-01  4.59788482e-01  4.59788482e-01  4.59788482e-01  3.22890480e-09  3.73292267e-09  3.29159333e-09  1.62019602e-07  2.42141454e-08  1.60000000e+00 
 1.61000000e+00  4.59788470e-01  4.59788470e-01  4.59788470e-01  4.59788470e-01  3.22890480e-09  3.73292262e-09  3.29159333e-09  1.62019579e-07  2.42133069e-08  1.61000000e+00 
 1.62000000e+00  4.59788483e-01  4.59788483e-01  4.59788483e-01  4.59788483e-01  3.22890480e-09  3.73292267e-09  3.29159327e-09  1.62019607e-07  2.42121558e-08  1.62000000e+00 
 1.63000000e+00  4.59788478e-01  4.59788478e-01  4.59788478e-01  4.59788478e-01  3.22890480e-09  3.73292262e-09  3.29159333e-09  1.62019598e-07  2.42101237e-08  1.63000000e+00 
 1.64000000e+00  4.59788466e-01  4.59788466e-01  4.59788466e-01  4.59788466e-01  3.22890474e-09  3.73292267e-09  3.29159327e-09  1.62019587e-07  2.42071678e-08  1.64000000e+00 
 1.65000000e+00  4.59788472e-01  4.59788472e-01  4.59788472e-01  4.59788472e-01  3.22890480e-09  3.73292267e-09  3.29159327e-09  1.62019588e-07  2.42016540e-08  1.65000000e+00 
 1.66000000e+00  4.59788475e-01  4.59788475e-01  4.59788475e-01  4.59788475e-01  3.22890480e-09  3.73292267e-09  3.29159327e-09  1.62019581e-07  2.41917064e-08  1.66000000e+00 
 1.67000000e+00  4.59788492e-01  4.59788492e-01  4.59788492e-01  4.59788492e-01  3.22890480e-09  3.73292262e-09  3.29159327e-09  1.62019608e-07  2.41735449e-08  1.67000000e+00 
 1.68000000e+00  4.59788501e-01  4.59788501e-01  4.59788501e-01  4.59788501e-01  3.22890480e-09  3.73292262e-09  3.29159333e-09  1.62019621e-07  2.41384441e-08  1.68000000e+00 
 1.69000000e+00  4.59788481e-01  4.59788480e-01  4.59788481e-01  4.59788481e-01  3.22890480e-09  3.73292267e-09  3.29159327e-09  1.62019605e-07  2.40613076e-08  1.69000000e+00 
 1.70000000e+00  4.59788484e-01  4.59788483e-01  4.59788483e-01  4.59788483e-01  3.22890476e-09  3.73292264e-09  3.29159329e-09  1.62019607e-07  2.33373640e-08  1.70000000e+00 
 1.71000000e+00  4.59788492e-01  4.59788492e-01  4.59788492e-01  4.59788492e-01  3.22890480e-09  3.73292268e-09  3.29159327e-09  1.62019616e-07  2.16208065e-08  1.71000000e+00 
 1.72000000e+00  4.59788464e-01  4.59788464e-01  4.59788464e-01  4.59788464e-01  3.22890474e-09  3.73292267e-09  3.29159327e-09  1.62019576e-07  1.73906898e-08  1.72000000e+00 
 1.73000000e+00  4.59788477e-01  4.59788477e-01  4.59788477e-01  4.59788477e-01  3.22890474e-09  3.73292267e-09  3.29159327e-09  1.62019590e-07  1.29637101e-08  1.73000000e+00 
 1.74000000e+00  4.59788509e-01  4.59788509e-01  4.59788509e-01  4.59788509e-01  3.22890480e-09  3.73292262e-09  3.29159327e-09  1.62019644e-07  9.34475963e-09  1.74000000e+00 
 1.75000000e+00  4.59788477e-01  4.59788477e-01  4.59788477e-01  4.59788477e-01  3.22890480e-09  3.73292267e-09  3.29159327e-09  1.62019601e-07  6.37180619e-09  1.75000000e+00 
 1.76000000e+00  4.59788472e-01  4.59788472e-01  4.59788472e-01  4.59788472e-01  3.22890480e-09  3.73292267e-09  3.29159333e-09  1.62019586e-07  3.90653554e-09  1.76000000e+00 
 1.77000000e+00  4.59788501e-01  4.59788501e-01  4.59788501e-01  4.59788501e-01  3.22890480e-09  3.73292268e-09  3.29159327e-09  1.62019622e-07  1.84029147e-09  1.77000000e+00 
 1.78000000e+00  4.59788455e-01  4.59788454e-01  4.59788455e-01  4.59788455e-01  3.22890480e-09  3.73292262e-09  3.29159327e-09  1.62019559e-07  1.07135634e-10  1.78000000e+00 
 1.79000000e+00  4.59788464e-01  4.59788464e-01  4.59788464e-01  4.59788464e-01  3.22890474e-09  3.73292262e-09  3.29159327e-09  1.62019585e-07 -1.31251454e-09  1.79000000e+00 
 1.80000000e+00  4.59788491e-01  4.59788491e-01  4.59788491e-01  4.59788491e-01  3.22890474e-09  3.73292268e-09  3.29159333e-09  1.62019602e-07 -2.41503528e-09  1.80000000e+00 
