 v-sweep         v(b0)           v(b1)           v(b2)           v(b3)           v(b4)           v(b5)           v(b6)           i(vbias)        i(viout)        v(vout)        
 0.00000000e+00  4.55176715e-01  3.47903192e-09  4.55176715e-01  3.46498228e-09  3.39875104e-09  3.36374566e-09  3.49362855e-09  1.53075578e-07  7.02758026e-09  0.00000000e+00 
 1.00000000e-02  4.55176735e-01  3.47903196e-09  4.55176735e-01  3.46498226e-09  3.39875102e-09  3.36374570e-09  3.49362848e-09  1.53075604e-07  7.02720848e-09  1.00000000e-02 
 2.00000000e-02  4.55176728e-01  3.47903195e-09  4.55176728e-01  3.46498226e-09  3.39875101e-09  3.36374570e-09  3.49362853e-09  1.53075586e-07  7.02696390e-09  2.00000000e-02 
 3.00000000e-02  4.55176745e-01  3.47903197e-09  4.55176745e-01  3.46498226e-09  3.39875102e-09  3.36374570e-09  3.49362854e-09  1.53075623e-07  7.02657221e-09  3.00000000e-02 
 4.00000000e-02  4.55176732e-01  3.47903189e-09  4.55176732e-01  3.46498226e-09  3.39875102e-09  3.36374570e-09  3.49362853e-09  1.53075606e-07  7.02615743e-09  4.00000000e-02 
 5.00000000e-02  4.55176736e-01  3.47903191e-09  4.55176736e-01  3.46498226e-09  3.39875102e-09  3.36374570e-09  3.49362848e-09  1.53075601e-07  7.02584835e-09  5.00000000e-02 
 6.00000000e-02  4.55176728e-01  3.47903196e-09  4.55176728e-01  3.46498226e-09  3.39875101e-09  3.36374570e-09  3.49362853e-09  1.53075595e-07  7.02567071e-09  6.00000000e-02 
 7.00000000e-02  4.55176712e-01  3.47903189e-09  4.55176712e-01  3.46498226e-09  3.39875101e-09  3.36374570e-09  3.49362853e-09  1.53075565e-07  7.02536429e-09  7.00000000e-02 
 8.00000000e-02  4.55176725e-01  3.47903191e-09  4.55176725e-01  3.46498232e-09  3.39875101e-09  3.36374570e-09  3.49362853e-09  1.53075588e-07  7.02494773e-09  8.00000000e-02 
 9.00000000e-02  4.55176736e-01  3.47903196e-09  4.55176736e-01  3.46498231e-09  3.39875107e-09  3.36374570e-09  3.49362848e-09  1.53075613e-07  7.02480207e-09  9.00000000e-02 
 1.00000000e-01  4.55176739e-01  3.47903195e-09  4.55176739e-01  3.46498231e-09  3.39875102e-09  3.36374570e-09  3.49362848e-09  1.53075599e-07  7.02441216e-09  1.00000000e-01 
 1.10000000e-01  4.55176716e-01  3.47903197e-09  4.55176716e-01  3.46498226e-09  3.39875101e-09  3.36374570e-09  3.49362853e-09  1.53075591e-07  7.02426650e-09  1.10000000e-01 
 1.20000000e-01  4.55176729e-01  3.47903189e-09  4.55176730e-01  3.46498227e-09  3.39875101e-09  3.36374570e-09  3.49362848e-09  1.53075600e-07  7.02394942e-09  1.20000000e-01 
 1.30000000e-01  4.55176728e-01  3.47903197e-09  4.55176728e-01  3.46498232e-09  3.39875101e-09  3.36374570e-09  3.49362853e-09  1.53075581e-07  7.02381531e-09  1.30000000e-01 
 1.40000000e-01  4.55176736e-01  3.47903189e-09  4.55176736e-01  3.46498225e-09  3.39875102e-09  3.36374570e-09  3.49362848e-09  1.53075600e-07  7.02361458e-09  1.40000000e-01 
 1.50000000e-01  4.55176727e-01  3.47903197e-09  4.55176727e-01  3.46498227e-09  3.39875101e-09  3.36374570e-09  3.49362853e-09  1.53075591e-07  7.02338987e-09  1.50000000e-01 
 1.60000000e-01  4.55176724e-01  3.47903189e-09  4.55176724e-01  3.46498226e-09  3.39875101e-09  3.36374570e-09  3.49362853e-09  1.53075577e-07  7.02318914e-09  1.60000000e-01 
 1.70000000e-01  4.55176722e-01  3.47903191e-09  4.55176722e-01  3.46498226e-09  3.39875101e-09  3.36374570e-09  3.49362853e-09  1.53075584e-07  7.02304170e-09  1.70000000e-01 
 1.80000000e-01  4.55176723e-01  3.47903191e-09  4.55176723e-01  3.46498232e-09  3.39875101e-09  3.36374570e-09  3.49362853e-09  1.53075583e-07  7.02270064e-09  1.80000000e-01 
 1.90000000e-01  4.55176720e-01  3.47903191e-09  4.55176720e-01  3.46498225e-09  3.39875101e-09  3.36374570e-09  3.49362853e-09  1.53075596e-07  7.02270242e-09  1.90000000e-01 
 2.00000000e-01  4.55176748e-01  3.47903191e-09  4.55176748e-01  3.46498227e-09  3.39875102e-09  3.36374570e-09  3.49362854e-09  1.53075628e-07  7.02247860e-09  2.00000000e-01 
 2.10000000e-01  4.55176729e-01  3.47903196e-09  4.55176729e-01  3.46498226e-09  3.39875101e-09  3.36374570e-09  3.49362848e-09  1.53075575e-07  7.02241287e-09  2.10000000e-01 
 2.20000000e-01  4.55176711e-01  3.47903195e-09  4.55176711e-01  3.46498226e-09  3.39875101e-09  3.36374570e-09  3.49362853e-09  1.53075557e-07  7.02225478e-09  2.20000000e-01 
 2.30000000e-01  4.55176737e-01  3.47903197e-09  4.55176737e-01  3.46498232e-09  3.39875102e-09  3.36374570e-09  3.49362848e-09  1.53075597e-07  7.02203806e-09  2.30000000e-01 
 2.40000000e-01  4.55176724e-01  3.47903189e-09  4.55176724e-01  3.46498225e-09  3.39875101e-09  3.36374570e-09  3.49362853e-09  1.53075569e-07  7.02192970e-09  2.40000000e-01 
 2.50000000e-01  4.55176705e-01  3.47903191e-09  4.55176705e-01  3.46498227e-09  3.39875101e-09  3.36374570e-09  3.49362853e-09  1.53075548e-07  7.02183733e-09  2.50000000e-01 
 2.60000000e-01  4.55176729e-01  3.47903191e-09  4.55176729e-01  3.46498226e-09  3.39875101e-09  3.36374570e-09  3.49362853e-09  1.53075593e-07  7.02170766e-09  2.60000000e-01 
 2.70000000e-01  4.55176724e-01  3.47903191e-09  4.55176724e-01  3.46498226e-09  3.39875101e-09  3.36374570e-09  3.49362853e-09  1.53075579e-07  7.02163838e-09  2.70000000e-01 
 2.80000000e-01  4.55176751e-01  3.47903191e-09  4.55176751e-01  3.46498226e-09  3.39875102e-09  3.36374570e-09  3.49362854e-09  1.53075612e-07  7.02139147e-09  2.80000000e-01 
 2.90000000e-01  4.55176734e-01  3.47903196e-09  4.55176734e-01  3.46498226e-09  3.39875102e-09  3.36374570e-09  3.49362848e-09  1.53075612e-07  7.02127423e-09  2.90000000e-01 
 3.00000000e-01  4.55176737e-01  3.47903195e-09  4.55176737e-01  3.46498226e-09  3.39875102e-09  3.36374570e-09  3.49362854e-09  1.53075613e-07  7.02136305e-09  3.00000000e-01 
 3.10000000e-01  4.55176710e-01  3.47903191e-09  4.55176710e-01  3.46498226e-09  3.39875101e-09  3.36374570e-09  3.49362853e-09  1.53075570e-07  7.02113212e-09  3.10000000e-01 
 3.20000000e-01  4.55176725e-01  3.47903191e-09  4.55176725e-01  3.46498232e-09  3.39875101e-09  3.36374570e-09  3.49362853e-09  1.53075569e-07  7.02111436e-09  3.20000000e-01 
 3.30000000e-01  4.55176738e-01  3.47903196e-09  4.55176738e-01  3.46498225e-09  3.39875102e-09  3.36374570e-09  3.49362854e-09  1.53075603e-07  7.02103620e-09  3.30000000e-01 
 3.40000000e-01  4.55176729e-01  3.47903195e-09  4.55176729e-01  3.46498227e-09  3.39875101e-09  3.36374570e-09  3.49362853e-09  1.53075576e-07  7.02087632e-09  3.40000000e-01 
 3.50000000e-01  4.55176728e-01  3.47903191e-09  4.55176728e-01  3.46498226e-09  3.39875101e-09  3.36374570e-09  3.49362853e-09  1.53075607e-07  7.02084080e-09  3.50000000e-01 
 3.60000000e-01  4.55176708e-01  3.47903191e-09  4.55176709e-01  3.46498226e-09  3.39875101e-09  3.36374570e-09  3.49362853e-09  1.53075573e-07  7.02070935e-09  3.60000000e-01 
 3.70000000e-01  4.55176708e-01  3.47903191e-09  4.55176709e-01  3.46498226e-09  3.39875101e-09  3.36374570e-09  3.49362853e-09  1.53075565e-07  7.02060632e-09  3.70000000e-01 
 3.80000000e-01  4.55176723e-01  3.47903191e-09  4.55176723e-01  3.46498232e-09  3.39875101e-09  3.36374570e-09  3.49362853e-09  1.53075581e-07  7.02057790e-09  3.80000000e-01 
 3.90000000e-01  4.55176708e-01  3.47903191e-09  4.55176708e-01  3.46498225e-09  3.39875101e-09  3.36374570e-09  3.49362853e-09  1.53075562e-07  7.02060987e-09  3.90000000e-01 
 4.00000000e-01  4.55176727e-01  3.47903191e-09  4.55176727e-01  3.46498227e-09  3.39875101e-09  3.36374570e-09  3.49362853e-09  1.53075593e-07  7.02051040e-09  4.00000000e-01 
 4.10000000e-01  4.55176727e-01  3.47903191e-09  4.55176727e-01  3.46498226e-09  3.39875101e-09  3.36374570e-09  3.49362853e-09  1.53075586e-07  7.02041092e-09  4.10000000e-01 
 4.20000000e-01  4.55176722e-01  3.47903191e-09  4.55176722e-01  3.46498232e-09  3.39875101e-09  3.36374570e-09  3.49362853e-09  1.53075584e-07  7.02027947e-09  4.20000000e-01 
 4.30000000e-01  4.55176724e-01  3.47903191e-09  4.55176724e-01  3.46498231e-09  3.39875101e-09  3.36374570e-09  3.49362853e-09  1.53075598e-07  7.02014802e-09  4.30000000e-01 
 4.40000000e-01  4.55176707e-01  3.47903196e-09  4.55176707e-01  3.46498225e-09  3.39875101e-09  3.36374570e-09  3.49362853e-09  1.53075553e-07  7.02019420e-09  4.40000000e-01 
 4.50000000e-01  4.55176729e-01  3.47903189e-09  4.55176729e-01  3.46498227e-09  3.39875101e-09  3.36374570e-09  3.49362853e-09  1.53075593e-07  7.02003788e-09  4.50000000e-01 
 4.60000000e-01  4.55176739e-01  3.47903191e-09  4.55176739e-01  3.46498226e-09  3.39875102e-09  3.36374570e-09  3.49362848e-09  1.53075606e-07  7.02005565e-09  4.60000000e-01 
 4.70000000e-01  4.55176735e-01  3.47903191e-09  4.55176735e-01  3.46498232e-09  3.39875102e-09  3.36374570e-09  3.49362853e-09  1.53075599e-07  7.02002012e-09  4.70000000e-01 
 4.80000000e-01  4.55176707e-01  3.47903196e-09  4.55176707e-01  3.46498231e-09  3.39875101e-09  3.36374570e-09  3.49362848e-09  1.53075574e-07  7.01999170e-09  4.80000000e-01 
 4.90000000e-01  4.55176707e-01  3.47903195e-09  4.55176708e-01  3.46498231e-09  3.39875101e-09  3.36374570e-09  3.49362853e-09  1.53075574e-07  7.01992775e-09  4.90000000e-01 
 5.00000000e-01  4.55176752e-01  3.47903191e-09  4.55176752e-01  3.46498226e-09  3.39875102e-09  3.36374570e-09  3.49362854e-09  1.53075625e-07  7.01976788e-09  5.00000000e-01 
 5.10000000e-01  4.55176708e-01  3.47903191e-09  4.55176708e-01  3.46498232e-09  3.39875101e-09  3.36374570e-09  3.49362853e-09  1.53075558e-07  7.01974301e-09  5.10000000e-01 
 5.20000000e-01  4.55176738e-01  3.47903196e-09  4.55176738e-01  3.46498225e-09  3.39875102e-09  3.36374570e-09  3.49362848e-09  1.53075595e-07  7.01965064e-09  5.20000000e-01 
 5.30000000e-01  4.55176722e-01  3.47903195e-09  4.55176722e-01  3.46498227e-09  3.39875101e-09  3.36374570e-09  3.49362853e-09  1.53075576e-07  7.01966485e-09  5.30000000e-01 
 5.40000000e-01  4.55176726e-01  3.47903191e-09  4.55176726e-01  3.46498232e-09  3.39875101e-09  3.36374570e-09  3.49362848e-09  1.53075584e-07  7.01971459e-09  5.40000000e-01 
 5.50000000e-01  4.55176723e-01  3.47903196e-09  4.55176723e-01  3.46498225e-09  3.39875101e-09  3.36374570e-09  3.49362853e-09  1.53075579e-07  7.01946234e-09  5.50000000e-01 
 5.60000000e-01  4.55176715e-01  3.47903195e-09  4.55176715e-01  3.46498227e-09  3.39875101e-09  3.36374570e-09  3.49362853e-09  1.53075574e-07  7.01950498e-09  5.60000000e-01 
 5.70000000e-01  4.55176720e-01  3.47903191e-09  4.55176720e-01  3.46498226e-09  3.39875101e-09  3.36374570e-09  3.49362853e-09  1.53075585e-07  7.01945524e-09  5.70000000e-01 
 5.80000000e-01  4.55176725e-01  3.47903191e-09  4.55176725e-01  3.46498226e-09  3.39875101e-09  3.36374570e-09  3.49362848e-09  1.53075584e-07  7.01942326e-09  5.80000000e-01 
 5.90000000e-01  4.55176732e-01  3.47903196e-09  4.55176732e-01  3.46498226e-09  3.39875102e-09  3.36374570e-09  3.49362853e-09  1.53075604e-07  7.01940905e-09  5.90000000e-01 
 6.00000000e-01  4.55176759e-01  3.47903195e-09  4.55176759e-01  3.46498226e-09  3.39875102e-09  3.36374571e-09  3.49362854e-09  1.53075644e-07  7.01924563e-09  6.00000000e-01 
 6.10000000e-01  4.55176742e-01  3.47903196e-09  4.55176742e-01  3.46498226e-09  3.39875102e-09  3.36374570e-09  3.49362854e-09  1.53075610e-07  7.01946590e-09  6.10000000e-01 
 6.20000000e-01  4.55176712e-01  3.47903196e-09  4.55176712e-01  3.46498226e-09  3.39875101e-09  3.36374570e-09  3.49362853e-09  1.53075578e-07  7.01918168e-09  6.20000000e-01 
 6.30000000e-01  4.55176732e-01  3.47903196e-09  4.55176732e-01  3.46498226e-09  3.39875102e-09  3.36374570e-09  3.49362853e-09  1.53075602e-07  7.01915326e-09  6.30000000e-01 
 6.40000000e-01  4.55176739e-01  3.47903196e-09  4.55176739e-01  3.46498226e-09  3.39875102e-09  3.36374570e-09  3.49362854e-09  1.53075592e-07  7.01922431e-09  6.40000000e-01 
 6.50000000e-01  4.55176722e-01  3.47903190e-09  4.55176722e-01  3.46498232e-09  3.39875101e-09  3.36374570e-09  3.49362853e-09  1.53075570e-07  7.01900404e-09  6.50000000e-01 
 6.60000000e-01  4.55176718e-01  3.47903191e-09  4.55176718e-01  3.46498231e-09  3.39875101e-09  3.36374570e-09  3.49362853e-09  1.53075572e-07  7.01898273e-09  6.60000000e-01 
 6.70000000e-01  4.55176760e-01  3.47903191e-09  4.55176760e-01  3.46498231e-09  3.39875102e-09  3.36374571e-09  3.49362854e-09  1.53075637e-07  7.01897562e-09  6.70000000e-01 
 6.80000000e-01  4.55176731e-01  3.47903191e-09  4.55176731e-01  3.46498226e-09  3.39875101e-09  3.36374570e-09  3.49362853e-09  1.53075590e-07  7.01889036e-09  6.80000000e-01 
 6.90000000e-01  4.55176717e-01  3.47903191e-09  4.55176717e-01  3.46498227e-09  3.39875101e-09  3.36374570e-09  3.49362853e-09  1.53075584e-07  7.01891878e-09  6.90000000e-01 
 7.00000000e-01  4.55176741e-01  3.47903196e-09  4.55176741e-01  3.46498226e-09  3.39875102e-09  3.36374570e-09  3.49362854e-09  1.53075607e-07  7.01876957e-09  7.00000000e-01 
 7.10000000e-01  4.55176713e-01  3.47903189e-09  4.55176713e-01  3.46498226e-09  3.39875101e-09  3.36374570e-09  3.49362853e-09  1.53075571e-07  7.01871272e-09  7.10000000e-01 
 7.20000000e-01  4.55176735e-01  3.47903191e-09  4.55176735e-01  3.46498226e-09  3.39875102e-09  3.36374570e-09  3.49362853e-09  1.53075606e-07  7.01867719e-09  7.20000000e-01 
 7.30000000e-01  4.55176745e-01  3.47903196e-09  4.55176745e-01  3.46498226e-09  3.39875102e-09  3.36374570e-09  3.49362854e-09  1.53075607e-07  7.01867009e-09  7.30000000e-01 
 7.40000000e-01  4.55176720e-01  3.47903189e-09  4.55176720e-01  3.46498226e-09  3.39875101e-09  3.36374570e-09  3.49362853e-09  1.53075577e-07  7.01862035e-09  7.40000000e-01 
 7.50000000e-01  4.55176711e-01  3.47903191e-09  4.55176711e-01  3.46498232e-09  3.39875101e-09  3.36374570e-09  3.49362853e-09  1.53075579e-07  7.01861325e-09  7.50000000e-01 
 7.60000000e-01  4.55176710e-01  3.47903196e-09  4.55176710e-01  3.46498225e-09  3.39875101e-09  3.36374570e-09  3.49362848e-09  1.53075559e-07  7.01850666e-09  7.60000000e-01 
 7.70000000e-01  4.55176754e-01  3.47903195e-09  4.55176754e-01  3.46498227e-09  3.39875102e-09  3.36374570e-09  3.49362854e-09  1.53075637e-07  7.01840008e-09  7.70000000e-01 
 7.80000000e-01  4.55176728e-01  3.47903196e-09  4.55176728e-01  3.46498232e-09  3.39875101e-09  3.36374570e-09  3.49362853e-09  1.53075593e-07  7.01848535e-09  7.80000000e-01 
 7.90000000e-01  4.55176709e-01  3.47903190e-09  4.55176709e-01  3.46498225e-09  3.39875101e-09  3.36374570e-09  3.49362853e-09  1.53075577e-07  7.01831482e-09  7.90000000e-01 
 8.00000000e-01  4.55176720e-01  3.47903191e-09  4.55176720e-01  3.46498227e-09  3.39875101e-09  3.36374570e-09  3.49362853e-09  1.53075588e-07  7.01829350e-09  8.00000000e-01 
 8.10000000e-01  4.55176736e-01  3.47903191e-09  4.55176736e-01  3.46498226e-09  3.39875102e-09  3.36374570e-09  3.49362848e-09  1.53075602e-07  7.01816560e-09  8.10000000e-01 
 8.20000000e-01  4.55176719e-01  3.47903191e-09  4.55176719e-01  3.46498226e-09  3.39875101e-09  3.36374570e-09  3.49362853e-09  1.53075573e-07  7.01816560e-09  8.20000000e-01 
 8.30000000e-01  4.55176728e-01  3.47903196e-09  4.55176728e-01  3.46498226e-09  3.39875101e-09  3.36374570e-09  3.49362848e-09  1.53075593e-07  7.01817982e-09  8.30000000e-01 
 8.40000000e-01  4.55176719e-01  3.47903195e-09  4.55176719e-01  3.46498232e-09  3.39875101e-09  3.36374570e-09  3.49362853e-09  1.53075577e-07  7.01815139e-09  8.40000000e-01 
 8.50000000e-01  4.55176702e-01  3.47903191e-09  4.55176702e-01  3.46498231e-09  3.39875101e-09  3.36374570e-09  3.49362853e-09  1.53075557e-07  7.01799507e-09  8.50000000e-01 
 8.60000000e-01  4.55176741e-01  3.47903191e-09  4.55176741e-01  3.46498226e-09  3.39875102e-09  3.36374570e-09  3.49362848e-09  1.53075597e-07  7.01802350e-09  8.60000000e-01 
 8.70000000e-01  4.55176752e-01  3.47903191e-09  4.55176752e-01  3.46498227e-09  3.39875102e-09  3.36374570e-09  3.49362854e-09  1.53075622e-07  7.01788849e-09  8.70000000e-01 
 8.80000000e-01  4.55176734e-01  3.47903196e-09  4.55176734e-01  3.46498226e-09  3.39875102e-09  3.36374570e-09  3.49362853e-09  1.53075600e-07  7.01788139e-09  8.80000000e-01 
 8.90000000e-01  4.55176728e-01  3.47903189e-09  4.55176728e-01  3.46498226e-09  3.39875101e-09  3.36374570e-09  3.49362853e-09  1.53075602e-07  7.01781744e-09  8.90000000e-01 
 9.00000000e-01  4.55176737e-01  3.47903191e-09  4.55176737e-01  3.46498226e-09  3.39875102e-09  3.36374570e-09  3.49362854e-09  1.53075609e-07  7.01762559e-09  9.00000000e-01 
 9.10000000e-01  4.55176701e-01  3.47903196e-09  4.55176701e-01  3.46498226e-09  3.39875101e-09  3.36374570e-09  3.49362853e-09  1.53075542e-07  7.01774638e-09  9.10000000e-01 
 9.20000000e-01  4.55176717e-01  3.47903189e-09  4.55176717e-01  3.46498226e-09  3.39875101e-09  3.36374570e-09  3.49362853e-09  1.53075563e-07  7.01771086e-09  9.20000000e-01 
 9.30000000e-01  4.55176722e-01  3.47903197e-09  4.55176722e-01  3.46498226e-09  3.39875101e-09  3.36374570e-09  3.49362853e-09  1.53075592e-07  7.01761849e-09  9.30000000e-01 
 9.40000000e-01  4.55176731e-01  3.47903195e-09  4.55176732e-01  3.46498226e-09  3.39875101e-09  3.36374570e-09  3.49362853e-09  1.53075600e-07  7.01761849e-09  9.40000000e-01 
 9.50000000e-01  4.55176724e-01  3.47903191e-09  4.55176724e-01  3.46498232e-09  3.39875101e-09  3.36374570e-09  3.49362853e-09  1.53075589e-07  7.01756875e-09  9.50000000e-01 
 9.60000000e-01  4.55176745e-01  3.47903191e-09  4.55176745e-01  3.46498231e-09  3.39875102e-09  3.36374570e-09  3.49362854e-09  1.53075613e-07  7.01741243e-09  9.60000000e-01 
 9.70000000e-01  4.55176711e-01  3.47903196e-09  4.55176711e-01  3.46498231e-09  3.39875101e-09  3.36374570e-09  3.49362848e-09  1.53075565e-07  7.01735559e-09  9.70000000e-01 
 9.80000000e-01  4.55176729e-01  3.47903189e-09  4.55176729e-01  3.46498226e-09  3.39875101e-09  3.36374570e-09  3.49362853e-09  1.53075585e-07  7.01726321e-09  9.80000000e-01 
 9.90000000e-01  4.55176733e-01  3.47903191e-09  4.55176733e-01  3.46498227e-09  3.39875102e-09  3.36374570e-09  3.49362853e-09  1.53075594e-07  7.01727032e-09  9.90000000e-01 
 1.00000000e+00  4.55176731e-01  3.47903196e-09  4.55176731e-01  3.46498226e-09  3.39875101e-09  3.36374570e-09  3.49362853e-09  1.53075599e-07  7.01720637e-09  1.00000000e+00 
 1.01000000e+00  4.55176728e-01  3.47903195e-09  4.55176729e-01  3.46498226e-09  3.39875101e-09  3.36374570e-09  3.49362853e-09  1.53075601e-07  7.01716374e-09  1.01000000e+00 
 1.02000000e+00  4.55176731e-01  3.47903191e-09  4.55176731e-01  3.46498226e-09  3.39875101e-09  3.36374570e-09  3.49362853e-09  1.53075601e-07  7.01717084e-09  1.02000000e+00 
 1.03000000e+00  4.55176726e-01  3.47903191e-09  4.55176726e-01  3.46498226e-09  3.39875101e-09  3.36374570e-09  3.49362853e-09  1.53075597e-07  7.01700742e-09  1.03000000e+00 
 1.04000000e+00  4.55176711e-01  3.47903191e-09  4.55176711e-01  3.46498226e-09  3.39875101e-09  3.36374570e-09  3.49362848e-09  1.53075571e-07  7.01701452e-09  1.04000000e+00 
 1.05000000e+00  4.55176727e-01  3.47903196e-09  4.55176727e-01  3.46498232e-09  3.39875101e-09  3.36374570e-09  3.49362848e-09  1.53075600e-07  7.01702163e-09  1.05000000e+00 
 1.06000000e+00  4.55176716e-01  3.47903189e-09  4.55176716e-01  3.46498225e-09  3.39875101e-09  3.36374570e-09  3.49362853e-09  1.53075581e-07  7.01690794e-09  1.06000000e+00 
 1.07000000e+00  4.55176720e-01  3.47903197e-09  4.55176720e-01  3.46498227e-09  3.39875101e-09  3.36374570e-09  3.49362853e-09  1.53075582e-07  7.01678715e-09  1.07000000e+00 
 1.08000000e+00  4.55176708e-01  3.47903195e-09  4.55176708e-01  3.46498226e-09  3.39875101e-09  3.36374570e-09  3.49362853e-09  1.53075557e-07  7.01679426e-09  1.08000000e+00 
 1.09000000e+00  4.55176705e-01  3.47903197e-09  4.55176705e-01  3.46498232e-09  3.39875101e-09  3.36374570e-09  3.49362853e-09  1.53075543e-07  7.01669478e-09  1.09000000e+00 
 1.10000000e+00  4.55176711e-01  3.47903195e-09  4.55176711e-01  3.46498231e-09  3.39875101e-09  3.36374570e-09  3.49362848e-09  1.53075572e-07  7.01668768e-09  1.10000000e+00 
 1.11000000e+00  4.55176731e-01  3.47903197e-09  4.55176731e-01  3.46498226e-09  3.39875101e-09  3.36374570e-09  3.49362853e-09  1.53075588e-07  7.01665925e-09  1.11000000e+00 
 1.12000000e+00  4.55176726e-01  3.47903195e-09  4.55176726e-01  3.46498227e-09  3.39875101e-09  3.36374570e-09  3.49362853e-09  1.53075589e-07  7.01672320e-09  1.12000000e+00 
 1.13000000e+00  4.55176721e-01  3.47903191e-09  4.55176721e-01  3.46498226e-09  3.39875101e-09  3.36374570e-09  3.49362853e-09  1.53075590e-07  7.01653846e-09  1.13000000e+00 
 1.14000000e+00  4.55176696e-01  3.47903191e-09  4.55176696e-01  3.46498226e-09  3.39875101e-09  3.36374570e-09  3.49362847e-09  1.53075541e-07  7.01651004e-09  1.14000000e+00 
 1.15000000e+00  4.55176726e-01  3.47903191e-09  4.55176726e-01  3.46498226e-09  3.39875101e-09  3.36374570e-09  3.49362853e-09  1.53075580e-07  7.01641767e-09  1.15000000e+00 
 1.16000000e+00  4.55176744e-01  3.47903191e-09  4.55176744e-01  3.46498226e-09  3.39875102e-09  3.36374570e-09  3.49362848e-09  1.53075611e-07  7.01652425e-09  1.16000000e+00 
 1.17000000e+00  4.55176742e-01  3.47903191e-09  4.55176742e-01  3.46498226e-09  3.39875102e-09  3.36374570e-09  3.49362854e-09  1.53075601e-07  7.01635372e-09  1.17000000e+00 
 1.18000000e+00  4.55176732e-01  3.47903196e-09  4.55176732e-01  3.46498226e-09  3.39875102e-09  3.36374570e-09  3.49362848e-09  1.53075607e-07  7.01629688e-09  1.18000000e+00 
 1.19000000e+00  4.55176735e-01  3.47903195e-09  4.55176735e-01  3.46498226e-09  3.39875102e-09  3.36374570e-09  3.49362854e-09  1.53075616e-07  7.01621161e-09  1.19000000e+00 
 1.20000000e+00  4.55176708e-01  3.47903191e-09  4.55176708e-01  3.46498226e-09  3.39875107e-09  3.36374570e-09  3.49362853e-09  1.53075552e-07  7.01611214e-09  1.20000000e+00 
 1.21000000e+00  4.55176706e-01  3.47903191e-09  4.55176706e-01  3.46498226e-09  3.39875101e-09  3.36374570e-09  3.49362853e-09  1.53075555e-07  7.01608371e-09  1.21000000e+00 
 1.22000000e+00  4.55176714e-01  3.47903191e-09  4.55176714e-01  3.46498232e-09  3.39875101e-09  3.36374570e-09  3.49362853e-09  1.53075578e-07  7.01611214e-09  1.22000000e+00 
 1.23000000e+00  4.55176718e-01  3.47903191e-09  4.55176718e-01  3.46498225e-09  3.39875101e-09  3.36374570e-09  3.49362848e-09  1.53075602e-07  7.01605529e-09  1.23000000e+00 
 1.24000000e+00  4.55176711e-01  3.47903191e-09  4.55176711e-01  3.46498227e-09  3.39875101e-09  3.36374570e-09  3.49362853e-09  1.53075578e-07  7.01581371e-09  1.24000000e+00 
 1.25000000e+00  4.55176741e-01  3.47903196e-09  4.55176741e-01  3.46498226e-09  3.39875102e-09  3.36374570e-09  3.49362854e-09  1.53075611e-07  7.01581371e-09  1.25000000e+00 
 1.26000000e+00  4.55176726e-01  3.47903195e-09  4.55176726e-01  3.46498232e-09  3.39875101e-09  3.36374576e-09  3.49362853e-09  1.53075585e-07  7.01581371e-09  1.26000000e+00 
 1.27000000e+00  4.55176765e-01  3.47903197e-09  4.55176765e-01  3.46498225e-09  3.39875102e-09  3.36374571e-09  3.49362854e-09  1.53075644e-07  7.01570002e-09  1.27000000e+00 
 1.28000000e+00  4.55176728e-01  3.47903195e-09  4.55176728e-01  3.46498227e-09  3.39875101e-09  3.36374570e-09  3.49362853e-09  1.53075582e-07  7.01564318e-09  1.28000000e+00 
 1.29000000e+00  4.55176702e-01  3.47903191e-09  4.55176702e-01  3.46498226e-09  3.39875101e-09  3.36374570e-09  3.49362853e-09  1.53075556e-07  7.01560054e-09  1.29000000e+00 
 1.30000000e+00  4.55176698e-01  3.47903191e-09  4.55176698e-01  3.46498226e-09  3.39875101e-09  3.36374570e-09  3.49362853e-09  1.53075543e-07  7.01552949e-09  1.30000000e+00 
 1.31000000e+00  4.55176715e-01  3.47903196e-09  4.55176716e-01  3.46498226e-09  3.39875101e-09  3.36374570e-09  3.49362853e-09  1.53075576e-07  7.01560054e-09  1.31000000e+00 
 1.32000000e+00  4.55176742e-01  3.47903189e-09  4.55176742e-01  3.46498226e-09  3.39875102e-09  3.36374570e-09  3.49362854e-09  1.53075616e-07  7.01551528e-09  1.32000000e+00 
 1.33000000e+00  4.55176716e-01  3.47903191e-09  4.55176716e-01  3.46498226e-09  3.39875101e-09  3.36374570e-09  3.49362853e-09  1.53075575e-07  7.01538738e-09  1.33000000e+00 
 1.34000000e+00  4.55176728e-01  3.47903191e-09  4.55176728e-01  3.46498226e-09  3.39875101e-09  3.36374570e-09  3.49362853e-09  1.53075590e-07  7.01520264e-09  1.34000000e+00 
 1.35000000e+00  4.55176726e-01  3.47903191e-09  4.55176726e-01  3.46498226e-09  3.39875101e-09  3.36374570e-09  3.49362853e-09  1.53075585e-07  7.01533054e-09  1.35000000e+00 
 1.36000000e+00  4.55176726e-01  3.47903191e-09  4.55176726e-01  3.46498226e-09  3.39875101e-09  3.36374570e-09  3.49362848e-09  1.53075601e-07  7.01521685e-09  1.36000000e+00 
 1.37000000e+00  4.55176747e-01  3.47903191e-09  4.55176747e-01  3.46498226e-09  3.39875102e-09  3.36374570e-09  3.49362854e-09  1.53075616e-07  7.01510317e-09  1.37000000e+00 
 1.38000000e+00  4.55176736e-01  3.47903196e-09  4.55176736e-01  3.46498226e-09  3.39875102e-09  3.36374570e-09  3.49362854e-09  1.53075600e-07  7.01490421e-09  1.38000000e+00 
 1.39000000e+00  4.55176723e-01  3.47903189e-09  4.55176723e-01  3.46498226e-09  3.39875101e-09  3.36374570e-09  3.49362853e-09  1.53075588e-07  7.01493263e-09  1.39000000e+00 
 1.40000000e+00  4.55176717e-01  3.47903191e-09  4.55176717e-01  3.46498226e-09  3.39875101e-09  3.36374570e-09  3.49362853e-09  1.53075587e-07  7.01484737e-09  1.40000000e+00 
 1.41000000e+00  4.55176732e-01  3.47903191e-09  4.55176732e-01  3.46498226e-09  3.39875102e-09  3.36374570e-09  3.49362853e-09  1.53075605e-07  7.01483316e-09  1.41000000e+00 
 1.42000000e+00  4.55176715e-01  3.47903191e-09  4.55176715e-01  3.46498226e-09  3.39875101e-09  3.36374570e-09  3.49362853e-09  1.53075571e-07  7.01489000e-09  1.42000000e+00 
 1.43000000e+00  4.55176730e-01  3.47903191e-09  4.55176730e-01  3.46498226e-09  3.39875101e-09  3.36374570e-09  3.49362853e-09  1.53075593e-07  7.01483316e-09  1.43000000e+00 
 1.44000000e+00  4.55176736e-01  3.47903196e-09  4.55176736e-01  3.46498226e-09  3.39875102e-09  3.36374570e-09  3.49362848e-09  1.53075605e-07  7.01473368e-09  1.44000000e+00 
 1.45000000e+00  4.55176732e-01  3.47903195e-09  4.55176732e-01  3.46498226e-09  3.39875102e-09  3.36374570e-09  3.49362853e-09  1.53075585e-07  7.01469105e-09  1.45000000e+00 
 1.46000000e+00  4.55176718e-01  3.47903191e-09  4.55176718e-01  3.46498226e-09  3.39875101e-09  3.36374570e-09  3.49362853e-09  1.53075589e-07  7.01470526e-09  1.46000000e+00 
 1.47000000e+00  4.55176735e-01  3.47903191e-09  4.55176735e-01  3.46498232e-09  3.39875102e-09  3.36374570e-09  3.49362853e-09  1.53075594e-07  7.01444947e-09  1.47000000e+00 
 1.48000000e+00  4.55176744e-01  3.47903196e-09  4.55176744e-01  3.46498225e-09  3.39875102e-09  3.36374570e-09  3.49362848e-09  1.53075615e-07  7.01439262e-09  1.48000000e+00 
 1.49000000e+00  4.55176737e-01  3.47903195e-09  4.55176737e-01  3.46498227e-09  3.39875102e-09  3.36374570e-09  3.49362848e-09  1.53075602e-07  7.01433578e-09  1.49000000e+00 
 1.50000000e+00  4.55176698e-01  3.47903197e-09  4.55176698e-01  3.46498226e-09  3.39875101e-09  3.36374570e-09  3.49362853e-09  1.53075550e-07  7.01412262e-09  1.50000000e+00 
 1.51000000e+00  4.55176726e-01  3.47903189e-09  4.55176726e-01  3.46498226e-09  3.39875101e-09  3.36374570e-09  3.49362853e-09  1.53075583e-07  7.01416525e-09  1.51000000e+00 
 1.52000000e+00  4.55176735e-01  3.47903197e-09  4.55176735e-01  3.46498226e-09  3.39875102e-09  3.36374570e-09  3.49362853e-09  1.53075584e-07  7.01415104e-09  1.52000000e+00 
 1.53000000e+00  4.55176741e-01  3.47903189e-09  4.55176741e-01  3.46498232e-09  3.39875102e-09  3.36374570e-09  3.49362848e-09  1.53075606e-07  7.01396630e-09  1.53000000e+00 
 1.54000000e+00  4.55176735e-01  3.47903191e-09  4.55176735e-01  3.46498231e-09  3.39875102e-09  3.36374570e-09  3.49362854e-09  1.53075594e-07  7.01389524e-09  1.54000000e+00 
 1.55000000e+00  4.55176707e-01  3.47903196e-09  4.55176707e-01  3.46498231e-09  3.39875101e-09  3.36374570e-09  3.49362853e-09  1.53075569e-07  7.01386682e-09  1.55000000e+00 
 1.56000000e+00  4.55176720e-01  3.47903195e-09  4.55176720e-01  3.46498226e-09  3.39875101e-09  3.36374570e-09  3.49362853e-09  1.53075595e-07  7.01356839e-09  1.56000000e+00 
 1.57000000e+00  4.55176724e-01  3.47903197e-09  4.55176724e-01  3.46498227e-09  3.39875101e-09  3.36374570e-09  3.49362853e-09  1.53075589e-07  7.01346892e-09  1.57000000e+00 
 1.58000000e+00  4.55176727e-01  3.47903195e-09  4.55176727e-01  3.46498226e-09  3.39875101e-09  3.36374570e-09  3.49362853e-09  1.53075590e-07  7.01349734e-09  1.58000000e+00 
 1.59000000e+00  4.55176724e-01  3.47903197e-09  4.55176724e-01  3.46498226e-09  3.39875101e-09  3.36374570e-09  3.49362848e-09  1.53075590e-07  7.01311365e-09  1.59000000e+00 
 1.60000000e+00  4.55176716e-01  3.47903195e-09  4.55176716e-01  3.46498226e-09  3.39875101e-09  3.36374570e-09  3.49362853e-09  1.53075571e-07  7.01298575e-09  1.60000000e+00 
 1.61000000e+00  4.55176735e-01  3.47903191e-09  4.55176735e-01  3.46498226e-09  3.39875102e-09  3.36374570e-09  3.49362853e-09  1.53075605e-07  7.01285785e-09  1.61000000e+00 
 1.62000000e+00  4.55176730e-01  3.47903191e-09  4.55176730e-01  3.46498226e-09  3.39875101e-09  3.36374570e-09  3.49362848e-09  1.53075577e-07  7.01247416e-09  1.62000000e+00 
 1.63000000e+00  4.55176719e-01  3.47903191e-09  4.55176719e-01  3.46498232e-09  3.39875101e-09  3.36374570e-09  3.49362853e-09  1.53075583e-07  7.01200520e-09  1.63000000e+00 
 1.64000000e+00  4.55176741e-01  3.47903191e-09  4.55176741e-01  3.46498225e-09  3.39875102e-09  3.36374570e-09  3.49362854e-09  1.53075618e-07  7.01166414e-09  1.64000000e+00 
 1.65000000e+00  4.55176732e-01  3.47903191e-09  4.55176732e-01  3.46498227e-09  3.39875102e-09  3.36374570e-09  3.49362853e-09  1.53075590e-07  7.01085412e-09  1.65000000e+00 
 1.66000000e+00  4.55176716e-01  3.47903191e-09  4.55176716e-01  3.46498226e-09  3.39875101e-09  3.36374570e-09  3.49362853e-09  1.53075583e-07  7.00984515e-09  1.66000000e+00 
 1.67000000e+00  4.55176721e-01  3.47903196e-09  4.55176721e-01  3.46498232e-09  3.39875101e-09  3.36374570e-09  3.49362853e-09  1.53075573e-07  7.00818248e-09  1.67000000e+00 
 1.68000000e+00  4.55176749e-01  3.47903195e-09  4.55176749e-01  3.46498231e-09  3.39875102e-09  3.36374570e-09  3.49362854e-09  1.53075635e-07  7.00551084e-09  1.68000000e+00 
 1.69000000e+00  4.55176700e-01  3.47903197e-09  4.55176700e-01  3.46498231e-09  3.39875101e-09  3.36374570e-09  3.49362853e-09  1.53075554e-07  7.00094915e-09  1.69000000e+00 
 1.70000000e+00  4.55176732e-01  3.47903189e-09  4.55176732e-01  3.46498231e-09  3.39875102e-09  3.36374570e-09  3.49362853e-09  1.53075576e-07  6.99300529e-09  1.70000000e+00 
 1.71000000e+00  4.55176719e-01  3.47903191e-09  4.55176719e-01  3.46498231e-09  3.39875101e-09  3.36374570e-09  3.49362853e-09  1.53075574e-07  6.97899338e-09  1.71000000e+00 
 1.72000000e+00  4.55176750e-01  3.47903196e-09  4.55176750e-01  3.46498226e-09  3.39875102e-09  3.36374570e-09  3.49362854e-09  1.53075609e-07  6.95393965e-09  1.72000000e+00 
 1.73000000e+00  4.55176724e-01  3.47903196e-09  4.55176724e-01  3.46498226e-09  3.39875101e-09  3.36374570e-09  3.49362853e-09  1.53075585e-07  6.90715751e-09  1.73000000e+00 
 1.74000000e+00  4.55176714e-01  3.47903191e-09  4.55176714e-01  3.46498232e-09  3.39875101e-09  3.36374570e-09  3.49362853e-09  1.53075571e-07  6.34432240e-09  1.74000000e+00 
 1.75000000e+00  4.55176711e-01  3.47903190e-09  4.55176711e-01  3.46498226e-09  3.39875101e-09  3.36374570e-09  3.49362848e-09  1.53075561e-07  5.06796027e-09  1.75000000e+00 
 1.76000000e+00  4.55176732e-01  3.47903196e-09  4.55176732e-01  3.46498226e-09  3.39875101e-09  3.36374570e-09  3.49362853e-09  1.53075577e-07  3.32289574e-09  1.76000000e+00 
 1.77000000e+00  4.55176732e-01  3.47903191e-09  4.55176732e-01  3.46498226e-09  3.39875102e-09  3.36374570e-09  3.49362848e-09  1.53075610e-07  1.57062630e-09  1.77000000e+00 
 1.78000000e+00  4.55176718e-01  3.47903191e-09  4.55176718e-01  3.46498226e-09  3.39875101e-09  3.36374570e-09  3.49362853e-09  1.53075569e-07  1.13956844e-10  1.78000000e+00 
 1.79000000e+00  4.55176740e-01  3.47903196e-09  4.55176740e-01  3.46498226e-09  3.39875102e-09  3.36374570e-09  3.49362854e-09  1.53075614e-07 -1.06747677e-09  1.79000000e+00 
 1.80000000e+00  4.55176712e-01  3.47903195e-09  4.55176712e-01  3.46498226e-09  3.39875101e-09  3.36374576e-09  3.49362848e-09  1.53075573e-07 -1.97489669e-09  1.80000000e+00 
