 v-sweep         v(b0)           v(b1)           v(b2)           v(b3)           v(b4)           v(b5)           v(b6)           i(vbias)        i(viout)        v(vout)        
 0.00000000e+00  4.55842603e-01  3.41332279e-09  4.55842603e-01  3.34062740e-09  4.55842603e-01  4.55842603e-01  4.55842603e-01  1.53930327e-07  1.73826526e-07  0.00000000e+00 
 1.00000000e-02  4.55842651e-01  3.41332281e-09  4.55842651e-01  3.34062744e-09  4.55842651e-01  4.55842651e-01  4.55842650e-01  1.53930407e-07  1.73826146e-07  1.00000000e-02 
 2.00000000e-02  4.55842608e-01  3.41332281e-09  4.55842608e-01  3.34062742e-09  4.55842608e-01  4.55842608e-01  4.55842608e-01  1.53930334e-07  1.73825441e-07  2.00000000e-02 
 3.00000000e-02  4.55842600e-01  3.41332281e-09  4.55842600e-01  3.34062743e-09  4.55842600e-01  4.55842600e-01  4.55842600e-01  1.53930333e-07  1.73825068e-07  3.00000000e-02 
 4.00000000e-02  4.55842618e-01  3.41332281e-09  4.55842618e-01  3.34062737e-09  4.55842618e-01  4.55842618e-01  4.55842617e-01  1.53930352e-07  1.73824681e-07  4.00000000e-02 
 5.00000000e-02  4.55842608e-01  3.41332281e-09  4.55842609e-01  3.34062744e-09  4.55842608e-01  4.55842608e-01  4.55842608e-01  1.53930341e-07  1.73824272e-07  5.00000000e-02 
 6.00000000e-02  4.55842619e-01  3.41332281e-09  4.55842619e-01  3.34062742e-09  4.55842619e-01  4.55842619e-01  4.55842619e-01  1.53930355e-07  1.73823892e-07  6.00000000e-02 
 7.00000000e-02  4.55842646e-01  3.41332281e-09  4.55842646e-01  3.34062737e-09  4.55842646e-01  4.55842646e-01  4.55842645e-01  1.53930387e-07  1.73823712e-07  7.00000000e-02 
 8.00000000e-02  4.55842608e-01  3.41332281e-09  4.55842608e-01  3.34062744e-09  4.55842608e-01  4.55842608e-01  4.55842608e-01  1.53930330e-07  1.73823212e-07  8.00000000e-02 
 9.00000000e-02  4.55842652e-01  3.41332281e-09  4.55842652e-01  3.34062743e-09  4.55842652e-01  4.55842652e-01  4.55842652e-01  1.53930409e-07  1.73823000e-07  9.00000000e-02 
 1.00000000e-01  4.55842593e-01  3.41332281e-09  4.55842593e-01  3.34062743e-09  4.55842593e-01  4.55842593e-01  4.55842593e-01  1.53930313e-07  1.73822420e-07  1.00000000e-01 
 1.10000000e-01  4.55842612e-01  3.41332281e-09  4.55842612e-01  3.34062743e-09  4.55842612e-01  4.55842612e-01  4.55842612e-01  1.53930342e-07  1.73822212e-07  1.10000000e-01 
 1.20000000e-01  4.55842628e-01  3.41332281e-09  4.55842628e-01  3.34062743e-09  4.55842628e-01  4.55842628e-01  4.55842628e-01  1.53930381e-07  1.73821975e-07  1.20000000e-01 
 1.30000000e-01  4.55842614e-01  3.41332281e-09  4.55842614e-01  3.34062743e-09  4.55842614e-01  4.55842614e-01  4.55842614e-01  1.53930357e-07  1.73821617e-07  1.30000000e-01 
 1.40000000e-01  4.55842612e-01  3.41332281e-09  4.55842612e-01  3.34062743e-09  4.55842612e-01  4.55842612e-01  4.55842612e-01  1.53930353e-07  1.73821348e-07  1.40000000e-01 
 1.50000000e-01  4.55842626e-01  3.41332281e-09  4.55842626e-01  3.34062743e-09  4.55842626e-01  4.55842626e-01  4.55842625e-01  1.53930357e-07  1.73821014e-07  1.50000000e-01 
 1.60000000e-01  4.55842600e-01  3.41332281e-09  4.55842600e-01  3.34062737e-09  4.55842600e-01  4.55842600e-01  4.55842600e-01  1.53930334e-07  1.73820821e-07  1.60000000e-01 
 1.70000000e-01  4.55842637e-01  3.41332281e-09  4.55842637e-01  3.34062744e-09  4.55842637e-01  4.55842637e-01  4.55842637e-01  1.53930368e-07  1.73820707e-07  1.70000000e-01 
 1.80000000e-01  4.55842615e-01  3.41332281e-09  4.55842615e-01  3.34062742e-09  4.55842615e-01  4.55842615e-01  4.55842615e-01  1.53930352e-07  1.73820416e-07  1.80000000e-01 
 1.90000000e-01  4.55842616e-01  3.41332281e-09  4.55842616e-01  3.34062743e-09  4.55842616e-01  4.55842616e-01  4.55842616e-01  1.53930358e-07  1.73820084e-07  1.90000000e-01 
 2.00000000e-01  4.55842617e-01  3.41332281e-09  4.55842617e-01  3.34062743e-09  4.55842617e-01  4.55842617e-01  4.55842617e-01  1.53930344e-07  1.73819807e-07  2.00000000e-01 
 2.10000000e-01  4.55842631e-01  3.41332281e-09  4.55842631e-01  3.34062737e-09  4.55842631e-01  4.55842631e-01  4.55842631e-01  1.53930373e-07  1.73819840e-07  2.10000000e-01 
 2.20000000e-01  4.55842605e-01  3.41332281e-09  4.55842605e-01  3.34062744e-09  4.55842605e-01  4.55842605e-01  4.55842604e-01  1.53930330e-07  1.73819410e-07  2.20000000e-01 
 2.30000000e-01  4.55842632e-01  3.41332281e-09  4.55842632e-01  3.34062742e-09  4.55842632e-01  4.55842632e-01  4.55842632e-01  1.53930371e-07  1.73819380e-07  2.30000000e-01 
 2.40000000e-01  4.55842621e-01  3.41332281e-09  4.55842621e-01  3.34062737e-09  4.55842620e-01  4.55842621e-01  4.55842620e-01  1.53930364e-07  1.73819073e-07  2.40000000e-01 
 2.50000000e-01  4.55842623e-01  3.41332281e-09  4.55842623e-01  3.34062739e-09  4.55842623e-01  4.55842623e-01  4.55842623e-01  1.53930352e-07  1.73818851e-07  2.50000000e-01 
 2.60000000e-01  4.55842641e-01  3.41332281e-09  4.55842641e-01  3.34062738e-09  4.55842641e-01  4.55842641e-01  4.55842641e-01  1.53930384e-07  1.73818716e-07  2.60000000e-01 
 2.70000000e-01  4.55842609e-01  3.41332281e-09  4.55842609e-01  3.34062738e-09  4.55842609e-01  4.55842609e-01  4.55842609e-01  1.53930344e-07  1.73818421e-07  2.70000000e-01 
 2.80000000e-01  4.55842650e-01  3.41332281e-09  4.55842651e-01  3.34062744e-09  4.55842650e-01  4.55842650e-01  4.55842650e-01  1.53930384e-07  1.73818473e-07  2.80000000e-01 
 2.90000000e-01  4.55842639e-01  3.41332281e-09  4.55842639e-01  3.34062743e-09  4.55842639e-01  4.55842639e-01  4.55842639e-01  1.53930375e-07  1.73818179e-07  2.90000000e-01 
 3.00000000e-01  4.55842619e-01  3.41332281e-09  4.55842619e-01  3.34062737e-09  4.55842619e-01  4.55842619e-01  4.55842619e-01  1.53930347e-07  1.73818080e-07  3.00000000e-01 
 3.10000000e-01  4.55842615e-01  3.41332281e-09  4.55842616e-01  3.34062739e-09  4.55842615e-01  4.55842615e-01  4.55842615e-01  1.53930355e-07  1.73817739e-07  3.10000000e-01 
 3.20000000e-01  4.55842634e-01  3.41332281e-09  4.55842634e-01  3.34062744e-09  4.55842634e-01  4.55842634e-01  4.55842634e-01  1.53930374e-07  1.73817742e-07  3.20000000e-01 
 3.30000000e-01  4.55842596e-01  3.41332281e-09  4.55842596e-01  3.34062737e-09  4.55842596e-01  4.55842596e-01  4.55842596e-01  1.53930326e-07  1.73817416e-07  3.30000000e-01 
 3.40000000e-01  4.55842605e-01  3.41332281e-09  4.55842605e-01  3.34062744e-09  4.55842604e-01  4.55842605e-01  4.55842604e-01  1.53930330e-07  1.73817202e-07  3.40000000e-01 
 3.50000000e-01  4.55842603e-01  3.41332281e-09  4.55842603e-01  3.34062742e-09  4.55842603e-01  4.55842603e-01  4.55842603e-01  1.53930328e-07  1.73817121e-07  3.50000000e-01 
 3.60000000e-01  4.55842593e-01  3.41332281e-09  4.55842594e-01  3.34062743e-09  4.55842593e-01  4.55842593e-01  4.55842593e-01  1.53930326e-07  1.73816911e-07  3.60000000e-01 
 3.70000000e-01  4.55842620e-01  3.41332281e-09  4.55842620e-01  3.34062743e-09  4.55842620e-01  4.55842620e-01  4.55842620e-01  1.53930353e-07  1.73816826e-07  3.70000000e-01 
 3.80000000e-01  4.55842633e-01  3.41332281e-09  4.55842633e-01  3.34062743e-09  4.55842633e-01  4.55842633e-01  4.55842633e-01  1.53930382e-07  1.73816723e-07  3.80000000e-01 
 3.90000000e-01  4.55842619e-01  3.41332281e-09  4.55842619e-01  3.34062737e-09  4.55842619e-01  4.55842619e-01  4.55842619e-01  1.53930356e-07  1.73816574e-07  3.90000000e-01 
 4.00000000e-01  4.55842618e-01  3.41332281e-09  4.55842618e-01  3.34062739e-09  4.55842618e-01  4.55842618e-01  4.55842618e-01  1.53930351e-07  1.73816378e-07  4.00000000e-01 
 4.10000000e-01  4.55842621e-01  3.41332281e-09  4.55842621e-01  3.34062744e-09  4.55842621e-01  4.55842621e-01  4.55842621e-01  1.53930355e-07  1.73816282e-07  4.10000000e-01 
 4.20000000e-01  4.55842617e-01  3.41332281e-09  4.55842617e-01  3.34062742e-09  4.55842617e-01  4.55842617e-01  4.55842617e-01  1.53930354e-07  1.73815945e-07  4.20000000e-01 
 4.30000000e-01  4.55842627e-01  3.41332281e-09  4.55842627e-01  3.34062737e-09  4.55842627e-01  4.55842627e-01  4.55842627e-01  1.53930369e-07  1.73816055e-07  4.30000000e-01 
 4.40000000e-01  4.55842590e-01  3.41332281e-09  4.55842590e-01  3.34062744e-09  4.55842590e-01  4.55842590e-01  4.55842590e-01  1.53930311e-07  1.73815714e-07  4.40000000e-01 
 4.50000000e-01  4.55842613e-01  3.41332281e-09  4.55842613e-01  3.34062737e-09  4.55842613e-01  4.55842613e-01  4.55842613e-01  1.53930357e-07  1.73815696e-07  4.50000000e-01 
 4.60000000e-01  4.55842588e-01  3.41332281e-09  4.55842588e-01  3.34062744e-09  4.55842588e-01  4.55842588e-01  4.55842588e-01  1.53930310e-07  1.73815490e-07  4.60000000e-01 
 4.70000000e-01  4.55842628e-01  3.41332281e-09  4.55842628e-01  3.34062742e-09  4.55842628e-01  4.55842628e-01  4.55842627e-01  1.53930381e-07  1.73815533e-07  4.70000000e-01 
 4.80000000e-01  4.55842613e-01  3.41332281e-09  4.55842613e-01  3.34062737e-09  4.55842613e-01  4.55842613e-01  4.55842613e-01  1.53930342e-07  1.73815227e-07  4.80000000e-01 
 4.90000000e-01  4.55842653e-01  3.41332281e-09  4.55842653e-01  3.34062744e-09  4.55842653e-01  4.55842653e-01  4.55842653e-01  1.53930402e-07  1.73815280e-07  4.90000000e-01 
 5.00000000e-01  4.55842615e-01  3.41332281e-09  4.55842615e-01  3.34062737e-09  4.55842615e-01  4.55842615e-01  4.55842615e-01  1.53930344e-07  1.73815028e-07  5.00000000e-01 
 5.10000000e-01  4.55842577e-01  3.41332281e-09  4.55842577e-01  3.34062738e-09  4.55842577e-01  4.55842577e-01  4.55842576e-01  1.53930285e-07  1.73814691e-07  5.10000000e-01 
 5.20000000e-01  4.55842600e-01  3.41332281e-09  4.55842600e-01  3.34062743e-09  4.55842600e-01  4.55842600e-01  4.55842600e-01  1.53930330e-07  1.73814669e-07  5.20000000e-01 
 5.30000000e-01  4.55842620e-01  3.41332281e-09  4.55842620e-01  3.34062742e-09  4.55842620e-01  4.55842620e-01  4.55842620e-01  1.53930354e-07  1.73814531e-07  5.30000000e-01 
 5.40000000e-01  4.55842643e-01  3.41332281e-09  4.55842643e-01  3.34062743e-09  4.55842643e-01  4.55842643e-01  4.55842643e-01  1.53930388e-07  1.73814520e-07  5.40000000e-01 
 5.50000000e-01  4.55842639e-01  3.41332281e-09  4.55842639e-01  3.34062743e-09  4.55842639e-01  4.55842639e-01  4.55842639e-01  1.53930394e-07  1.73814357e-07  5.50000000e-01 
 5.60000000e-01  4.55842617e-01  3.41332281e-09  4.55842617e-01  3.34062743e-09  4.55842617e-01  4.55842617e-01  4.55842617e-01  1.53930352e-07  1.73814168e-07  5.60000000e-01 
 5.70000000e-01  4.55842625e-01  3.41332281e-09  4.55842625e-01  3.34062743e-09  4.55842625e-01  4.55842625e-01  4.55842625e-01  1.53930376e-07  1.73814168e-07  5.70000000e-01 
 5.80000000e-01  4.55842620e-01  3.41332281e-09  4.55842620e-01  3.34062743e-09  4.55842620e-01  4.55842620e-01  4.55842620e-01  1.53930356e-07  1.73814001e-07  5.80000000e-01 
 5.90000000e-01  4.55842629e-01  3.41332281e-09  4.55842629e-01  3.34062743e-09  4.55842629e-01  4.55842629e-01  4.55842629e-01  1.53930366e-07  1.73813781e-07  5.90000000e-01 
 6.00000000e-01  4.55842614e-01  3.41332281e-09  4.55842614e-01  3.34062737e-09  4.55842614e-01  4.55842614e-01  4.55842614e-01  1.53930356e-07  1.73813618e-07  6.00000000e-01 
 6.10000000e-01  4.55842663e-01  3.41332281e-09  4.55842663e-01  3.34062739e-09  4.55842663e-01  4.55842663e-01  4.55842663e-01  1.53930411e-07  1.73813710e-07  6.10000000e-01 
 6.20000000e-01  4.55842622e-01  3.41332281e-09  4.55842622e-01  3.34062738e-09  4.55842622e-01  4.55842622e-01  4.55842621e-01  1.53930342e-07  1.73813334e-07  6.20000000e-01 
 6.30000000e-01  4.55842614e-01  3.41332281e-09  4.55842614e-01  3.34062744e-09  4.55842614e-01  4.55842614e-01  4.55842614e-01  1.53930329e-07  1.73813255e-07  6.30000000e-01 
 6.40000000e-01  4.55842635e-01  3.41332281e-09  4.55842635e-01  3.34062742e-09  4.55842635e-01  4.55842635e-01  4.55842635e-01  1.53930375e-07  1.73813206e-07  6.40000000e-01 
 6.50000000e-01  4.55842617e-01  3.41332281e-09  4.55842617e-01  3.34062743e-09  4.55842617e-01  4.55842617e-01  4.55842617e-01  1.53930352e-07  1.73813127e-07  6.50000000e-01 
 6.60000000e-01  4.55842598e-01  3.41332281e-09  4.55842598e-01  3.34062743e-09  4.55842598e-01  4.55842598e-01  4.55842598e-01  1.53930337e-07  1.73812730e-07  6.60000000e-01 
 6.70000000e-01  4.55842624e-01  3.41332281e-09  4.55842624e-01  3.34062737e-09  4.55842624e-01  4.55842624e-01  4.55842624e-01  1.53930354e-07  1.73812793e-07  6.70000000e-01 
 6.80000000e-01  4.55842596e-01  3.41332281e-09  4.55842596e-01  3.34062738e-09  4.55842596e-01  4.55842596e-01  4.55842595e-01  1.53930321e-07  1.73812424e-07  6.80000000e-01 
 6.90000000e-01  4.55842587e-01  3.41332281e-09  4.55842587e-01  3.34062738e-09  4.55842587e-01  4.55842587e-01  4.55842587e-01  1.53930316e-07  1.73812403e-07  6.90000000e-01 
 7.00000000e-01  4.55842630e-01  3.41332281e-09  4.55842630e-01  3.34062744e-09  4.55842630e-01  4.55842630e-01  4.55842630e-01  1.53930365e-07  1.73812360e-07  7.00000000e-01 
 7.10000000e-01  4.55842624e-01  3.41332281e-09  4.55842624e-01  3.34062742e-09  4.55842624e-01  4.55842624e-01  4.55842624e-01  1.53930356e-07  1.73812246e-07  7.10000000e-01 
 7.20000000e-01  4.55842640e-01  3.41332281e-09  4.55842640e-01  3.34062743e-09  4.55842640e-01  4.55842640e-01  4.55842640e-01  1.53930390e-07  1.73812126e-07  7.20000000e-01 
 7.30000000e-01  4.55842632e-01  3.41332281e-09  4.55842632e-01  3.34062737e-09  4.55842632e-01  4.55842632e-01  4.55842632e-01  1.53930373e-07  1.73811969e-07  7.30000000e-01 
 7.40000000e-01  4.55842636e-01  3.41332281e-09  4.55842636e-01  3.34062744e-09  4.55842636e-01  4.55842636e-01  4.55842636e-01  1.53930370e-07  1.73811941e-07  7.40000000e-01 
 7.50000000e-01  4.55842626e-01  3.41332281e-09  4.55842626e-01  3.34062737e-09  4.55842625e-01  4.55842626e-01  4.55842625e-01  1.53930366e-07  1.73811685e-07  7.50000000e-01 
 7.60000000e-01  4.55842635e-01  3.41332281e-09  4.55842635e-01  3.34062739e-09  4.55842635e-01  4.55842635e-01  4.55842635e-01  1.53930366e-07  1.73811678e-07  7.60000000e-01 
 7.70000000e-01  4.55842643e-01  3.41332281e-09  4.55842643e-01  3.34062738e-09  4.55842643e-01  4.55842643e-01  4.55842642e-01  1.53930387e-07  1.73811472e-07  7.70000000e-01 
 7.80000000e-01  4.55842601e-01  3.41332281e-09  4.55842601e-01  3.34062738e-09  4.55842601e-01  4.55842601e-01  4.55842601e-01  1.53930334e-07  1.73811188e-07  7.80000000e-01 
 7.90000000e-01  4.55842640e-01  3.41332281e-09  4.55842640e-01  3.34062744e-09  4.55842640e-01  4.55842640e-01  4.55842640e-01  1.53930377e-07  1.73811223e-07  7.90000000e-01 
 8.00000000e-01  4.55842592e-01  3.41332281e-09  4.55842592e-01  3.34062742e-09  4.55842592e-01  4.55842592e-01  4.55842592e-01  1.53930314e-07  1.73810847e-07  8.00000000e-01 
 8.10000000e-01  4.55842614e-01  3.41332281e-09  4.55842615e-01  3.34062743e-09  4.55842614e-01  4.55842614e-01  4.55842614e-01  1.53930349e-07  1.73810768e-07  8.10000000e-01 
 8.20000000e-01  4.55842602e-01  3.41332281e-09  4.55842602e-01  3.34062743e-09  4.55842601e-01  4.55842602e-01  4.55842601e-01  1.53930331e-07  1.73810591e-07  8.20000000e-01 
 8.30000000e-01  4.55842646e-01  3.41332281e-09  4.55842646e-01  3.34062743e-09  4.55842646e-01  4.55842646e-01  4.55842646e-01  1.53930387e-07  1.73810520e-07  8.30000000e-01 
 8.40000000e-01  4.55842608e-01  3.41332281e-09  4.55842608e-01  3.34062743e-09  4.55842608e-01  4.55842608e-01  4.55842608e-01  1.53930332e-07  1.73810328e-07  8.40000000e-01 
 8.50000000e-01  4.55842622e-01  3.41332281e-09  4.55842622e-01  3.34062743e-09  4.55842621e-01  4.55842622e-01  4.55842621e-01  1.53930368e-07  1.73810299e-07  8.50000000e-01 
 8.60000000e-01  4.55842631e-01  3.41332281e-09  4.55842631e-01  3.34062737e-09  4.55842631e-01  4.55842631e-01  4.55842631e-01  1.53930386e-07  1.73810143e-07  8.60000000e-01 
 8.70000000e-01  4.55842626e-01  3.41332281e-09  4.55842626e-01  3.34062744e-09  4.55842626e-01  4.55842626e-01  4.55842626e-01  1.53930361e-07  1.73809944e-07  8.70000000e-01 
 8.80000000e-01  4.55842650e-01  3.41332281e-09  4.55842651e-01  3.34062737e-09  4.55842650e-01  4.55842650e-01  4.55842650e-01  1.53930409e-07  1.73809880e-07  8.80000000e-01 
 8.90000000e-01  4.55842614e-01  3.41332281e-09  4.55842614e-01  3.34062738e-09  4.55842613e-01  4.55842614e-01  4.55842613e-01  1.53930341e-07  1.73809639e-07  8.90000000e-01 
 9.00000000e-01  4.55842613e-01  3.41332281e-09  4.55842613e-01  3.34062744e-09  4.55842613e-01  4.55842613e-01  4.55842613e-01  1.53930337e-07  1.73809397e-07  9.00000000e-01 
 9.10000000e-01  4.55842639e-01  3.41332281e-09  4.55842640e-01  3.34062737e-09  4.55842639e-01  4.55842639e-01  4.55842639e-01  1.53930371e-07  1.73809433e-07  9.10000000e-01 
 9.20000000e-01  4.55842605e-01  3.41332281e-09  4.55842605e-01  3.34062744e-09  4.55842605e-01  4.55842605e-01  4.55842605e-01  1.53930333e-07  1.73809077e-07  9.20000000e-01 
 9.30000000e-01  4.55842621e-01  3.41332281e-09  4.55842621e-01  3.34062742e-09  4.55842620e-01  4.55842621e-01  4.55842620e-01  1.53930350e-07  1.73809028e-07  9.30000000e-01 
 9.40000000e-01  4.55842633e-01  3.41332281e-09  4.55842633e-01  3.34062743e-09  4.55842633e-01  4.55842633e-01  4.55842633e-01  1.53930372e-07  1.73808786e-07  9.40000000e-01 
 9.50000000e-01  4.55842588e-01  3.41332281e-09  4.55842588e-01  3.34062737e-09  4.55842588e-01  4.55842588e-01  4.55842588e-01  1.53930304e-07  1.73808552e-07  9.50000000e-01 
 9.60000000e-01  4.55842598e-01  3.41332281e-09  4.55842598e-01  3.34062738e-09  4.55842598e-01  4.55842598e-01  4.55842598e-01  1.53930339e-07  1.73808495e-07  9.60000000e-01 
 9.70000000e-01  4.55842633e-01  3.41332281e-09  4.55842633e-01  3.34062738e-09  4.55842633e-01  4.55842633e-01  4.55842633e-01  1.53930383e-07  1.73808381e-07  9.70000000e-01 
 9.80000000e-01  4.55842593e-01  3.41332281e-09  4.55842593e-01  3.34062738e-09  4.55842593e-01  4.55842593e-01  4.55842592e-01  1.53930328e-07  1.73808267e-07  9.80000000e-01 
 9.90000000e-01  4.55842623e-01  3.41332281e-09  4.55842623e-01  3.34062744e-09  4.55842623e-01  4.55842623e-01  4.55842623e-01  1.53930372e-07  1.73807976e-07  9.90000000e-01 
 1.00000000e+00  4.55842609e-01  3.41332281e-09  4.55842609e-01  3.34062737e-09  4.55842609e-01  4.55842609e-01  4.55842609e-01  1.53930343e-07  1.73807770e-07  1.00000000e+00 
 1.01000000e+00  4.55842630e-01  3.41332281e-09  4.55842630e-01  3.34062739e-09  4.55842630e-01  4.55842630e-01  4.55842630e-01  1.53930390e-07  1.73807798e-07  1.01000000e+00 
 1.02000000e+00  4.55842638e-01  3.41332281e-09  4.55842638e-01  3.34062744e-09  4.55842637e-01  4.55842638e-01  4.55842637e-01  1.53930373e-07  1.73807564e-07  1.02000000e+00 
 1.03000000e+00  4.55842614e-01  3.41332281e-09  4.55842614e-01  3.34062742e-09  4.55842614e-01  4.55842614e-01  4.55842614e-01  1.53930352e-07  1.73807315e-07  1.03000000e+00 
 1.04000000e+00  4.55842621e-01  3.41332281e-09  4.55842621e-01  3.34062737e-09  4.55842620e-01  4.55842621e-01  4.55842620e-01  1.53930353e-07  1.73807109e-07  1.04000000e+00 
 1.05000000e+00  4.55842639e-01  3.41332281e-09  4.55842639e-01  3.34062739e-09  4.55842639e-01  4.55842639e-01  4.55842639e-01  1.53930382e-07  1.73807074e-07  1.05000000e+00 
 1.06000000e+00  4.55842602e-01  3.41332281e-09  4.55842602e-01  3.34062743e-09  4.55842602e-01  4.55842602e-01  4.55842602e-01  1.53930323e-07  1.73806761e-07  1.06000000e+00 
 1.07000000e+00  4.55842598e-01  3.41332281e-09  4.55842598e-01  3.34062742e-09  4.55842598e-01  4.55842598e-01  4.55842598e-01  1.53930328e-07  1.73806527e-07  1.07000000e+00 
 1.08000000e+00  4.55842640e-01  3.41332281e-09  4.55842640e-01  3.34062737e-09  4.55842640e-01  4.55842640e-01  4.55842640e-01  1.53930401e-07  1.73806562e-07  1.08000000e+00 
 1.09000000e+00  4.55842596e-01  3.41332281e-09  4.55842596e-01  3.34062744e-09  4.55842596e-01  4.55842596e-01  4.55842596e-01  1.53930326e-07  1.73806157e-07  1.09000000e+00 
 1.10000000e+00  4.55842611e-01  3.41332281e-09  4.55842611e-01  3.34062737e-09  4.55842611e-01  4.55842611e-01  4.55842611e-01  1.53930351e-07  1.73806136e-07  1.10000000e+00 
 1.11000000e+00  4.55842634e-01  3.41332281e-09  4.55842634e-01  3.34062744e-09  4.55842634e-01  4.55842634e-01  4.55842634e-01  1.53930383e-07  1.73805887e-07  1.11000000e+00 
 1.12000000e+00  4.55842623e-01  3.41332281e-09  4.55842623e-01  3.34062742e-09  4.55842623e-01  4.55842623e-01  4.55842622e-01  1.53930377e-07  1.73805667e-07  1.12000000e+00 
 1.13000000e+00  4.55842655e-01  3.41332281e-09  4.55842655e-01  3.34062738e-09  4.55842655e-01  4.55842655e-01  4.55842655e-01  1.53930402e-07  1.73805631e-07  1.13000000e+00 
 1.14000000e+00  4.55842585e-01  3.41332281e-09  4.55842585e-01  3.34062738e-09  4.55842585e-01  4.55842585e-01  4.55842584e-01  1.53930304e-07  1.73805198e-07  1.14000000e+00 
 1.15000000e+00  4.55842627e-01  3.41332281e-09  4.55842627e-01  3.34062738e-09  4.55842627e-01  4.55842627e-01  4.55842627e-01  1.53930367e-07  1.73805127e-07  1.15000000e+00 
 1.16000000e+00  4.55842613e-01  3.41332281e-09  4.55842613e-01  3.34062744e-09  4.55842612e-01  4.55842612e-01  4.55842612e-01  1.53930360e-07  1.73804978e-07  1.16000000e+00 
 1.17000000e+00  4.55842650e-01  3.41332281e-09  4.55842650e-01  3.34062743e-09  4.55842650e-01  4.55842650e-01  4.55842650e-01  1.53930391e-07  1.73804906e-07  1.17000000e+00 
 1.18000000e+00  4.55842610e-01  3.41332281e-09  4.55842610e-01  3.34062743e-09  4.55842610e-01  4.55842610e-01  4.55842610e-01  1.53930349e-07  1.73804594e-07  1.18000000e+00 
 1.19000000e+00  4.55842615e-01  3.41332281e-09  4.55842615e-01  3.34062737e-09  4.55842614e-01  4.55842615e-01  4.55842614e-01  1.53930350e-07  1.73804267e-07  1.19000000e+00 
 1.20000000e+00  4.55842637e-01  3.41332281e-09  4.55842638e-01  3.34062744e-09  4.55842637e-01  4.55842637e-01  4.55842637e-01  1.53930374e-07  1.73804210e-07  1.20000000e+00 
 1.21000000e+00  4.55842619e-01  3.41332281e-09  4.55842619e-01  3.34062742e-09  4.55842619e-01  4.55842619e-01  4.55842619e-01  1.53930356e-07  1.73803897e-07  1.21000000e+00 
 1.22000000e+00  4.55842619e-01  3.41332281e-09  4.55842619e-01  3.34062743e-09  4.55842619e-01  4.55842619e-01  4.55842619e-01  1.53930345e-07  1.73803613e-07  1.22000000e+00 
 1.23000000e+00  4.55842614e-01  3.41332281e-09  4.55842614e-01  3.34062737e-09  4.55842614e-01  4.55842614e-01  4.55842614e-01  1.53930341e-07  1.73803315e-07  1.23000000e+00 
 1.24000000e+00  4.55842607e-01  3.41332281e-09  4.55842607e-01  3.34062744e-09  4.55842606e-01  4.55842606e-01  4.55842606e-01  1.53930335e-07  1.73803073e-07  1.24000000e+00 
 1.25000000e+00  4.55842622e-01  3.41332281e-09  4.55842622e-01  3.34062742e-09  4.55842622e-01  4.55842622e-01  4.55842622e-01  1.53930363e-07  1.73802960e-07  1.25000000e+00 
 1.26000000e+00  4.55842588e-01  3.41332281e-09  4.55842588e-01  3.34062737e-09  4.55842588e-01  4.55842588e-01  4.55842588e-01  1.53930315e-07  1.73802434e-07  1.26000000e+00 
 1.27000000e+00  4.55842619e-01  3.41332281e-09  4.55842619e-01  3.34062744e-09  4.55842619e-01  4.55842619e-01  4.55842619e-01  1.53930345e-07  1.73802391e-07  1.27000000e+00 
 1.28000000e+00  4.55842617e-01  3.41332281e-09  4.55842617e-01  3.34062742e-09  4.55842617e-01  4.55842617e-01  4.55842617e-01  1.53930348e-07  1.73802150e-07  1.28000000e+00 
 1.29000000e+00  4.55842606e-01  3.41332281e-09  4.55842606e-01  3.34062743e-09  4.55842606e-01  4.55842606e-01  4.55842606e-01  1.53930347e-07  1.73801666e-07  1.29000000e+00 
 1.30000000e+00  4.55842609e-01  3.41332281e-09  4.55842609e-01  3.34062737e-09  4.55842609e-01  4.55842609e-01  4.55842608e-01  1.53930353e-07  1.73801439e-07  1.30000000e+00 
 1.31000000e+00  4.55842612e-01  3.41332281e-09  4.55842612e-01  3.34062744e-09  4.55842612e-01  4.55842612e-01  4.55842611e-01  1.53930351e-07  1.73801240e-07  1.31000000e+00 
 1.32000000e+00  4.55842635e-01  3.41332281e-09  4.55842635e-01  3.34062743e-09  4.55842635e-01  4.55842635e-01  4.55842635e-01  1.53930370e-07  1.73800856e-07  1.32000000e+00 
 1.33000000e+00  4.55842614e-01  3.41332281e-09  4.55842614e-01  3.34062743e-09  4.55842614e-01  4.55842614e-01  4.55842614e-01  1.53930357e-07  1.73800501e-07  1.33000000e+00 
 1.34000000e+00  4.55842617e-01  3.41332281e-09  4.55842617e-01  3.34062743e-09  4.55842617e-01  4.55842617e-01  4.55842617e-01  1.53930343e-07  1.73800217e-07  1.34000000e+00 
 1.35000000e+00  4.55842622e-01  3.41332281e-09  4.55842622e-01  3.34062743e-09  4.55842622e-01  4.55842622e-01  4.55842622e-01  1.53930365e-07  1.73799705e-07  1.35000000e+00 
 1.36000000e+00  4.55842615e-01  3.41332281e-09  4.55842615e-01  3.34062737e-09  4.55842615e-01  4.55842615e-01  4.55842615e-01  1.53930355e-07  1.73799336e-07  1.36000000e+00 
 1.37000000e+00  4.55842614e-01  3.41332281e-09  4.55842614e-01  3.34062739e-09  4.55842614e-01  4.55842614e-01  4.55842614e-01  1.53930349e-07  1.73798739e-07  1.37000000e+00 
 1.38000000e+00  4.55842601e-01  3.41332281e-09  4.55842601e-01  3.34062738e-09  4.55842601e-01  4.55842601e-01  4.55842601e-01  1.53930342e-07  1.73798242e-07  1.38000000e+00 
 1.39000000e+00  4.55842633e-01  3.41332281e-09  4.55842633e-01  3.34062744e-09  4.55842633e-01  4.55842633e-01  4.55842633e-01  1.53930386e-07  1.73797829e-07  1.39000000e+00 
 1.40000000e+00  4.55842605e-01  3.41332281e-09  4.55842605e-01  3.34062737e-09  4.55842605e-01  4.55842605e-01  4.55842605e-01  1.53930339e-07  1.73797062e-07  1.40000000e+00 
 1.41000000e+00  4.55842633e-01  3.41332281e-09  4.55842633e-01  3.34062739e-09  4.55842633e-01  4.55842633e-01  4.55842633e-01  1.53930369e-07  1.73796522e-07  1.41000000e+00 
 1.42000000e+00  4.55842605e-01  3.41332281e-09  4.55842605e-01  3.34062738e-09  4.55842605e-01  4.55842605e-01  4.55842605e-01  1.53930351e-07  1.73795655e-07  1.42000000e+00 
 1.43000000e+00  4.55842611e-01  3.41332281e-09  4.55842611e-01  3.34062744e-09  4.55842611e-01  4.55842611e-01  4.55842611e-01  1.53930344e-07  1.73794817e-07  1.43000000e+00 
 1.44000000e+00  4.55842634e-01  3.41332281e-09  4.55842634e-01  3.34062742e-09  4.55842634e-01  4.55842634e-01  4.55842634e-01  1.53930373e-07  1.73793822e-07  1.44000000e+00 
 1.45000000e+00  4.55842597e-01  3.41332281e-09  4.55842597e-01  3.34062737e-09  4.55842597e-01  4.55842597e-01  4.55842597e-01  1.53930320e-07  1.73792415e-07  1.45000000e+00 
 1.46000000e+00  4.55842622e-01  3.41332281e-09  4.55842622e-01  3.34062744e-09  4.55842622e-01  4.55842622e-01  4.55842621e-01  1.53930361e-07  1.73790966e-07  1.46000000e+00 
 1.47000000e+00  4.55842597e-01  3.41332281e-09  4.55842597e-01  3.34062742e-09  4.55842597e-01  4.55842597e-01  4.55842597e-01  1.53930318e-07  1.73789147e-07  1.47000000e+00 
 1.48000000e+00  4.55842612e-01  3.41332281e-09  4.55842612e-01  3.34062737e-09  4.55842612e-01  4.55842612e-01  4.55842612e-01  1.53930346e-07  1.73786617e-07  1.48000000e+00 
 1.49000000e+00  4.55842639e-01  3.41332281e-09  4.55842639e-01  3.34062744e-09  4.55842639e-01  4.55842639e-01  4.55842639e-01  1.53930386e-07  1.73783675e-07  1.49000000e+00 
 1.50000000e+00  4.55842629e-01  3.41332281e-09  4.55842629e-01  3.34062742e-09  4.55842629e-01  4.55842629e-01  4.55842629e-01  1.53930365e-07  1.73779341e-07  1.50000000e+00 
 1.51000000e+00  4.55842636e-01  3.41332281e-09  4.55842636e-01  3.34062737e-09  4.55842636e-01  4.55842636e-01  4.55842636e-01  1.53930384e-07  1.73773245e-07  1.51000000e+00 
 1.52000000e+00  4.55842615e-01  3.41332281e-09  4.55842615e-01  3.34062744e-09  4.55842615e-01  4.55842615e-01  4.55842615e-01  1.53930362e-07  1.73764278e-07  1.52000000e+00 
 1.53000000e+00  4.55842634e-01  3.41332281e-09  4.55842634e-01  3.34062737e-09  4.55842634e-01  4.55842634e-01  4.55842634e-01  1.53930376e-07  1.73750706e-07  1.53000000e+00 
 1.54000000e+00  4.55842620e-01  3.41332281e-09  4.55842621e-01  3.34062739e-09  4.55842620e-01  4.55842620e-01  4.55842620e-01  1.53930354e-07  1.73728282e-07  1.54000000e+00 
 1.55000000e+00  4.55842626e-01  3.41332281e-09  4.55842626e-01  3.34062738e-09  4.55842626e-01  4.55842626e-01  4.55842626e-01  1.53930369e-07  1.73689841e-07  1.55000000e+00 
 1.56000000e+00  4.55842649e-01  3.41332281e-09  4.55842649e-01  3.34062738e-09  4.55842649e-01  4.55842649e-01  4.55842649e-01  1.53930403e-07  1.73620819e-07  1.56000000e+00 
 1.57000000e+00  4.55842619e-01  3.41332281e-09  4.55842619e-01  3.34062738e-09  4.55842619e-01  4.55842619e-01  4.55842619e-01  1.53930368e-07  1.73491188e-07  1.57000000e+00 
 1.58000000e+00  4.55842622e-01  3.41332281e-09  4.55842622e-01  3.34062738e-09  4.55842622e-01  4.55842622e-01  4.55842622e-01  1.53930344e-07  1.73240608e-07  1.58000000e+00 
 1.59000000e+00  4.55842634e-01  3.41332281e-09  4.55842634e-01  3.34062738e-09  4.55842634e-01  4.55842634e-01  4.55842633e-01  1.53930377e-07  1.72750958e-07  1.59000000e+00 
 1.60000000e+00  4.55842618e-01  3.41332281e-09  4.55842618e-01  3.34062743e-09  4.55842617e-01  4.55842617e-01  4.55842617e-01  1.53930353e-07  1.71821256e-07  1.60000000e+00 
 1.61000000e+00  4.55842638e-01  3.41332281e-09  4.55842638e-01  3.34062737e-09  4.55842638e-01  4.55842638e-01  4.55842638e-01  1.53930381e-07  1.64630890e-07  1.61000000e+00 
 1.62000000e+00  4.55842618e-01  3.41332281e-09  4.55842618e-01  3.34062744e-09  4.55842618e-01  4.55842618e-01  4.55842618e-01  1.53930347e-07  1.39863204e-07  1.62000000e+00 
 1.63000000e+00  4.55842621e-01  3.41332281e-09  4.55842621e-01  3.34062743e-09  4.55842621e-01  4.55842621e-01  4.55842621e-01  1.53930352e-07  1.17117551e-07  1.63000000e+00 
 1.64000000e+00  4.55842645e-01  3.41332281e-09  4.55842645e-01  3.34062737e-09  4.55842644e-01  4.55842645e-01  4.55842644e-01  1.53930382e-07  9.68677227e-08  1.64000000e+00 
 1.65000000e+00  4.55842616e-01  3.41332281e-09  4.55842616e-01  3.34062739e-09  4.55842616e-01  4.55842616e-01  4.55842616e-01  1.53930344e-07  7.92759351e-08  1.65000000e+00 
 1.66000000e+00  4.55842631e-01  3.41332281e-09  4.55842631e-01  3.34062738e-09  4.55842631e-01  4.55842631e-01  4.55842631e-01  1.53930373e-07  6.42955484e-08  1.66000000e+00 
 1.67000000e+00  4.55842587e-01  3.41332281e-09  4.55842587e-01  3.34062738e-09  4.55842587e-01  4.55842587e-01  4.55842587e-01  1.53930316e-07  5.17080849e-08  1.67000000e+00 
 1.68000000e+00  4.55842613e-01  3.41332281e-09  4.55842613e-01  3.34062738e-09  4.55842613e-01  4.55842613e-01  4.55842613e-01  1.53930342e-07  4.12414494e-08  1.68000000e+00 
 1.69000000e+00  4.55842606e-01  3.41332281e-09  4.55842606e-01  3.34062744e-09  4.55842606e-01  4.55842606e-01  4.55842606e-01  1.53930351e-07  3.26014487e-08  1.69000000e+00 
 1.70000000e+00  4.55842643e-01  3.41332281e-09  4.55842643e-01  3.34062743e-09  4.55842643e-01  4.55842643e-01  4.55842643e-01  1.53930375e-07  2.55072052e-08  1.70000000e+00 
 1.71000000e+00  4.55842613e-01  3.41332281e-09  4.55842613e-01  3.34062743e-09  4.55842613e-01  4.55842613e-01  4.55842613e-01  1.53930346e-07  1.97049275e-08  1.71000000e+00 
 1.72000000e+00  4.55842626e-01  3.41332281e-09  4.55842626e-01  3.34062743e-09  4.55842626e-01  4.55842626e-01  4.55842626e-01  1.53930356e-07  1.49736792e-08  1.72000000e+00 
 1.73000000e+00  4.55842640e-01  3.41332281e-09  4.55842640e-01  3.34062743e-09  4.55842640e-01  4.55842640e-01  4.55842640e-01  1.53930385e-07  1.11213438e-08  1.73000000e+00 
 1.74000000e+00  4.55842618e-01  3.41332281e-09  4.55842618e-01  3.34062743e-09  4.55842618e-01  4.55842618e-01  4.55842618e-01  1.53930355e-07  7.98371502e-09  1.74000000e+00 
 1.75000000e+00  4.55842644e-01  3.41332281e-09  4.55842644e-01  3.34062743e-09  4.55842644e-01  4.55842644e-01  4.55842644e-01  1.53930388e-07  5.41812994e-09  1.75000000e+00 
 1.76000000e+00  4.55842598e-01  3.41332281e-09  4.55842598e-01  3.34062743e-09  4.55842598e-01  4.55842598e-01  4.55842598e-01  1.53930325e-07  3.30311423e-09  1.76000000e+00 
 1.77000000e+00  4.55842629e-01  3.41332281e-09  4.55842629e-01  3.34062743e-09  4.55842629e-01  4.55842629e-01  4.55842629e-01  1.53930371e-07  1.54329882e-09  1.77000000e+00 
 1.78000000e+00  4.55842602e-01  3.41332281e-09  4.55842602e-01  3.34062743e-09  4.55842602e-01  4.55842602e-01  4.55842602e-01  1.53930331e-07  7.97228950e-11  1.78000000e+00 
 1.79000000e+00  4.55842622e-01  3.41332281e-09  4.55842622e-01  3.34062743e-09  4.55842622e-01  4.55842622e-01  4.55842622e-01  1.53930346e-07 -1.10738085e-09  1.79000000e+00 
 1.80000000e+00  4.55842602e-01  3.41332281e-09  4.55842602e-01  3.34062737e-09  4.55842602e-01  4.55842602e-01  4.55842602e-01  1.53930330e-07 -2.01924877e-09  1.80000000e+00 
