 v-sweep         v(b0)           v(b1)           v(b2)           v(b3)           v(b4)           v(b5)           v(b6)           i(vbias)        i(viout)        v(vout)        
 0.00000000e+00  3.26242858e-09  3.29800141e-09  4.56828692e-01  3.50332045e-09  4.56828692e-01  4.56828692e-01  3.13281335e-09  1.57440842e-07  7.87143763e-08  0.00000000e+00 
 1.00000000e-02  3.26242855e-09  3.29800145e-09  4.56828678e-01  3.50332043e-09  4.56828678e-01  4.56828678e-01  3.13281333e-09  1.57440827e-07  7.87138542e-08  1.00000000e-02 
 2.00000000e-02  3.26242855e-09  3.29800143e-09  4.56828679e-01  3.50332043e-09  4.56828679e-01  4.56828679e-01  3.13281333e-09  1.57440820e-07  7.87134464e-08  2.00000000e-02 
 3.00000000e-02  3.26242855e-09  3.29800145e-09  4.56828666e-01  3.50332043e-09  4.56828666e-01  4.56828666e-01  3.13281333e-09  1.57440801e-07  7.87130627e-08  3.00000000e-02 
 4.00000000e-02  3.26242855e-09  3.29800144e-09  4.56828687e-01  3.50332037e-09  4.56828687e-01  4.56828687e-01  3.13281333e-09  1.57440841e-07  7.87127790e-08  4.00000000e-02 
 5.00000000e-02  3.26242856e-09  3.29800146e-09  4.56828715e-01  3.50332043e-09  4.56828715e-01  4.56828715e-01  3.13281333e-09  1.57440885e-07  7.87124641e-08  5.00000000e-02 
 6.00000000e-02  3.26242861e-09  3.29800144e-09  4.56828692e-01  3.50332043e-09  4.56828692e-01  4.56828692e-01  3.13281333e-09  1.57440848e-07  7.87120800e-08  6.00000000e-02 
 7.00000000e-02  3.26242854e-09  3.29800145e-09  4.56828677e-01  3.50332043e-09  4.56828677e-01  4.56828677e-01  3.13281333e-09  1.57440820e-07  7.87118699e-08  7.00000000e-02 
 8.00000000e-02  3.26242856e-09  3.29800144e-09  4.56828689e-01  3.50332043e-09  4.56828689e-01  4.56828689e-01  3.13281333e-09  1.57440833e-07  7.87114276e-08  8.00000000e-02 
 9.00000000e-02  3.26242855e-09  3.29800145e-09  4.56828672e-01  3.50332043e-09  4.56828673e-01  4.56828672e-01  3.13281333e-09  1.57440812e-07  7.87112366e-08  9.00000000e-02 
 1.00000000e-01  3.26242855e-09  3.29800143e-09  4.56828678e-01  3.50332043e-09  4.56828678e-01  4.56828678e-01  3.13281339e-09  1.57440829e-07  7.87109293e-08  1.00000000e-01 
 1.10000000e-01  3.26242855e-09  3.29800140e-09  4.56828681e-01  3.50332043e-09  4.56828681e-01  4.56828681e-01  3.13281332e-09  1.57440827e-07  7.87107002e-08  1.10000000e-01 
 1.20000000e-01  3.26242855e-09  3.29800145e-09  4.56828692e-01  3.50332037e-09  4.56828692e-01  4.56828692e-01  3.13281334e-09  1.57440840e-07  7.87104790e-08  1.20000000e-01 
 1.30000000e-01  3.26242855e-09  3.29800144e-09  4.56828695e-01  3.50332043e-09  4.56828695e-01  4.56828695e-01  3.13281333e-09  1.57440847e-07  7.87101673e-08  1.30000000e-01 
 1.40000000e-01  3.26242855e-09  3.29800140e-09  4.56828678e-01  3.50332043e-09  4.56828678e-01  4.56828678e-01  3.13281333e-09  1.57440818e-07  7.87099914e-08  1.40000000e-01 
 1.50000000e-01  3.26242856e-09  3.29800145e-09  4.56828704e-01  3.50332043e-09  4.56828704e-01  4.56828704e-01  3.13281333e-09  1.57440864e-07  7.87098262e-08  1.50000000e-01 
 1.60000000e-01  3.26242855e-09  3.29800149e-09  4.56828686e-01  3.50332043e-09  4.56828686e-01  4.56828686e-01  3.13281333e-09  1.57440834e-07  7.87095527e-08  1.60000000e-01 
 1.70000000e-01  3.26242855e-09  3.29800144e-09  4.56828679e-01  3.50332043e-09  4.56828679e-01  4.56828679e-01  3.13281333e-09  1.57440821e-07  7.87094354e-08  1.70000000e-01 
 1.80000000e-01  3.26242855e-09  3.29800138e-09  4.56828681e-01  3.50332043e-09  4.56828681e-01  4.56828681e-01  3.13281333e-09  1.57440822e-07  7.87092205e-08  1.80000000e-01 
 1.90000000e-01  3.26242855e-09  3.29800145e-09  4.56828690e-01  3.50332043e-09  4.56828690e-01  4.56828690e-01  3.13281333e-09  1.57440825e-07  7.87090393e-08  1.90000000e-01 
 2.00000000e-01  3.26242855e-09  3.29800144e-09  4.56828692e-01  3.50332043e-09  4.56828692e-01  4.56828692e-01  3.13281339e-09  1.57440842e-07  7.87089114e-08  2.00000000e-01 
 2.10000000e-01  3.26242855e-09  3.29800145e-09  4.56828683e-01  3.50332043e-09  4.56828683e-01  4.56828683e-01  3.13281337e-09  1.57440834e-07  7.87087924e-08  2.10000000e-01 
 2.20000000e-01  3.26242856e-09  3.29800144e-09  4.56828703e-01  3.50332043e-09  4.56828703e-01  4.56828703e-01  3.13281332e-09  1.57440861e-07  7.87086147e-08  2.20000000e-01 
 2.30000000e-01  3.26242855e-09  3.29800145e-09  4.56828688e-01  3.50332043e-09  4.56828688e-01  4.56828688e-01  3.13281334e-09  1.57440834e-07  7.87085135e-08  2.30000000e-01 
 2.40000000e-01  3.26242855e-09  3.29800143e-09  4.56828676e-01  3.50332043e-09  4.56828676e-01  4.56828676e-01  3.13281333e-09  1.57440814e-07  7.87082790e-08  2.40000000e-01 
 2.50000000e-01  3.26242861e-09  3.29800140e-09  4.56828677e-01  3.50332043e-09  4.56828677e-01  4.56828677e-01  3.13281333e-09  1.57440816e-07  7.87081440e-08  2.50000000e-01 
 2.60000000e-01  3.26242854e-09  3.29800145e-09  4.56828685e-01  3.50332043e-09  4.56828685e-01  4.56828685e-01  3.13281333e-09  1.57440833e-07  7.87080339e-08  2.60000000e-01 
 2.70000000e-01  3.26242856e-09  3.29800143e-09  4.56828676e-01  3.50332043e-09  4.56828676e-01  4.56828676e-01  3.13281333e-09  1.57440821e-07  7.87078882e-08  2.70000000e-01 
 2.80000000e-01  3.26242855e-09  3.29800145e-09  4.56828678e-01  3.50332043e-09  4.56828678e-01  4.56828678e-01  3.13281333e-09  1.57440826e-07  7.87077781e-08  2.80000000e-01 
 2.90000000e-01  3.26242855e-09  3.29800149e-09  4.56828689e-01  3.50332043e-09  4.56828689e-01  4.56828689e-01  3.13281339e-09  1.57440846e-07  7.87076537e-08  2.90000000e-01 
 3.00000000e-01  3.26242855e-09  3.29800144e-09  4.56828681e-01  3.50332043e-09  4.56828681e-01  4.56828681e-01  3.13281332e-09  1.57440820e-07  7.87075543e-08  3.00000000e-01 
 3.10000000e-01  3.26242855e-09  3.29800144e-09  4.56828682e-01  3.50332043e-09  4.56828682e-01  4.56828682e-01  3.13281333e-09  1.57440825e-07  7.87074015e-08  3.10000000e-01 
 3.20000000e-01  3.26242855e-09  3.29800144e-09  4.56828689e-01  3.50332043e-09  4.56828689e-01  4.56828689e-01  3.13281333e-09  1.57440831e-07  7.87072523e-08  3.20000000e-01 
 3.30000000e-01  3.26242855e-09  3.29800144e-09  4.56828694e-01  3.50332037e-09  4.56828694e-01  4.56828694e-01  3.13281333e-09  1.57440843e-07  7.87072238e-08  3.30000000e-01 
 3.40000000e-01  3.26242855e-09  3.29800144e-09  4.56828685e-01  3.50332043e-09  4.56828685e-01  4.56828685e-01  3.13281333e-09  1.57440841e-07  7.87071990e-08  3.40000000e-01 
 3.50000000e-01  3.26242855e-09  3.29800144e-09  4.56828677e-01  3.50332043e-09  4.56828677e-01  4.56828677e-01  3.13281333e-09  1.57440823e-07  7.87070213e-08  3.50000000e-01 
 3.60000000e-01  3.26242855e-09  3.29800144e-09  4.56828692e-01  3.50332043e-09  4.56828692e-01  4.56828692e-01  3.13281333e-09  1.57440844e-07  7.87068153e-08  3.60000000e-01 
 3.70000000e-01  3.26242856e-09  3.29800144e-09  4.56828699e-01  3.50332043e-09  4.56828699e-01  4.56828699e-01  3.13281333e-09  1.57440847e-07  7.87068970e-08  3.70000000e-01 
 3.80000000e-01  3.26242855e-09  3.29800150e-09  4.56828691e-01  3.50332043e-09  4.56828691e-01  4.56828691e-01  3.13281333e-09  1.57440844e-07  7.87067904e-08  3.80000000e-01 
 3.90000000e-01  3.26242856e-09  3.29800144e-09  4.56828703e-01  3.50332043e-09  4.56828703e-01  4.56828703e-01  3.13281333e-09  1.57440846e-07  7.87066412e-08  3.90000000e-01 
 4.00000000e-01  3.26242861e-09  3.29800138e-09  4.56828691e-01  3.50332043e-09  4.56828691e-01  4.56828691e-01  3.13281333e-09  1.57440846e-07  7.87065915e-08  4.00000000e-01 
 4.10000000e-01  3.26242860e-09  3.29800140e-09  4.56828687e-01  3.50332043e-09  4.56828687e-01  4.56828687e-01  3.13281333e-09  1.57440834e-07  7.87064707e-08  4.10000000e-01 
 4.20000000e-01  3.26242855e-09  3.29800145e-09  4.56828691e-01  3.50332043e-09  4.56828691e-01  4.56828691e-01  3.13281333e-09  1.57440822e-07  7.87063605e-08  4.20000000e-01 
 4.30000000e-01  3.26242856e-09  3.29800144e-09  4.56828696e-01  3.50332043e-09  4.56828696e-01  4.56828696e-01  3.13281333e-09  1.57440855e-07  7.87063854e-08  4.30000000e-01 
 4.40000000e-01  3.26242855e-09  3.29800145e-09  4.56828687e-01  3.50332043e-09  4.56828687e-01  4.56828687e-01  3.13281333e-09  1.57440831e-07  7.87061722e-08  4.40000000e-01 
 4.50000000e-01  3.26242855e-09  3.29800143e-09  4.56828681e-01  3.50332043e-09  4.56828681e-01  4.56828681e-01  3.13281333e-09  1.57440820e-07  7.87061403e-08  4.50000000e-01 
 4.60000000e-01  3.26242855e-09  3.29800145e-09  4.56828691e-01  3.50332043e-09  4.56828691e-01  4.56828691e-01  3.13281333e-09  1.57440848e-07  7.87061403e-08  4.60000000e-01 
 4.70000000e-01  3.26242855e-09  3.29800143e-09  4.56828684e-01  3.50332043e-09  4.56828684e-01  4.56828684e-01  3.13281333e-09  1.57440825e-07  7.87060515e-08  4.70000000e-01 
 4.80000000e-01  3.26242855e-09  3.29800145e-09  4.56828681e-01  3.50332043e-09  4.56828681e-01  4.56828681e-01  3.13281333e-09  1.57440820e-07  7.87059307e-08  4.80000000e-01 
 4.90000000e-01  3.26242855e-09  3.29800144e-09  4.56828691e-01  3.50332037e-09  4.56828691e-01  4.56828691e-01  3.13281333e-09  1.57440833e-07  7.87057886e-08  4.90000000e-01 
 5.00000000e-01  3.26242855e-09  3.29800145e-09  4.56828671e-01  3.50332037e-09  4.56828672e-01  4.56828672e-01  3.13281333e-09  1.57440812e-07  7.87058383e-08  5.00000000e-01 
 5.10000000e-01  3.26242855e-09  3.29800143e-09  4.56828680e-01  3.50332043e-09  4.56828681e-01  4.56828680e-01  3.13281333e-09  1.57440827e-07  7.87057033e-08  5.10000000e-01 
 5.20000000e-01  3.26242855e-09  3.29800145e-09  4.56828671e-01  3.50332043e-09  4.56828671e-01  4.56828671e-01  3.13281333e-09  1.57440821e-07  7.87056784e-08  5.20000000e-01 
 5.30000000e-01  3.26242855e-09  3.29800144e-09  4.56828689e-01  3.50332043e-09  4.56828689e-01  4.56828689e-01  3.13281339e-09  1.57440840e-07  7.87055434e-08  5.30000000e-01 
 5.40000000e-01  3.26242856e-09  3.29800145e-09  4.56828698e-01  3.50332043e-09  4.56828699e-01  4.56828698e-01  3.13281337e-09  1.57440844e-07  7.87055718e-08  5.40000000e-01 
 5.50000000e-01  3.26242855e-09  3.29800144e-09  4.56828696e-01  3.50332043e-09  4.56828696e-01  4.56828696e-01  3.13281338e-09  1.57440851e-07  7.87055079e-08  5.50000000e-01 
 5.60000000e-01  3.26242855e-09  3.29800145e-09  4.56828682e-01  3.50332043e-09  4.56828682e-01  4.56828682e-01  3.13281332e-09  1.57440826e-07  7.87054262e-08  5.60000000e-01 
 5.70000000e-01  3.26242855e-09  3.29800144e-09  4.56828687e-01  3.50332043e-09  4.56828687e-01  4.56828687e-01  3.13281334e-09  1.57440835e-07  7.87052912e-08  5.70000000e-01 
 5.80000000e-01  3.26242855e-09  3.29800145e-09  4.56828678e-01  3.50332043e-09  4.56828678e-01  4.56828678e-01  3.13281333e-09  1.57440807e-07  7.87052059e-08  5.80000000e-01 
 5.90000000e-01  3.26242855e-09  3.29800144e-09  4.56828690e-01  3.50332043e-09  4.56828690e-01  4.56828690e-01  3.13281333e-09  1.57440836e-07  7.87052912e-08  5.90000000e-01 
 6.00000000e-01  3.26242855e-09  3.29800145e-09  4.56828687e-01  3.50332043e-09  4.56828687e-01  4.56828687e-01  3.13281333e-09  1.57440830e-07  7.87049999e-08  6.00000000e-01 
 6.10000000e-01  3.26242855e-09  3.29800143e-09  4.56828677e-01  3.50332043e-09  4.56828677e-01  4.56828677e-01  3.13281333e-09  1.57440819e-07  7.87049999e-08  6.10000000e-01 
 6.20000000e-01  3.26242855e-09  3.29800140e-09  4.56828681e-01  3.50332043e-09  4.56828681e-01  4.56828681e-01  3.13281333e-09  1.57440818e-07  7.87050070e-08  6.20000000e-01 
 6.30000000e-01  3.26242855e-09  3.29800139e-09  4.56828687e-01  3.50332043e-09  4.56828687e-01  4.56828687e-01  3.13281333e-09  1.57440826e-07  7.87049146e-08  6.30000000e-01 
 6.40000000e-01  3.26242855e-09  3.29800145e-09  4.56828690e-01  3.50332043e-09  4.56828691e-01  4.56828690e-01  3.13281333e-09  1.57440830e-07  7.87049430e-08  6.40000000e-01 
 6.50000000e-01  3.26242855e-09  3.29800149e-09  4.56828687e-01  3.50332043e-09  4.56828687e-01  4.56828687e-01  3.13281333e-09  1.57440827e-07  7.87047369e-08  6.50000000e-01 
 6.60000000e-01  3.26242855e-09  3.29800144e-09  4.56828690e-01  3.50332043e-09  4.56828690e-01  4.56828690e-01  3.13281333e-09  1.57440862e-07  7.87047369e-08  6.60000000e-01 
 6.70000000e-01  3.26242855e-09  3.29800144e-09  4.56828677e-01  3.50332043e-09  4.56828677e-01  4.56828677e-01  3.13281333e-09  1.57440819e-07  7.87045877e-08  6.70000000e-01 
 6.80000000e-01  3.26242855e-09  3.29800144e-09  4.56828675e-01  3.50332043e-09  4.56828675e-01  4.56828675e-01  3.13281333e-09  1.57440810e-07  7.87046091e-08  6.80000000e-01 
 6.90000000e-01  3.26242855e-09  3.29800144e-09  4.56828682e-01  3.50332043e-09  4.56828682e-01  4.56828682e-01  3.13281339e-09  1.57440824e-07  7.87046162e-08  6.90000000e-01 
 7.00000000e-01  3.26242855e-09  3.29800144e-09  4.56828687e-01  3.50332043e-09  4.56828687e-01  4.56828687e-01  3.13281332e-09  1.57440834e-07  7.87045451e-08  7.00000000e-01 
 7.10000000e-01  3.26242855e-09  3.29800144e-09  4.56828671e-01  3.50332043e-09  4.56828671e-01  4.56828671e-01  3.13281333e-09  1.57440802e-07  7.87042751e-08  7.10000000e-01 
 7.20000000e-01  3.26242856e-09  3.29800144e-09  4.56828711e-01  3.50332043e-09  4.56828711e-01  4.56828711e-01  3.13281333e-09  1.57440853e-07  7.87043106e-08  7.20000000e-01 
 7.30000000e-01  3.26242856e-09  3.29800144e-09  4.56828701e-01  3.50332043e-09  4.56828701e-01  4.56828701e-01  3.13281333e-09  1.57440853e-07  7.87041827e-08  7.30000000e-01 
 7.40000000e-01  3.26242855e-09  3.29800144e-09  4.56828683e-01  3.50332037e-09  4.56828683e-01  4.56828683e-01  3.13281333e-09  1.57440831e-07  7.87042040e-08  7.40000000e-01 
 7.50000000e-01  3.26242856e-09  3.29800144e-09  4.56828705e-01  3.50332043e-09  4.56828705e-01  4.56828705e-01  3.13281333e-09  1.57440862e-07  7.87042538e-08  7.50000000e-01 
 7.60000000e-01  3.26242855e-09  3.29800144e-09  4.56828696e-01  3.50332043e-09  4.56828696e-01  4.56828696e-01  3.13281333e-09  1.57440846e-07  7.87040193e-08  7.60000000e-01 
 7.70000000e-01  3.26242856e-09  3.29800144e-09  4.56828707e-01  3.50332043e-09  4.56828707e-01  4.56828707e-01  3.13281333e-09  1.57440862e-07  7.87040761e-08  7.70000000e-01 
 7.80000000e-01  3.26242855e-09  3.29800144e-09  4.56828679e-01  3.50332043e-09  4.56828679e-01  4.56828679e-01  3.13281339e-09  1.57440823e-07  7.87039482e-08  7.80000000e-01 
 7.90000000e-01  3.26242855e-09  3.29800144e-09  4.56828665e-01  3.50332043e-09  4.56828665e-01  4.56828665e-01  3.13281332e-09  1.57440792e-07  7.87038701e-08  7.90000000e-01 
 8.00000000e-01  3.26242855e-09  3.29800144e-09  4.56828664e-01  3.50332043e-09  4.56828664e-01  4.56828664e-01  3.13281333e-09  1.57440792e-07  7.87036853e-08  8.00000000e-01 
 8.10000000e-01  3.26242855e-09  3.29800144e-09  4.56828693e-01  3.50332043e-09  4.56828693e-01  4.56828693e-01  3.13281333e-09  1.57440836e-07  7.87035859e-08  8.10000000e-01 
 8.20000000e-01  3.26242855e-09  3.29800144e-09  4.56828684e-01  3.50332043e-09  4.56828684e-01  4.56828684e-01  3.13281333e-09  1.57440840e-07  7.87037280e-08  8.20000000e-01 
 8.30000000e-01  3.26242855e-09  3.29800144e-09  4.56828674e-01  3.50332043e-09  4.56828674e-01  4.56828674e-01  3.13281333e-09  1.57440813e-07  7.87034438e-08  8.30000000e-01 
 8.40000000e-01  3.26242855e-09  3.29800144e-09  4.56828691e-01  3.50332043e-09  4.56828691e-01  4.56828691e-01  3.13281333e-09  1.57440840e-07  7.87035219e-08  8.40000000e-01 
 8.50000000e-01  3.26242855e-09  3.29800144e-09  4.56828678e-01  3.50332043e-09  4.56828678e-01  4.56828678e-01  3.13281333e-09  1.57440822e-07  7.87034935e-08  8.50000000e-01 
 8.60000000e-01  3.26242855e-09  3.29800144e-09  4.56828697e-01  3.50332043e-09  4.56828697e-01  4.56828697e-01  3.13281333e-09  1.57440846e-07  7.87034509e-08  8.60000000e-01 
 8.70000000e-01  3.26242855e-09  3.29800144e-09  4.56828690e-01  3.50332043e-09  4.56828690e-01  4.56828690e-01  3.13281333e-09  1.57440829e-07  7.87033869e-08  8.70000000e-01 
 8.80000000e-01  3.26242855e-09  3.29800144e-09  4.56828682e-01  3.50332043e-09  4.56828682e-01  4.56828682e-01  3.13281333e-09  1.57440821e-07  7.87033656e-08  8.80000000e-01 
 8.90000000e-01  3.26242856e-09  3.29800144e-09  4.56828702e-01  3.50332043e-09  4.56828702e-01  4.56828702e-01  3.13281333e-09  1.57440851e-07  7.87032093e-08  8.90000000e-01 
 9.00000000e-01  3.26242855e-09  3.29800144e-09  4.56828683e-01  3.50332043e-09  4.56828683e-01  4.56828683e-01  3.13281333e-09  1.57440828e-07  7.87030814e-08  9.00000000e-01 
 9.10000000e-01  3.26242855e-09  3.29800144e-09  4.56828682e-01  3.50332043e-09  4.56828682e-01  4.56828682e-01  3.13281333e-09  1.57440827e-07  7.87030316e-08  9.10000000e-01 
 9.20000000e-01  3.26242855e-09  3.29800144e-09  4.56828682e-01  3.50332043e-09  4.56828682e-01  4.56828682e-01  3.13281333e-09  1.57440838e-07  7.87030388e-08  9.20000000e-01 
 9.30000000e-01  3.26242855e-09  3.29800144e-09  4.56828685e-01  3.50332043e-09  4.56828685e-01  4.56828685e-01  3.13281339e-09  1.57440826e-07  7.87029322e-08  9.30000000e-01 
 9.40000000e-01  3.26242856e-09  3.29800144e-09  4.56828700e-01  3.50332043e-09  4.56828700e-01  4.56828700e-01  3.13281337e-09  1.57440851e-07  7.87029037e-08  9.40000000e-01 
 9.50000000e-01  3.26242855e-09  3.29800144e-09  4.56828677e-01  3.50332043e-09  4.56828677e-01  4.56828677e-01  3.13281338e-09  1.57440816e-07  7.87026693e-08  9.50000000e-01 
 9.60000000e-01  3.26242855e-09  3.29800144e-09  4.56828678e-01  3.50332043e-09  4.56828678e-01  4.56828678e-01  3.13281332e-09  1.57440823e-07  7.87026551e-08  9.60000000e-01 
 9.70000000e-01  3.26242855e-09  3.29800144e-09  4.56828683e-01  3.50332037e-09  4.56828683e-01  4.56828683e-01  3.13281333e-09  1.57440825e-07  7.87025911e-08  9.70000000e-01 
 9.80000000e-01  3.26242856e-09  3.29800144e-09  4.56828699e-01  3.50332043e-09  4.56828699e-01  4.56828699e-01  3.13281333e-09  1.57440845e-07  7.87025840e-08  9.80000000e-01 
 9.90000000e-01  3.26242855e-09  3.29800144e-09  4.56828673e-01  3.50332043e-09  4.56828673e-01  4.56828673e-01  3.13281333e-09  1.57440812e-07  7.87025058e-08  9.90000000e-01 
 1.00000000e+00  3.26242855e-09  3.29800144e-09  4.56828691e-01  3.50332043e-09  4.56828691e-01  4.56828691e-01  3.13281333e-09  1.57440839e-07  7.87023424e-08  1.00000000e+00 
 1.01000000e+00  3.26242856e-09  3.29800144e-09  4.56828703e-01  3.50332043e-09  4.56828703e-01  4.56828703e-01  3.13281339e-09  1.57440845e-07  7.87023282e-08  1.01000000e+00 
 1.02000000e+00  3.26242855e-09  3.29800144e-09  4.56828676e-01  3.50332043e-09  4.56828676e-01  4.56828676e-01  3.13281337e-09  1.57440826e-07  7.87021435e-08  1.02000000e+00 
 1.03000000e+00  3.26242861e-09  3.29800150e-09  4.56828678e-01  3.50332043e-09  4.56828678e-01  4.56828678e-01  3.13281338e-09  1.57440817e-07  7.87020724e-08  1.03000000e+00 
 1.04000000e+00  3.26242854e-09  3.29800144e-09  4.56828679e-01  3.50332043e-09  4.56828679e-01  4.56828679e-01  3.13281332e-09  1.57440819e-07  7.87021222e-08  1.04000000e+00 
 1.05000000e+00  3.26242856e-09  3.29800144e-09  4.56828692e-01  3.50332043e-09  4.56828692e-01  4.56828692e-01  3.13281334e-09  1.57440821e-07  7.87019658e-08  1.05000000e+00 
 1.06000000e+00  3.26242856e-09  3.29800144e-09  4.56828699e-01  3.50332043e-09  4.56828699e-01  4.56828699e-01  3.13281339e-09  1.57440838e-07  7.87020227e-08  1.06000000e+00 
 1.07000000e+00  3.26242856e-09  3.29800144e-09  4.56828705e-01  3.50332043e-09  4.56828705e-01  4.56828705e-01  3.13281332e-09  1.57440862e-07  7.87019587e-08  1.07000000e+00 
 1.08000000e+00  3.26242855e-09  3.29800144e-09  4.56828683e-01  3.50332043e-09  4.56828683e-01  4.56828683e-01  3.13281333e-09  1.57440830e-07  7.87017740e-08  1.08000000e+00 
 1.09000000e+00  3.26242855e-09  3.29800144e-09  4.56828682e-01  3.50332043e-09  4.56828682e-01  4.56828682e-01  3.13281333e-09  1.57440830e-07  7.87017598e-08  1.09000000e+00 
 1.10000000e+00  3.26242855e-09  3.29800144e-09  4.56828681e-01  3.50332043e-09  4.56828681e-01  4.56828681e-01  3.13281339e-09  1.57440823e-07  7.87016319e-08  1.10000000e+00 
 1.11000000e+00  3.26242856e-09  3.29800144e-09  4.56828702e-01  3.50332043e-09  4.56828702e-01  4.56828702e-01  3.13281337e-09  1.57440854e-07  7.87015040e-08  1.11000000e+00 
 1.12000000e+00  3.26242855e-09  3.29800150e-09  4.56828688e-01  3.50332043e-09  4.56828688e-01  4.56828688e-01  3.13281332e-09  1.57440844e-07  7.87014685e-08  1.12000000e+00 
 1.13000000e+00  3.26242855e-09  3.29800144e-09  4.56828690e-01  3.50332043e-09  4.56828690e-01  4.56828690e-01  3.13281334e-09  1.57440836e-07  7.87013690e-08  1.13000000e+00 
 1.14000000e+00  3.26242855e-09  3.29800144e-09  4.56828684e-01  3.50332043e-09  4.56828684e-01  4.56828684e-01  3.13281333e-09  1.57440830e-07  7.87013548e-08  1.14000000e+00 
 1.15000000e+00  3.26242856e-09  3.29800144e-09  4.56828709e-01  3.50332043e-09  4.56828709e-01  4.56828709e-01  3.13281333e-09  1.57440859e-07  7.87013335e-08  1.15000000e+00 
 1.16000000e+00  3.26242855e-09  3.29800144e-09  4.56828652e-01  3.50332043e-09  4.56828652e-01  4.56828652e-01  3.13281333e-09  1.57440785e-07  7.87010350e-08  1.16000000e+00 
 1.17000000e+00  3.26242855e-09  3.29800145e-09  4.56828676e-01  3.50332043e-09  4.56828676e-01  4.56828676e-01  3.13281333e-09  1.57440818e-07  7.87010492e-08  1.17000000e+00 
 1.18000000e+00  3.26242855e-09  3.29800143e-09  4.56828678e-01  3.50332043e-09  4.56828678e-01  4.56828678e-01  3.13281333e-09  1.57440820e-07  7.87009640e-08  1.18000000e+00 
 1.19000000e+00  3.26242855e-09  3.29800145e-09  4.56828683e-01  3.50332043e-09  4.56828683e-01  4.56828683e-01  3.13281333e-09  1.57440829e-07  7.87008929e-08  1.19000000e+00 
 1.20000000e+00  3.26242855e-09  3.29800143e-09  4.56828682e-01  3.50332037e-09  4.56828682e-01  4.56828682e-01  3.13281333e-09  1.57440824e-07  7.87008076e-08  1.20000000e+00 
 1.21000000e+00  3.26242855e-09  3.29800145e-09  4.56828694e-01  3.50332037e-09  4.56828694e-01  4.56828694e-01  3.13281333e-09  1.57440836e-07  7.87007366e-08  1.21000000e+00 
 1.22000000e+00  3.26242855e-09  3.29800144e-09  4.56828696e-01  3.50332043e-09  4.56828696e-01  4.56828696e-01  3.13281339e-09  1.57440852e-07  7.87007934e-08  1.22000000e+00 
 1.23000000e+00  3.26242861e-09  3.29800145e-09  4.56828697e-01  3.50332043e-09  4.56828697e-01  4.56828697e-01  3.13281332e-09  1.57440844e-07  7.87005661e-08  1.23000000e+00 
 1.24000000e+00  3.26242854e-09  3.29800143e-09  4.56828663e-01  3.50332043e-09  4.56828663e-01  4.56828663e-01  3.13281333e-09  1.57440805e-07  7.87004808e-08  1.24000000e+00 
 1.25000000e+00  3.26242856e-09  3.29800140e-09  4.56828695e-01  3.50332043e-09  4.56828696e-01  4.56828695e-01  3.13281333e-09  1.57440833e-07  7.87005092e-08  1.25000000e+00 
 1.26000000e+00  3.26242855e-09  3.29800145e-09  4.56828672e-01  3.50332043e-09  4.56828672e-01  4.56828672e-01  3.13281333e-09  1.57440815e-07  7.87002676e-08  1.26000000e+00 
 1.27000000e+00  3.26242856e-09  3.29800149e-09  4.56828702e-01  3.50332043e-09  4.56828702e-01  4.56828702e-01  3.13281333e-09  1.57440851e-07  7.87001966e-08  1.27000000e+00 
 1.28000000e+00  3.26242855e-09  3.29800144e-09  4.56828693e-01  3.50332037e-09  4.56828693e-01  4.56828693e-01  3.13281339e-09  1.57440838e-07  7.87000971e-08  1.28000000e+00 
 1.29000000e+00  3.26242861e-09  3.29800144e-09  4.56828701e-01  3.50332043e-09  4.56828701e-01  4.56828701e-01  3.13281332e-09  1.57440849e-07  7.86999550e-08  1.29000000e+00 
 1.30000000e+00  3.26242854e-09  3.29800144e-09  4.56828664e-01  3.50332043e-09  4.56828664e-01  4.56828664e-01  3.13281333e-09  1.57440797e-07  7.86998839e-08  1.30000000e+00 
 1.31000000e+00  3.26242856e-09  3.29800144e-09  4.56828691e-01  3.50332043e-09  4.56828692e-01  4.56828691e-01  3.13281333e-09  1.57440836e-07  7.86999408e-08  1.31000000e+00 
 1.32000000e+00  3.26242855e-09  3.29800144e-09  4.56828688e-01  3.50332043e-09  4.56828688e-01  4.56828688e-01  3.13281333e-09  1.57440830e-07  7.86996566e-08  1.32000000e+00 
 1.33000000e+00  3.26242856e-09  3.29800144e-09  4.56828703e-01  3.50332043e-09  4.56828703e-01  4.56828703e-01  3.13281333e-09  1.57440854e-07  7.86997987e-08  1.33000000e+00 
 1.34000000e+00  3.26242855e-09  3.29800144e-09  4.56828681e-01  3.50332043e-09  4.56828681e-01  4.56828681e-01  3.13281339e-09  1.57440813e-07  7.86995713e-08  1.34000000e+00 
 1.35000000e+00  3.26242855e-09  3.29800144e-09  4.56828691e-01  3.50332043e-09  4.56828692e-01  4.56828692e-01  3.13281332e-09  1.57440841e-07  7.86993013e-08  1.35000000e+00 
 1.36000000e+00  3.26242855e-09  3.29800144e-09  4.56828672e-01  3.50332043e-09  4.56828673e-01  4.56828672e-01  3.13281333e-09  1.57440798e-07  7.86992587e-08  1.36000000e+00 
 1.37000000e+00  3.26242855e-09  3.29800144e-09  4.56828686e-01  3.50332043e-09  4.56828686e-01  4.56828686e-01  3.13281333e-09  1.57440822e-07  7.86992729e-08  1.37000000e+00 
 1.38000000e+00  3.26242855e-09  3.29800144e-09  4.56828666e-01  3.50332043e-09  4.56828666e-01  4.56828666e-01  3.13281333e-09  1.57440803e-07  7.86990313e-08  1.38000000e+00 
 1.39000000e+00  3.26242855e-09  3.29800144e-09  4.56828695e-01  3.50332043e-09  4.56828695e-01  4.56828695e-01  3.13281333e-09  1.57440849e-07  7.86989887e-08  1.39000000e+00 
 1.40000000e+00  3.26242855e-09  3.29800144e-09  4.56828681e-01  3.50332043e-09  4.56828681e-01  4.56828681e-01  3.13281333e-09  1.57440841e-07  7.86987613e-08  1.40000000e+00 
 1.41000000e+00  3.26242856e-09  3.29800144e-09  4.56828715e-01  3.50332043e-09  4.56828715e-01  4.56828715e-01  3.13281339e-09  1.57440863e-07  7.86986902e-08  1.41000000e+00 
 1.42000000e+00  3.26242855e-09  3.29800144e-09  4.56828679e-01  3.50332043e-09  4.56828680e-01  4.56828679e-01  3.13281332e-09  1.57440832e-07  7.86985197e-08  1.42000000e+00 
 1.43000000e+00  3.26242855e-09  3.29800144e-09  4.56828678e-01  3.50332043e-09  4.56828678e-01  4.56828678e-01  3.13281333e-09  1.57440806e-07  7.86982071e-08  1.43000000e+00 
 1.44000000e+00  3.26242855e-09  3.29800144e-09  4.56828689e-01  3.50332043e-09  4.56828689e-01  4.56828689e-01  3.13281333e-09  1.57440847e-07  7.86981218e-08  1.44000000e+00 
 1.45000000e+00  3.26242855e-09  3.29800144e-09  4.56828691e-01  3.50332043e-09  4.56828691e-01  4.56828691e-01  3.13281339e-09  1.57440835e-07  7.86979228e-08  1.45000000e+00 
 1.46000000e+00  3.26242855e-09  3.29800144e-09  4.56828686e-01  3.50332043e-09  4.56828686e-01  4.56828686e-01  3.13281332e-09  1.57440818e-07  7.86976102e-08  1.46000000e+00 
 1.47000000e+00  3.26242855e-09  3.29800144e-09  4.56828679e-01  3.50332043e-09  4.56828679e-01  4.56828679e-01  3.13281333e-09  1.57440824e-07  7.86973970e-08  1.47000000e+00 
 1.48000000e+00  3.26242855e-09  3.29800144e-09  4.56828682e-01  3.50332043e-09  4.56828682e-01  4.56828682e-01  3.13281333e-09  1.57440834e-07  7.86970986e-08  1.48000000e+00 
 1.49000000e+00  3.26242861e-09  3.29800144e-09  4.56828684e-01  3.50332043e-09  4.56828684e-01  4.56828684e-01  3.13281333e-09  1.57440828e-07  7.86968570e-08  1.49000000e+00 
 1.50000000e+00  3.26242854e-09  3.29800144e-09  4.56828681e-01  3.50332043e-09  4.56828681e-01  4.56828681e-01  3.13281333e-09  1.57440815e-07  7.86963454e-08  1.50000000e+00 
 1.51000000e+00  3.26242856e-09  3.29800144e-09  4.56828690e-01  3.50332043e-09  4.56828690e-01  4.56828690e-01  3.13281333e-09  1.57440841e-07  7.86957202e-08  1.51000000e+00 
 1.52000000e+00  3.26242856e-09  3.29800144e-09  4.56828697e-01  3.50332043e-09  4.56828697e-01  4.56828697e-01  3.13281333e-09  1.57440845e-07  7.86952370e-08  1.52000000e+00 
 1.53000000e+00  3.26242855e-09  3.29800144e-09  4.56828678e-01  3.50332043e-09  4.56828678e-01  4.56828678e-01  3.13281333e-09  1.57440821e-07  7.86942849e-08  1.53000000e+00 
 1.54000000e+00  3.26242856e-09  3.29800144e-09  4.56828705e-01  3.50332043e-09  4.56828705e-01  4.56828705e-01  3.13281333e-09  1.57440861e-07  7.86931764e-08  1.54000000e+00 
 1.55000000e+00  3.26242855e-09  3.29800144e-09  4.56828687e-01  3.50332043e-09  4.56828687e-01  4.56828687e-01  3.13281333e-09  1.57440835e-07  7.86914285e-08  1.55000000e+00 
 1.56000000e+00  3.26242855e-09  3.29800144e-09  4.56828682e-01  3.50332043e-09  4.56828682e-01  4.56828682e-01  3.13281333e-09  1.57440831e-07  7.86891263e-08  1.56000000e+00 
 1.57000000e+00  3.26242855e-09  3.29800144e-09  4.56828686e-01  3.50332043e-09  4.56828686e-01  4.56828686e-01  3.13281333e-09  1.57440837e-07  7.86854173e-08  1.57000000e+00 
 1.58000000e+00  3.26242855e-09  3.29800144e-09  4.56828694e-01  3.50332043e-09  4.56828694e-01  4.56828694e-01  3.13281333e-09  1.57440843e-07  7.86793777e-08  1.58000000e+00 
 1.59000000e+00  3.26242861e-09  3.29800144e-09  4.56828690e-01  3.50332043e-09  4.56828690e-01  4.56828690e-01  3.13281339e-09  1.57440843e-07  7.86690038e-08  1.59000000e+00 
 1.60000000e+00  3.26242854e-09  3.29800144e-09  4.56828675e-01  3.50332043e-09  4.56828676e-01  4.56828675e-01  3.13281332e-09  1.57440818e-07  7.86503449e-08  1.60000000e+00 
 1.61000000e+00  3.26242856e-09  3.29800144e-09  4.56828687e-01  3.50332043e-09  4.56828687e-01  4.56828687e-01  3.13281334e-09  1.57440834e-07  7.86161962e-08  1.61000000e+00 
 1.62000000e+00  3.26242855e-09  3.29800144e-09  4.56828680e-01  3.50332043e-09  4.56828680e-01  4.56828680e-01  3.13281333e-09  1.57440823e-07  7.85487941e-08  1.62000000e+00 
 1.63000000e+00  3.26242855e-09  3.29800144e-09  4.56828684e-01  3.50332043e-09  4.56828684e-01  4.56828684e-01  3.13281333e-09  1.57440826e-07  7.83890499e-08  1.63000000e+00 
 1.64000000e+00  3.26242855e-09  3.29800144e-09  4.56828678e-01  3.50332043e-09  4.56828678e-01  4.56828678e-01  3.13281333e-09  1.57440827e-07  7.77019267e-08  1.64000000e+00 
 1.65000000e+00  3.26242855e-09  3.29800144e-09  4.56828680e-01  3.50332043e-09  4.56828680e-01  4.56828680e-01  3.13281333e-09  1.57440823e-07  7.61493055e-08  1.65000000e+00 
 1.66000000e+00  3.26242855e-09  3.29800144e-09  4.56828693e-01  3.50332043e-09  4.56828693e-01  4.56828693e-01  3.13281333e-09  1.57440841e-07  6.43321982e-08  1.66000000e+00 
 1.67000000e+00  3.26242855e-09  3.29800144e-09  4.56828690e-01  3.50332043e-09  4.56828690e-01  4.56828690e-01  3.13281339e-09  1.57440852e-07  5.17823935e-08  1.67000000e+00 
 1.68000000e+00  3.26242856e-09  3.29800144e-09  4.56828707e-01  3.50332043e-09  4.56828707e-01  4.56828707e-01  3.13281333e-09  1.57440862e-07  4.13324983e-08  1.68000000e+00 
 1.69000000e+00  3.26242855e-09  3.29800144e-09  4.56828678e-01  3.50332043e-09  4.56828678e-01  4.56828678e-01  3.13281333e-09  1.57440827e-07  3.26964198e-08  1.69000000e+00 
 1.70000000e+00  3.26242855e-09  3.29800144e-09  4.56828682e-01  3.50332043e-09  4.56828682e-01  4.56828682e-01  3.13281333e-09  1.57440822e-07  2.55994479e-08  1.70000000e+00 
 1.71000000e+00  3.26242855e-09  3.29800144e-09  4.56828690e-01  3.50332043e-09  4.56828690e-01  4.56828690e-01  3.13281333e-09  1.57440837e-07  1.97915142e-08  1.71000000e+00 
 1.72000000e+00  3.26242855e-09  3.29800144e-09  4.56828674e-01  3.50332043e-09  4.56828674e-01  4.56828674e-01  3.13281333e-09  1.57440815e-07  1.50524784e-08  1.72000000e+00 
 1.73000000e+00  3.26242855e-09  3.29800144e-09  4.56828684e-01  3.50332043e-09  4.56828684e-01  4.56828684e-01  3.13281333e-09  1.57440836e-07  1.11928102e-08  1.73000000e+00 
 1.74000000e+00  3.26242855e-09  3.29800144e-09  4.56828688e-01  3.50332043e-09  4.56828688e-01  4.56828688e-01  3.13281333e-09  1.57440837e-07  8.04861600e-09  1.74000000e+00 
 1.75000000e+00  3.26242855e-09  3.29800144e-09  4.56828684e-01  3.50332043e-09  4.56828684e-01  4.56828684e-01  3.13281333e-09  1.57440825e-07  5.47737500e-09  1.75000000e+00 
 1.76000000e+00  3.26242855e-09  3.29800144e-09  4.56828683e-01  3.50332043e-09  4.56828683e-01  4.56828683e-01  3.13281333e-09  1.57440831e-07  3.35779760e-09  1.76000000e+00 
 1.77000000e+00  3.26242855e-09  3.29800144e-09  4.56828697e-01  3.50332043e-09  4.56828697e-01  4.56828697e-01  3.13281333e-09  1.57440856e-07  1.59433000e-09  1.77000000e+00 
 1.78000000e+00  3.26242855e-09  3.29800144e-09  4.56828652e-01  3.50332043e-09  4.56828652e-01  4.56828652e-01  3.13281333e-09  1.57440776e-07  1.27798216e-10  1.78000000e+00 
 1.79000000e+00  3.26242855e-09  3.29800145e-09  4.56828696e-01  3.50332043e-09  4.56828697e-01  4.56828697e-01  3.13281333e-09  1.57440843e-07 -1.06174980e-09  1.79000000e+00 
 1.80000000e+00  3.26242855e-09  3.29800143e-09  4.56828681e-01  3.50332043e-09  4.56828681e-01  4.56828681e-01  3.13281333e-09  1.57440822e-07 -1.97572092e-09  1.80000000e+00 
