 v-sweep         v(b0)           v(b1)           v(b2)           v(b3)           v(b4)           v(b5)           v(b6)           i(vbias)        i(viout)        v(vout)        
 0.00000000e+00  3.43529108e-09  4.59226972e-01  4.59226972e-01  4.59226972e-01  3.25783389e-09  3.34238943e-09  3.42932601e-09  1.62447723e-07  2.04934076e-08  0.00000000e+00 
 1.00000000e-02  3.43529111e-09  4.59226993e-01  4.59226993e-01  4.59226994e-01  3.25783392e-09  3.34238940e-09  3.42932604e-09  1.62447775e-07  2.04930537e-08  1.00000000e-02 
 2.00000000e-02  3.43529111e-09  4.59226972e-01  4.59226972e-01  4.59226972e-01  3.25783392e-09  3.34238940e-09  3.42932598e-09  1.62447729e-07  2.04927495e-08  2.00000000e-02 
 3.00000000e-02  3.43529105e-09  4.59226980e-01  4.59226980e-01  4.59226980e-01  3.25783392e-09  3.34238940e-09  3.42932604e-09  1.62447736e-07  2.04923531e-08  3.00000000e-02 
 4.00000000e-02  3.43529112e-09  4.59226982e-01  4.59226982e-01  4.59226982e-01  3.25783392e-09  3.34238940e-09  3.42932598e-09  1.62447744e-07  2.04920276e-08  4.00000000e-02 
 5.00000000e-02  3.43529110e-09  4.59226983e-01  4.59226982e-01  4.59226983e-01  3.25783392e-09  3.34238940e-09  3.42932598e-09  1.62447754e-07  2.04917034e-08  5.00000000e-02 
 6.00000000e-02  3.43529111e-09  4.59226987e-01  4.59226987e-01  4.59226988e-01  3.25783392e-09  3.34238940e-09  3.42932598e-09  1.62447764e-07  2.04913286e-08  6.00000000e-02 
 7.00000000e-02  3.43529111e-09  4.59226967e-01  4.59226967e-01  4.59226968e-01  3.25783392e-09  3.34238940e-09  3.42932604e-09  1.62447721e-07  2.04910462e-08  7.00000000e-02 
 8.00000000e-02  3.43529105e-09  4.59226975e-01  4.59226975e-01  4.59226975e-01  3.25783392e-09  3.34238946e-09  3.42932604e-09  1.62447753e-07  2.04907229e-08  8.00000000e-02 
 9.00000000e-02  3.43529106e-09  4.59226959e-01  4.59226959e-01  4.59226959e-01  3.25783392e-09  3.34238940e-09  3.42932598e-09  1.62447715e-07  2.04905559e-08  9.00000000e-02 
 1.00000000e-01  3.43529111e-09  4.59226987e-01  4.59226987e-01  4.59226987e-01  3.25783392e-09  3.34238940e-09  3.42932604e-09  1.62447761e-07  2.04902300e-08  1.00000000e-01 
 1.10000000e-01  3.43529104e-09  4.59226980e-01  4.59226980e-01  4.59226980e-01  3.25783392e-09  3.34238940e-09  3.42932598e-09  1.62447739e-07  2.04899084e-08  1.10000000e-01 
 1.20000000e-01  3.43529106e-09  4.59226971e-01  4.59226971e-01  4.59226971e-01  3.25783392e-09  3.34238940e-09  3.42932598e-09  1.62447729e-07  2.04897628e-08  1.20000000e-01 
 1.30000000e-01  3.43529105e-09  4.59226962e-01  4.59226962e-01  4.59226962e-01  3.25783392e-09  3.34238940e-09  3.42932604e-09  1.62447721e-07  2.04895674e-08  1.30000000e-01 
 1.40000000e-01  3.43529111e-09  4.59226952e-01  4.59226951e-01  4.59226952e-01  3.25783392e-09  3.34238945e-09  3.42932604e-09  1.62447715e-07  2.04893631e-08  1.40000000e-01 
 1.50000000e-01  3.43529110e-09  4.59226981e-01  4.59226981e-01  4.59226981e-01  3.25783392e-09  3.34238940e-09  3.42932604e-09  1.62447749e-07  2.04891517e-08  1.50000000e-01 
 1.60000000e-01  3.43529111e-09  4.59226967e-01  4.59226966e-01  4.59226967e-01  3.25783386e-09  3.34238940e-09  3.42932598e-09  1.62447724e-07  2.04889581e-08  1.60000000e-01 
 1.70000000e-01  3.43529111e-09  4.59226968e-01  4.59226968e-01  4.59226968e-01  3.25783392e-09  3.34238940e-09  3.42932604e-09  1.62447734e-07  2.04887165e-08  1.70000000e-01 
 1.80000000e-01  3.43529111e-09  4.59226972e-01  4.59226972e-01  4.59226973e-01  3.25783392e-09  3.34238940e-09  3.42932598e-09  1.62447743e-07  2.04884945e-08  1.80000000e-01 
 1.90000000e-01  3.43529105e-09  4.59226987e-01  4.59226987e-01  4.59226988e-01  3.25783386e-09  3.34238940e-09  3.42932598e-09  1.62447773e-07  2.04882991e-08  1.90000000e-01 
 2.00000000e-01  3.43529106e-09  4.59226986e-01  4.59226986e-01  4.59226987e-01  3.25783392e-09  3.34238940e-09  3.42932598e-09  1.62447746e-07  2.04882848e-08  2.00000000e-01 
 2.10000000e-01  3.43529111e-09  4.59226974e-01  4.59226974e-01  4.59226974e-01  3.25783392e-09  3.34238940e-09  3.42932604e-09  1.62447736e-07  2.04881729e-08  2.10000000e-01 
 2.20000000e-01  3.43529110e-09  4.59226990e-01  4.59226990e-01  4.59226990e-01  3.25783392e-09  3.34238946e-09  3.42932598e-09  1.62447755e-07  2.04880060e-08  2.20000000e-01 
 2.30000000e-01  3.43529111e-09  4.59226992e-01  4.59226992e-01  4.59226992e-01  3.25783392e-09  3.34238940e-09  3.42932598e-09  1.62447759e-07  2.04878070e-08  2.30000000e-01 
 2.40000000e-01  3.43529111e-09  4.59226970e-01  4.59226970e-01  4.59226971e-01  3.25783392e-09  3.34238940e-09  3.42932598e-09  1.62447732e-07  2.04876045e-08  2.40000000e-01 
 2.50000000e-01  3.43529105e-09  4.59226977e-01  4.59226977e-01  4.59226978e-01  3.25783392e-09  3.34238940e-09  3.42932598e-09  1.62447745e-07  2.04876240e-08  2.50000000e-01 
 2.60000000e-01  3.43529106e-09  4.59226988e-01  4.59226988e-01  4.59226988e-01  3.25783392e-09  3.34238940e-09  3.42932598e-09  1.62447766e-07  2.04874659e-08  2.60000000e-01 
 2.70000000e-01  3.43529111e-09  4.59226975e-01  4.59226975e-01  4.59226975e-01  3.25783392e-09  3.34238940e-09  3.42932598e-09  1.62447736e-07  2.04873203e-08  2.70000000e-01 
 2.80000000e-01  3.43529110e-09  4.59226988e-01  4.59226988e-01  4.59226989e-01  3.25783392e-09  3.34238940e-09  3.42932598e-09  1.62447753e-07  2.04871853e-08  2.80000000e-01 
 2.90000000e-01  3.43529111e-09  4.59226969e-01  4.59226969e-01  4.59226970e-01  3.25783392e-09  3.34238940e-09  3.42932604e-09  1.62447735e-07  2.04871178e-08  2.90000000e-01 
 3.00000000e-01  3.43529111e-09  4.59226960e-01  4.59226960e-01  4.59226960e-01  3.25783392e-09  3.34238940e-09  3.42932598e-09  1.62447709e-07  2.04871107e-08  3.00000000e-01 
 3.10000000e-01  3.43529111e-09  4.59226962e-01  4.59226962e-01  4.59226962e-01  3.25783392e-09  3.34238940e-09  3.42932604e-09  1.62447714e-07  2.04868371e-08  3.10000000e-01 
 3.20000000e-01  3.43529105e-09  4.59226982e-01  4.59226982e-01  4.59226982e-01  3.25783392e-09  3.34238940e-09  3.42932598e-09  1.62447744e-07  2.04869117e-08  3.20000000e-01 
 3.30000000e-01  3.43529112e-09  4.59226973e-01  4.59226973e-01  4.59226973e-01  3.25783392e-09  3.34238940e-09  3.42932604e-09  1.62447753e-07  2.04867519e-08  3.30000000e-01 
 3.40000000e-01  3.43529110e-09  4.59226971e-01  4.59226971e-01  4.59226972e-01  3.25783392e-09  3.34238940e-09  3.42932604e-09  1.62447732e-07  2.04867661e-08  3.40000000e-01 
 3.50000000e-01  3.43529111e-09  4.59226980e-01  4.59226980e-01  4.59226981e-01  3.25783392e-09  3.34238940e-09  3.42932598e-09  1.62447739e-07  2.04865067e-08  3.50000000e-01 
 3.60000000e-01  3.43529111e-09  4.59226974e-01  4.59226974e-01  4.59226974e-01  3.25783392e-09  3.34238940e-09  3.42932598e-09  1.62447739e-07  2.04866204e-08  3.60000000e-01 
 3.70000000e-01  3.43529111e-09  4.59226971e-01  4.59226971e-01  4.59226971e-01  3.25783392e-09  3.34238940e-09  3.42932598e-09  1.62447731e-07  2.04863682e-08  3.70000000e-01 
 3.80000000e-01  3.43529111e-09  4.59226972e-01  4.59226972e-01  4.59226973e-01  3.25783392e-09  3.34238940e-09  3.42932598e-09  1.62447729e-07  2.04863433e-08  3.80000000e-01 
 3.90000000e-01  3.43529111e-09  4.59226966e-01  4.59226966e-01  4.59226966e-01  3.25783392e-09  3.34238940e-09  3.42932598e-09  1.62447721e-07  2.04863611e-08  3.90000000e-01 
 4.00000000e-01  3.43529111e-09  4.59226964e-01  4.59226964e-01  4.59226964e-01  3.25783392e-09  3.34238940e-09  3.42932598e-09  1.62447727e-07  2.04862474e-08  4.00000000e-01 
 4.10000000e-01  3.43529105e-09  4.59226994e-01  4.59226994e-01  4.59226994e-01  3.25783392e-09  3.34238940e-09  3.42932598e-09  1.62447760e-07  2.04861443e-08  4.10000000e-01 
 4.20000000e-01  3.43529112e-09  4.59226985e-01  4.59226985e-01  4.59226985e-01  3.25783392e-09  3.34238940e-09  3.42932604e-09  1.62447739e-07  2.04860839e-08  4.20000000e-01 
 4.30000000e-01  3.43529110e-09  4.59226976e-01  4.59226976e-01  4.59226976e-01  3.25783392e-09  3.34238940e-09  3.42932604e-09  1.62447750e-07  2.04860555e-08  4.30000000e-01 
 4.40000000e-01  3.43529111e-09  4.59226991e-01  4.59226991e-01  4.59226991e-01  3.25783392e-09  3.34238940e-09  3.42932604e-09  1.62447757e-07  2.04859241e-08  4.40000000e-01 
 4.50000000e-01  3.43529111e-09  4.59226972e-01  4.59226972e-01  4.59226972e-01  3.25783392e-09  3.34238946e-09  3.42932604e-09  1.62447733e-07  2.04857358e-08  4.50000000e-01 
 4.60000000e-01  3.43529105e-09  4.59226983e-01  4.59226983e-01  4.59226984e-01  3.25783392e-09  3.34238940e-09  3.42932598e-09  1.62447755e-07  2.04857749e-08  4.60000000e-01 
 4.70000000e-01  3.43529106e-09  4.59226994e-01  4.59226994e-01  4.59226994e-01  3.25783392e-09  3.34238946e-09  3.42932598e-09  1.62447764e-07  2.04857074e-08  4.70000000e-01 
 4.80000000e-01  3.43529111e-09  4.59226983e-01  4.59226983e-01  4.59226983e-01  3.25783392e-09  3.34238940e-09  3.42932598e-09  1.62447750e-07  2.04856505e-08  4.80000000e-01 
 4.90000000e-01  3.43529110e-09  4.59226983e-01  4.59226983e-01  4.59226983e-01  3.25783392e-09  3.34238940e-09  3.42932598e-09  1.62447748e-07  2.04856896e-08  4.90000000e-01 
 5.00000000e-01  3.43529111e-09  4.59226973e-01  4.59226973e-01  4.59226973e-01  3.25783392e-09  3.34238940e-09  3.42932598e-09  1.62447732e-07  2.04854409e-08  5.00000000e-01 
 5.10000000e-01  3.43529111e-09  4.59226970e-01  4.59226970e-01  4.59226970e-01  3.25783392e-09  3.34238940e-09  3.42932598e-09  1.62447728e-07  2.04854409e-08  5.10000000e-01 
 5.20000000e-01  3.43529105e-09  4.59226968e-01  4.59226968e-01  4.59226968e-01  3.25783392e-09  3.34238940e-09  3.42932598e-09  1.62447720e-07  2.04854125e-08  5.20000000e-01 
 5.30000000e-01  3.43529106e-09  4.59226986e-01  4.59226986e-01  4.59226987e-01  3.25783392e-09  3.34238940e-09  3.42932598e-09  1.62447744e-07  2.04852668e-08  5.30000000e-01 
 5.40000000e-01  3.43529105e-09  4.59226962e-01  4.59226962e-01  4.59226963e-01  3.25783392e-09  3.34238940e-09  3.42932604e-09  1.62447732e-07  2.04853592e-08  5.40000000e-01 
 5.50000000e-01  3.43529111e-09  4.59226979e-01  4.59226979e-01  4.59226979e-01  3.25783392e-09  3.34238940e-09  3.42932604e-09  1.62447746e-07  2.04852455e-08  5.50000000e-01 
 5.60000000e-01  3.43529110e-09  4.59226978e-01  4.59226978e-01  4.59226978e-01  3.25783392e-09  3.34238940e-09  3.42932598e-09  1.62447743e-07  2.04850714e-08  5.60000000e-01 
 5.70000000e-01  3.43529111e-09  4.59226973e-01  4.59226973e-01  4.59226974e-01  3.25783392e-09  3.34238940e-09  3.42932604e-09  1.62447738e-07  2.04851602e-08  5.70000000e-01 
 5.80000000e-01  3.43529111e-09  4.59226998e-01  4.59226998e-01  4.59226998e-01  3.25783392e-09  3.34238940e-09  3.42932604e-09  1.62447769e-07  2.04850252e-08  5.80000000e-01 
 5.90000000e-01  3.43529111e-09  4.59226965e-01  4.59226965e-01  4.59226966e-01  3.25783392e-09  3.34238940e-09  3.42932598e-09  1.62447709e-07  2.04851318e-08  5.90000000e-01 
 6.00000000e-01  3.43529105e-09  4.59226980e-01  4.59226980e-01  4.59226980e-01  3.25783392e-09  3.34238940e-09  3.42932598e-09  1.62447748e-07  2.04849044e-08  6.00000000e-01 
 6.10000000e-01  3.43529112e-09  4.59226987e-01  4.59226987e-01  4.59226987e-01  3.25783392e-09  3.34238940e-09  3.42932598e-09  1.62447756e-07  2.04849329e-08  6.10000000e-01 
 6.20000000e-01  3.43529110e-09  4.59226971e-01  4.59226971e-01  4.59226971e-01  3.25783392e-09  3.34238940e-09  3.42932598e-09  1.62447726e-07  2.04848263e-08  6.20000000e-01 
 6.30000000e-01  3.43529111e-09  4.59226965e-01  4.59226965e-01  4.59226965e-01  3.25783392e-09  3.34238940e-09  3.42932598e-09  1.62447730e-07  2.04849044e-08  6.30000000e-01 
 6.40000000e-01  3.43529105e-09  4.59226991e-01  4.59226991e-01  4.59226991e-01  3.25783392e-09  3.34238940e-09  3.42932598e-09  1.62447755e-07  2.04847126e-08  6.40000000e-01 
 6.50000000e-01  3.43529106e-09  4.59226970e-01  4.59226970e-01  4.59226971e-01  3.25783392e-09  3.34238946e-09  3.42932598e-09  1.62447725e-07  2.04847765e-08  6.50000000e-01 
 6.60000000e-01  3.43529111e-09  4.59226959e-01  4.59226959e-01  4.59226959e-01  3.25783392e-09  3.34238940e-09  3.42932598e-09  1.62447716e-07  2.04846700e-08  6.60000000e-01 
 6.70000000e-01  3.43529110e-09  4.59226967e-01  4.59226966e-01  4.59226967e-01  3.25783392e-09  3.34238940e-09  3.42932598e-09  1.62447741e-07  2.04845847e-08  6.70000000e-01 
 6.80000000e-01  3.43529111e-09  4.59226966e-01  4.59226966e-01  4.59226966e-01  3.25783392e-09  3.34238940e-09  3.42932598e-09  1.62447732e-07  2.04845776e-08  6.80000000e-01 
 6.90000000e-01  3.43529105e-09  4.59226961e-01  4.59226961e-01  4.59226961e-01  3.25783392e-09  3.34238940e-09  3.42932598e-09  1.62447715e-07  2.04845634e-08  6.90000000e-01 
 7.00000000e-01  3.43529106e-09  4.59226965e-01  4.59226965e-01  4.59226965e-01  3.25783392e-09  3.34238940e-09  3.42932604e-09  1.62447711e-07  2.04844781e-08  7.00000000e-01 
 7.10000000e-01  3.43529111e-09  4.59226979e-01  4.59226979e-01  4.59226980e-01  3.25783392e-09  3.34238940e-09  3.42932598e-09  1.62447741e-07  2.04844213e-08  7.10000000e-01 
 7.20000000e-01  3.43529110e-09  4.59226980e-01  4.59226980e-01  4.59226981e-01  3.25783392e-09  3.34238940e-09  3.42932598e-09  1.62447749e-07  2.04844923e-08  7.20000000e-01 
 7.30000000e-01  3.43529111e-09  4.59226969e-01  4.59226969e-01  4.59226969e-01  3.25783392e-09  3.34238940e-09  3.42932604e-09  1.62447732e-07  2.04843218e-08  7.30000000e-01 
 7.40000000e-01  3.43529105e-09  4.59226961e-01  4.59226961e-01  4.59226962e-01  3.25783392e-09  3.34238940e-09  3.42932604e-09  1.62447712e-07  2.04842650e-08  7.40000000e-01 
 7.50000000e-01  3.43529106e-09  4.59226969e-01  4.59226969e-01  4.59226969e-01  3.25783392e-09  3.34238940e-09  3.42932604e-09  1.62447741e-07  2.04842081e-08  7.50000000e-01 
 7.60000000e-01  3.43529106e-09  4.59226984e-01  4.59226984e-01  4.59226984e-01  3.25783392e-09  3.34238940e-09  3.42932598e-09  1.62447765e-07  2.04843360e-08  7.60000000e-01 
 7.70000000e-01  3.43529112e-09  4.59226997e-01  4.59226997e-01  4.59226998e-01  3.25783392e-09  3.34238940e-09  3.42932598e-09  1.62447772e-07  2.04842578e-08  7.70000000e-01 
 7.80000000e-01  3.43529110e-09  4.59226967e-01  4.59226967e-01  4.59226967e-01  3.25783392e-09  3.34238940e-09  3.42932598e-09  1.62447726e-07  2.04840305e-08  7.80000000e-01 
 7.90000000e-01  3.43529105e-09  4.59226995e-01  4.59226995e-01  4.59226995e-01  3.25783392e-09  3.34238940e-09  3.42932598e-09  1.62447773e-07  2.04840021e-08  7.90000000e-01 
 8.00000000e-01  3.43529112e-09  4.59226978e-01  4.59226978e-01  4.59226978e-01  3.25783392e-09  3.34238946e-09  3.42932598e-09  1.62447739e-07  2.04838884e-08  8.00000000e-01 
 8.10000000e-01  3.43529110e-09  4.59226978e-01  4.59226978e-01  4.59226978e-01  3.25783392e-09  3.34238940e-09  3.42932598e-09  1.62447749e-07  2.04838955e-08  8.10000000e-01 
 8.20000000e-01  3.43529111e-09  4.59226992e-01  4.59226992e-01  4.59226992e-01  3.25783392e-09  3.34238940e-09  3.42932598e-09  1.62447765e-07  2.04839026e-08  8.20000000e-01 
 8.30000000e-01  3.43529111e-09  4.59226982e-01  4.59226982e-01  4.59226982e-01  3.25783392e-09  3.34238940e-09  3.42932598e-09  1.62447747e-07  2.04837463e-08  8.30000000e-01 
 8.40000000e-01  3.43529111e-09  4.59226991e-01  4.59226991e-01  4.59226992e-01  3.25783392e-09  3.34238940e-09  3.42932598e-09  1.62447761e-07  2.04838315e-08  8.40000000e-01 
 8.50000000e-01  3.43529110e-09  4.59226956e-01  4.59226956e-01  4.59226956e-01  3.25783392e-09  3.34238940e-09  3.42932598e-09  1.62447699e-07  2.04837320e-08  8.50000000e-01 
 8.60000000e-01  3.43529111e-09  4.59226976e-01  4.59226976e-01  4.59226977e-01  3.25783392e-09  3.34238940e-09  3.42932598e-09  1.62447745e-07  2.04836681e-08  8.60000000e-01 
 8.70000000e-01  3.43529111e-09  4.59227000e-01  4.59227000e-01  4.59227000e-01  3.25783392e-09  3.34238940e-09  3.42932604e-09  1.62447778e-07  2.04835473e-08  8.70000000e-01 
 8.80000000e-01  3.43529105e-09  4.59226966e-01  4.59226966e-01  4.59226967e-01  3.25783392e-09  3.34238940e-09  3.42932598e-09  1.62447713e-07  2.04835189e-08  8.80000000e-01 
 8.90000000e-01  3.43529112e-09  4.59226962e-01  4.59226962e-01  4.59226962e-01  3.25783392e-09  3.34238940e-09  3.42932598e-09  1.62447720e-07  2.04835544e-08  8.90000000e-01 
 9.00000000e-01  3.43529110e-09  4.59226980e-01  4.59226980e-01  4.59226980e-01  3.25783392e-09  3.34238946e-09  3.42932598e-09  1.62447737e-07  2.04834549e-08  9.00000000e-01 
 9.10000000e-01  3.43529111e-09  4.59226984e-01  4.59226984e-01  4.59226984e-01  3.25783392e-09  3.34238940e-09  3.42932598e-09  1.62447755e-07  2.04833626e-08  9.10000000e-01 
 9.20000000e-01  3.43529111e-09  4.59226982e-01  4.59226982e-01  4.59226982e-01  3.25783392e-09  3.34238940e-09  3.42932598e-09  1.62447754e-07  2.04833057e-08  9.20000000e-01 
 9.30000000e-01  3.43529111e-09  4.59226960e-01  4.59226960e-01  4.59226960e-01  3.25783392e-09  3.34238940e-09  3.42932604e-09  1.62447720e-07  2.04832418e-08  9.30000000e-01 
 9.40000000e-01  3.43529105e-09  4.59226993e-01  4.59226993e-01  4.59226993e-01  3.25783392e-09  3.34238940e-09  3.42932598e-09  1.62447771e-07  2.04832631e-08  9.40000000e-01 
 9.50000000e-01  3.43529112e-09  4.59226977e-01  4.59226977e-01  4.59226977e-01  3.25783392e-09  3.34238946e-09  3.42932598e-09  1.62447744e-07  2.04830997e-08  9.50000000e-01 
 9.60000000e-01  3.43529110e-09  4.59226974e-01  4.59226974e-01  4.59226974e-01  3.25783392e-09  3.34238940e-09  3.42932598e-09  1.62447736e-07  2.04831423e-08  9.60000000e-01 
 9.70000000e-01  3.43529105e-09  4.59227003e-01  4.59227003e-01  4.59227003e-01  3.25783392e-09  3.34238940e-09  3.42932598e-09  1.62447786e-07  2.04831636e-08  9.70000000e-01 
 9.80000000e-01  3.43529106e-09  4.59226975e-01  4.59226975e-01  4.59226975e-01  3.25783392e-09  3.34238946e-09  3.42932598e-09  1.62447727e-07  2.04830428e-08  9.80000000e-01 
 9.90000000e-01  3.43529106e-09  4.59226973e-01  4.59226973e-01  4.59226973e-01  3.25783392e-09  3.34238940e-09  3.42932598e-09  1.62447743e-07  2.04829931e-08  9.90000000e-01 
 1.00000000e+00  3.43529111e-09  4.59226991e-01  4.59226991e-01  4.59226991e-01  3.25783392e-09  3.34238940e-09  3.42932598e-09  1.62447764e-07  2.04828225e-08  1.00000000e+00 
 1.01000000e+00  3.43529110e-09  4.59226965e-01  4.59226965e-01  4.59226966e-01  3.25783392e-09  3.34238940e-09  3.42932604e-09  1.62447736e-07  2.04828083e-08  1.01000000e+00 
 1.02000000e+00  3.43529111e-09  4.59226973e-01  4.59226973e-01  4.59226973e-01  3.25783392e-09  3.34238940e-09  3.42932598e-09  1.62447749e-07  2.04827657e-08  1.02000000e+00 
 1.03000000e+00  3.43529111e-09  4.59226980e-01  4.59226980e-01  4.59226980e-01  3.25783392e-09  3.34238940e-09  3.42932598e-09  1.62447758e-07  2.04826947e-08  1.03000000e+00 
 1.04000000e+00  3.43529111e-09  4.59226994e-01  4.59226994e-01  4.59226994e-01  3.25783392e-09  3.34238940e-09  3.42932598e-09  1.62447768e-07  2.04826378e-08  1.04000000e+00 
 1.05000000e+00  3.43529105e-09  4.59226994e-01  4.59226994e-01  4.59226994e-01  3.25783392e-09  3.34238940e-09  3.42932598e-09  1.62447757e-07  2.04826733e-08  1.05000000e+00 
 1.06000000e+00  3.43529106e-09  4.59226947e-01  4.59226946e-01  4.59226947e-01  3.25783392e-09  3.34238940e-09  3.42932598e-09  1.62447691e-07  2.04824957e-08  1.06000000e+00 
 1.07000000e+00  3.43529106e-09  4.59226974e-01  4.59226974e-01  4.59226975e-01  3.25783392e-09  3.34238940e-09  3.42932598e-09  1.62447744e-07  2.04825668e-08  1.07000000e+00 
 1.08000000e+00  3.43529111e-09  4.59226988e-01  4.59226988e-01  4.59226988e-01  3.25783392e-09  3.34238940e-09  3.42932598e-09  1.62447763e-07  2.04824389e-08  1.08000000e+00 
 1.09000000e+00  3.43529110e-09  4.59226980e-01  4.59226979e-01  4.59226980e-01  3.25783392e-09  3.34238946e-09  3.42932598e-09  1.62447743e-07  2.04823252e-08  1.09000000e+00 
 1.10000000e+00  3.43529105e-09  4.59226978e-01  4.59226978e-01  4.59226978e-01  3.25783392e-09  3.34238940e-09  3.42932598e-09  1.62447741e-07  2.04823252e-08  1.10000000e+00 
 1.11000000e+00  3.43529112e-09  4.59226963e-01  4.59226963e-01  4.59226963e-01  3.25783392e-09  3.34238940e-09  3.42932598e-09  1.62447713e-07  2.04823039e-08  1.11000000e+00 
 1.12000000e+00  3.43529110e-09  4.59226973e-01  4.59226973e-01  4.59226973e-01  3.25783392e-09  3.34238940e-09  3.42932598e-09  1.62447740e-07  2.04823181e-08  1.12000000e+00 
 1.13000000e+00  3.43529111e-09  4.59226970e-01  4.59226970e-01  4.59226971e-01  3.25783392e-09  3.34238940e-09  3.42932598e-09  1.62447733e-07  2.04820481e-08  1.13000000e+00 
 1.14000000e+00  3.43529111e-09  4.59226975e-01  4.59226975e-01  4.59226976e-01  3.25783392e-09  3.34238940e-09  3.42932598e-09  1.62447724e-07  2.04821760e-08  1.14000000e+00 
 1.15000000e+00  3.43529105e-09  4.59226970e-01  4.59226970e-01  4.59226970e-01  3.25783392e-09  3.34238946e-09  3.42932598e-09  1.62447739e-07  2.04821191e-08  1.15000000e+00 
 1.16000000e+00  3.43529107e-09  4.59227006e-01  4.59227006e-01  4.59227007e-01  3.25783392e-09  3.34238940e-09  3.42932598e-09  1.62447772e-07  2.04819202e-08  1.16000000e+00 
 1.17000000e+00  3.43529111e-09  4.59226973e-01  4.59226973e-01  4.59226973e-01  3.25783392e-09  3.34238940e-09  3.42932598e-09  1.62447729e-07  2.04819486e-08  1.17000000e+00 
 1.18000000e+00  3.43529110e-09  4.59226965e-01  4.59226965e-01  4.59226965e-01  3.25783392e-09  3.34238940e-09  3.42932598e-09  1.62447728e-07  2.04819770e-08  1.18000000e+00 
 1.19000000e+00  3.43529111e-09  4.59226971e-01  4.59226971e-01  4.59226971e-01  3.25783392e-09  3.34238940e-09  3.42932604e-09  1.62447743e-07  2.04818491e-08  1.19000000e+00 
 1.20000000e+00  3.43529111e-09  4.59226974e-01  4.59226974e-01  4.59226974e-01  3.25783392e-09  3.34238946e-09  3.42932598e-09  1.62447744e-07  2.04818349e-08  1.20000000e+00 
 1.21000000e+00  3.43529111e-09  4.59226981e-01  4.59226981e-01  4.59226981e-01  3.25783392e-09  3.34238940e-09  3.42932598e-09  1.62447740e-07  2.04818491e-08  1.21000000e+00 
 1.22000000e+00  3.43529111e-09  4.59226974e-01  4.59226974e-01  4.59226975e-01  3.25783392e-09  3.34238940e-09  3.42932604e-09  1.62447735e-07  2.04815933e-08  1.22000000e+00 
 1.23000000e+00  3.43529111e-09  4.59226973e-01  4.59226973e-01  4.59226973e-01  3.25783392e-09  3.34238940e-09  3.42932598e-09  1.62447738e-07  2.04816359e-08  1.23000000e+00 
 1.24000000e+00  3.43529105e-09  4.59226994e-01  4.59226994e-01  4.59226994e-01  3.25783392e-09  3.34238940e-09  3.42932598e-09  1.62447768e-07  2.04815223e-08  1.24000000e+00 
 1.25000000e+00  3.43529112e-09  4.59226974e-01  4.59226974e-01  4.59226974e-01  3.25783392e-09  3.34238940e-09  3.42932598e-09  1.62447729e-07  2.04815223e-08  1.25000000e+00 
 1.26000000e+00  3.43529110e-09  4.59226986e-01  4.59226986e-01  4.59226986e-01  3.25783392e-09  3.34238940e-09  3.42932598e-09  1.62447761e-07  2.04815223e-08  1.26000000e+00 
 1.27000000e+00  3.43529105e-09  4.59226991e-01  4.59226991e-01  4.59226991e-01  3.25783392e-09  3.34238940e-09  3.42932598e-09  1.62447750e-07  2.04812522e-08  1.27000000e+00 
 1.28000000e+00  3.43529112e-09  4.59226974e-01  4.59226974e-01  4.59226975e-01  3.25783392e-09  3.34238940e-09  3.42932604e-09  1.62447737e-07  2.04812807e-08  1.28000000e+00 
 1.29000000e+00  3.43529110e-09  4.59226963e-01  4.59226963e-01  4.59226963e-01  3.25783392e-09  3.34238940e-09  3.42932598e-09  1.62447718e-07  2.04811812e-08  1.29000000e+00 
 1.30000000e+00  3.43529105e-09  4.59226967e-01  4.59226967e-01  4.59226967e-01  3.25783392e-09  3.34238940e-09  3.42932598e-09  1.62447730e-07  2.04810249e-08  1.30000000e+00 
 1.31000000e+00  3.43529106e-09  4.59226984e-01  4.59226984e-01  4.59226985e-01  3.25783392e-09  3.34238940e-09  3.42932598e-09  1.62447753e-07  2.04810959e-08  1.31000000e+00 
 1.32000000e+00  3.43529106e-09  4.59226977e-01  4.59226977e-01  4.59226977e-01  3.25783392e-09  3.34238940e-09  3.42932604e-09  1.62447743e-07  2.04809680e-08  1.32000000e+00 
 1.33000000e+00  3.43529105e-09  4.59226956e-01  4.59226956e-01  4.59226956e-01  3.25783392e-09  3.34238940e-09  3.42932598e-09  1.62447701e-07  2.04809822e-08  1.33000000e+00 
 1.34000000e+00  3.43529111e-09  4.59226989e-01  4.59226989e-01  4.59226989e-01  3.25783392e-09  3.34238946e-09  3.42932598e-09  1.62447757e-07  2.04808543e-08  1.34000000e+00 
 1.35000000e+00  3.43529110e-09  4.59226965e-01  4.59226965e-01  4.59226965e-01  3.25783392e-09  3.34238940e-09  3.42932598e-09  1.62447734e-07  2.04808401e-08  1.35000000e+00 
 1.36000000e+00  3.43529105e-09  4.59226983e-01  4.59226983e-01  4.59226983e-01  3.25783392e-09  3.34238940e-09  3.42932604e-09  1.62447757e-07  2.04808117e-08  1.36000000e+00 
 1.37000000e+00  3.43529106e-09  4.59226981e-01  4.59226981e-01  4.59226982e-01  3.25783392e-09  3.34238940e-09  3.42932598e-09  1.62447750e-07  2.04806980e-08  1.37000000e+00 
 1.38000000e+00  3.43529112e-09  4.59226996e-01  4.59226996e-01  4.59226996e-01  3.25783392e-09  3.34238940e-09  3.42932598e-09  1.62447758e-07  2.04806838e-08  1.38000000e+00 
 1.39000000e+00  3.43529110e-09  4.59226997e-01  4.59226997e-01  4.59226997e-01  3.25783392e-09  3.34238940e-09  3.42932598e-09  1.62447766e-07  2.04806128e-08  1.39000000e+00 
 1.40000000e+00  3.43529105e-09  4.59226968e-01  4.59226968e-01  4.59226969e-01  3.25783392e-09  3.34238945e-09  3.42932598e-09  1.62447732e-07  2.04803712e-08  1.40000000e+00 
 1.41000000e+00  3.43529106e-09  4.59226971e-01  4.59226971e-01  4.59226971e-01  3.25783392e-09  3.34238940e-09  3.42932598e-09  1.62447731e-07  2.04804849e-08  1.41000000e+00 
 1.42000000e+00  3.43529106e-09  4.59226987e-01  4.59226987e-01  4.59226987e-01  3.25783392e-09  3.34238940e-09  3.42932598e-09  1.62447748e-07  2.04802575e-08  1.42000000e+00 
 1.43000000e+00  3.43529105e-09  4.59226961e-01  4.59226961e-01  4.59226962e-01  3.25783392e-09  3.34238940e-09  3.42932598e-09  1.62447707e-07  2.04802575e-08  1.43000000e+00 
 1.44000000e+00  3.43529106e-09  4.59226969e-01  4.59226969e-01  4.59226969e-01  3.25783392e-09  3.34238940e-09  3.42932604e-09  1.62447738e-07  2.04801864e-08  1.44000000e+00 
 1.45000000e+00  3.43529111e-09  4.59226981e-01  4.59226981e-01  4.59226981e-01  3.25783392e-09  3.34238940e-09  3.42932598e-09  1.62447765e-07  2.04800585e-08  1.45000000e+00 
 1.46000000e+00  3.43529110e-09  4.59226990e-01  4.59226990e-01  4.59226990e-01  3.25783392e-09  3.34238940e-09  3.42932598e-09  1.62447757e-07  2.04799733e-08  1.46000000e+00 
 1.47000000e+00  3.43529105e-09  4.59226991e-01  4.59226991e-01  4.59226991e-01  3.25783392e-09  3.34238940e-09  3.42932598e-09  1.62447762e-07  2.04798880e-08  1.47000000e+00 
 1.48000000e+00  3.43529112e-09  4.59227006e-01  4.59227006e-01  4.59227006e-01  3.25783392e-09  3.34238940e-09  3.42932598e-09  1.62447771e-07  2.04798880e-08  1.48000000e+00 
 1.49000000e+00  3.43529110e-09  4.59226984e-01  4.59226984e-01  4.59226984e-01  3.25783392e-09  3.34238940e-09  3.42932598e-09  1.62447740e-07  2.04798027e-08  1.49000000e+00 
 1.50000000e+00  3.43529111e-09  4.59226981e-01  4.59226981e-01  4.59226981e-01  3.25783392e-09  3.34238940e-09  3.42932598e-09  1.62447736e-07  2.04796180e-08  1.50000000e+00 
 1.51000000e+00  3.43529111e-09  4.59226982e-01  4.59226982e-01  4.59226982e-01  3.25783392e-09  3.34238940e-09  3.42932598e-09  1.62447754e-07  2.04794901e-08  1.51000000e+00 
 1.52000000e+00  3.43529111e-09  4.59226965e-01  4.59226965e-01  4.59226965e-01  3.25783392e-09  3.34238940e-09  3.42932604e-09  1.62447727e-07  2.04794333e-08  1.52000000e+00 
 1.53000000e+00  3.43529111e-09  4.59226960e-01  4.59226960e-01  4.59226960e-01  3.25783392e-09  3.34238940e-09  3.42932598e-09  1.62447723e-07  2.04792769e-08  1.53000000e+00 
 1.54000000e+00  3.43529111e-09  4.59226972e-01  4.59226972e-01  4.59226973e-01  3.25783392e-09  3.34238946e-09  3.42932598e-09  1.62447732e-07  2.04791775e-08  1.54000000e+00 
 1.55000000e+00  3.43529105e-09  4.59226975e-01  4.59226975e-01  4.59226975e-01  3.25783392e-09  3.34238940e-09  3.42932598e-09  1.62447745e-07  2.04788932e-08  1.55000000e+00 
 1.56000000e+00  3.43529106e-09  4.59226978e-01  4.59226978e-01  4.59226978e-01  3.25783392e-09  3.34238940e-09  3.42932598e-09  1.62447746e-07  2.04786943e-08  1.56000000e+00 
 1.57000000e+00  3.43529106e-09  4.59226988e-01  4.59226988e-01  4.59226989e-01  3.25783392e-09  3.34238940e-09  3.42932604e-09  1.62447756e-07  2.04785096e-08  1.57000000e+00 
 1.58000000e+00  3.43529106e-09  4.59226982e-01  4.59226982e-01  4.59226982e-01  3.25783392e-09  3.34238940e-09  3.42932598e-09  1.62447749e-07  2.04782680e-08  1.58000000e+00 
 1.59000000e+00  3.43529106e-09  4.59226983e-01  4.59226983e-01  4.59226984e-01  3.25783392e-09  3.34238940e-09  3.42932598e-09  1.62447749e-07  2.04779980e-08  1.59000000e+00 
 1.60000000e+00  3.43529111e-09  4.59226975e-01  4.59226975e-01  4.59226976e-01  3.25783392e-09  3.34238940e-09  3.42932604e-09  1.62447725e-07  2.04774295e-08  1.60000000e+00 
 1.61000000e+00  3.43529110e-09  4.59226962e-01  4.59226962e-01  4.59226962e-01  3.25783392e-09  3.34238940e-09  3.42932598e-09  1.62447727e-07  2.04768469e-08  1.61000000e+00 
 1.62000000e+00  3.43529111e-09  4.59226972e-01  4.59226972e-01  4.59226972e-01  3.25783392e-09  3.34238940e-09  3.42932598e-09  1.62447737e-07  2.04759090e-08  1.62000000e+00 
 1.63000000e+00  3.43529111e-09  4.59226988e-01  4.59226988e-01  4.59226988e-01  3.25783392e-09  3.34238946e-09  3.42932604e-09  1.62447763e-07  2.04746300e-08  1.63000000e+00 
 1.64000000e+00  3.43529111e-09  4.59226980e-01  4.59226980e-01  4.59226980e-01  3.25783392e-09  3.34238940e-09  3.42932598e-09  1.62447745e-07  2.04725126e-08  1.64000000e+00 
 1.65000000e+00  3.43529111e-09  4.59226981e-01  4.59226981e-01  4.59226982e-01  3.25783392e-09  3.34238940e-09  3.42932598e-09  1.62447743e-07  2.04689172e-08  1.65000000e+00 
 1.66000000e+00  3.43529111e-09  4.59226969e-01  4.59226969e-01  4.59226970e-01  3.25783392e-09  3.34238940e-09  3.42932598e-09  1.62447728e-07  2.04626645e-08  1.66000000e+00 
 1.67000000e+00  3.43529111e-09  4.59226980e-01  4.59226980e-01  4.59226980e-01  3.25783392e-09  3.34238940e-09  3.42932604e-09  1.62447738e-07  2.04511394e-08  1.67000000e+00 
 1.68000000e+00  3.43529111e-09  4.59226991e-01  4.59226991e-01  4.59226991e-01  3.25783392e-09  3.34238940e-09  3.42932598e-09  1.62447765e-07  2.04302211e-08  1.68000000e+00 
 1.69000000e+00  3.43529111e-09  4.59226983e-01  4.59226983e-01  4.59226983e-01  3.25783392e-09  3.34238940e-09  3.42932598e-09  1.62447749e-07  2.03902317e-08  1.69000000e+00 
 1.70000000e+00  3.43529105e-09  4.59226993e-01  4.59226993e-01  4.59226993e-01  3.25783392e-09  3.34238940e-09  3.42932598e-09  1.62447754e-07  2.02793728e-08  1.70000000e+00 
 1.71000000e+00  3.43529111e-09  4.59226970e-01  4.59226970e-01  4.59226970e-01  3.25783386e-09  3.34238940e-09  3.42932598e-09  1.62447728e-07  1.91084695e-08  1.71000000e+00 
 1.72000000e+00  3.43529105e-09  4.59226980e-01  4.59226980e-01  4.59226980e-01  3.25783392e-09  3.34238940e-09  3.42932598e-09  1.62447739e-07  1.71592234e-08  1.72000000e+00 
 1.73000000e+00  3.43529111e-09  4.59226974e-01  4.59226974e-01  4.59226975e-01  3.25783392e-09  3.34238940e-09  3.42932598e-09  1.62447744e-07  1.27700872e-08  1.73000000e+00 
 1.74000000e+00  3.43529105e-09  4.59226979e-01  4.59226979e-01  4.59226979e-01  3.25783392e-09  3.34238940e-09  3.42932604e-09  1.62447748e-07  9.18274168e-09  1.74000000e+00 
 1.75000000e+00  3.43529111e-09  4.59226974e-01  4.59226974e-01  4.59226974e-01  3.25783392e-09  3.34238940e-09  3.42932598e-09  1.62447747e-07  6.23649044e-09  1.75000000e+00 
 1.76000000e+00  3.43529110e-09  4.59226971e-01  4.59226971e-01  4.59226971e-01  3.25783392e-09  3.34238940e-09  3.42932598e-09  1.62447740e-07  3.79419873e-09  1.76000000e+00 
 1.77000000e+00  3.43529105e-09  4.59226970e-01  4.59226970e-01  4.59226971e-01  3.25783392e-09  3.34238940e-09  3.42932598e-09  1.62447735e-07  1.74802040e-09  1.77000000e+00 
 1.78000000e+00  3.43529106e-09  4.59226980e-01  4.59226980e-01  4.59226980e-01  3.25783392e-09  3.34238940e-09  3.42932598e-09  1.62447746e-07  3.25854899e-11  1.78000000e+00 
 1.79000000e+00  3.43529106e-09  4.59226984e-01  4.59226984e-01  4.59226984e-01  3.25783392e-09  3.34238946e-09  3.42932598e-09  1.62447759e-07 -1.37181644e-09  1.79000000e+00 
 1.80000000e+00  3.43529111e-09  4.59226974e-01  4.59226974e-01  4.59226974e-01  3.25783392e-09  3.34238940e-09  3.42932604e-09  1.62447744e-07 -2.46201637e-09  1.80000000e+00 
