 v-sweep         v(b0)           v(b1)           v(b2)           v(b3)           v(b4)           v(b5)           v(b6)           i(vbias)        i(viout)        v(vout)        
 0.00000000e+00  3.50616042e-09  3.41908661e-09  3.23362800e-09  3.35959484e-09  3.10222773e-09  4.58585504e-01  3.30590587e-09  1.59487669e-07  5.03349169e-08  0.00000000e+00 
 1.00000000e-02  3.50616043e-09  3.41908668e-09  3.23362800e-09  3.35959490e-09  3.10222773e-09  4.58585544e-01  3.30590587e-09  1.59487731e-07  5.03344872e-08  1.00000000e-02 
 2.00000000e-02  3.50616037e-09  3.41908667e-09  3.23362800e-09  3.35959484e-09  3.10222767e-09  4.58585524e-01  3.30590593e-09  1.59487697e-07  5.03341797e-08  2.00000000e-02 
 3.00000000e-02  3.50616037e-09  3.41908662e-09  3.23362800e-09  3.35959484e-09  3.10222773e-09  4.58585530e-01  3.30590593e-09  1.59487711e-07  5.03337536e-08  3.00000000e-02 
 4.00000000e-02  3.50616037e-09  3.41908667e-09  3.23362800e-09  3.35959489e-09  3.10222768e-09  4.58585531e-01  3.30590593e-09  1.59487712e-07  5.03335280e-08  4.00000000e-02 
 5.00000000e-02  3.50616037e-09  3.41908662e-09  3.23362806e-09  3.35959484e-09  3.10222767e-09  4.58585524e-01  3.30590593e-09  1.59487716e-07  5.03331066e-08  5.00000000e-02 
 6.00000000e-02  3.50616043e-09  3.41908667e-09  3.23362800e-09  3.35959489e-09  3.10222773e-09  4.58585517e-01  3.30590587e-09  1.59487699e-07  5.03327451e-08  6.00000000e-02 
 7.00000000e-02  3.50616037e-09  3.41908661e-09  3.23362800e-09  3.35959484e-09  3.10222773e-09  4.58585516e-01  3.30590593e-09  1.59487692e-07  5.03324187e-08  7.00000000e-02 
 8.00000000e-02  3.50616042e-09  3.41908667e-09  3.23362800e-09  3.35959484e-09  3.10222767e-09  4.58585505e-01  3.30590593e-09  1.59487667e-07  5.03321518e-08  8.00000000e-02 
 9.00000000e-02  3.50616037e-09  3.41908667e-09  3.23362800e-09  3.35959484e-09  3.10222767e-09  4.58585507e-01  3.30590593e-09  1.59487681e-07  5.03318978e-08  9.00000000e-02 
 1.00000000e-01  3.50616043e-09  3.41908661e-09  3.23362806e-09  3.35959484e-09  3.10222773e-09  4.58585511e-01  3.30590593e-09  1.59487699e-07  5.03315984e-08  1.00000000e-01 
 1.10000000e-01  3.50616037e-09  3.41908667e-09  3.23362806e-09  3.35959484e-09  3.10222773e-09  4.58585521e-01  3.30590587e-09  1.59487702e-07  5.03313986e-08  1.10000000e-01 
 1.20000000e-01  3.50616037e-09  3.41908661e-09  3.23362806e-09  3.35959484e-09  3.10222773e-09  4.58585505e-01  3.30590593e-09  1.59487682e-07  5.03312041e-08  1.20000000e-01 
 1.30000000e-01  3.50616043e-09  3.41908661e-09  3.23362806e-09  3.35959484e-09  3.10222773e-09  4.58585516e-01  3.30590593e-09  1.59487687e-07  5.03309296e-08  1.30000000e-01 
 1.40000000e-01  3.50616043e-09  3.41908662e-09  3.23362806e-09  3.35959484e-09  3.10222773e-09  4.58585534e-01  3.30590593e-09  1.59487722e-07  5.03307502e-08  1.40000000e-01 
 1.50000000e-01  3.50616043e-09  3.41908661e-09  3.23362806e-09  3.35959489e-09  3.10222767e-09  4.58585515e-01  3.30590593e-09  1.59487684e-07  5.03305237e-08  1.50000000e-01 
 1.60000000e-01  3.50616037e-09  3.41908667e-09  3.23362806e-09  3.35959484e-09  3.10222773e-09  4.58585533e-01  3.30590587e-09  1.59487727e-07  5.03303976e-08  1.60000000e-01 
 1.70000000e-01  3.50616043e-09  3.41908661e-09  3.23362806e-09  3.35959484e-09  3.10222773e-09  4.58585520e-01  3.30590593e-09  1.59487699e-07  5.03300548e-08  1.70000000e-01 
 1.80000000e-01  3.50616037e-09  3.41908662e-09  3.23362806e-09  3.35959489e-09  3.10222773e-09  4.58585528e-01  3.30590593e-09  1.59487714e-07  5.03300317e-08  1.80000000e-01 
 1.90000000e-01  3.50616037e-09  3.41908661e-09  3.23362800e-09  3.35959484e-09  3.10222773e-09  4.58585511e-01  3.30590593e-09  1.59487672e-07  5.03297297e-08  1.90000000e-01 
 2.00000000e-01  3.50616043e-09  3.41908667e-09  3.23362806e-09  3.35959484e-09  3.10222767e-09  4.58585518e-01  3.30590593e-09  1.59487704e-07  5.03296196e-08  2.00000000e-01 
 2.10000000e-01  3.50616043e-09  3.41908661e-09  3.23362806e-09  3.35959484e-09  3.10222773e-09  4.58585516e-01  3.30590593e-09  1.59487690e-07  5.03295077e-08  2.10000000e-01 
 2.20000000e-01  3.50616043e-09  3.41908662e-09  3.23362800e-09  3.35959484e-09  3.10222768e-09  4.58585540e-01  3.30590593e-09  1.59487721e-07  5.03293389e-08  2.20000000e-01 
 2.30000000e-01  3.50616043e-09  3.41908661e-09  3.23362800e-09  3.35959484e-09  3.10222773e-09  4.58585516e-01  3.30590587e-09  1.59487701e-07  5.03290778e-08  2.30000000e-01 
 2.40000000e-01  3.50616037e-09  3.41908661e-09  3.23362806e-09  3.35959483e-09  3.10222767e-09  4.58585501e-01  3.30590593e-09  1.59487687e-07  5.03290636e-08  2.40000000e-01 
 2.50000000e-01  3.50616043e-09  3.41908661e-09  3.23362806e-09  3.35959484e-09  3.10222773e-09  4.58585519e-01  3.30590593e-09  1.59487702e-07  5.03289428e-08  2.50000000e-01 
 2.60000000e-01  3.50616043e-09  3.41908662e-09  3.23362806e-09  3.35959484e-09  3.10222768e-09  4.58585532e-01  3.30590587e-09  1.59487707e-07  5.03288415e-08  2.60000000e-01 
 2.70000000e-01  3.50616043e-09  3.41908667e-09  3.23362806e-09  3.35959484e-09  3.10222767e-09  4.58585514e-01  3.30590587e-09  1.59487690e-07  5.03287456e-08  2.70000000e-01 
 2.80000000e-01  3.50616043e-09  3.41908667e-09  3.23362800e-09  3.35959489e-09  3.10222768e-09  4.58585538e-01  3.30590593e-09  1.59487737e-07  5.03286568e-08  2.80000000e-01 
 2.90000000e-01  3.50616043e-09  3.41908668e-09  3.23362806e-09  3.35959484e-09  3.10222768e-09  4.58585547e-01  3.30590593e-09  1.59487726e-07  5.03284525e-08  2.90000000e-01 
 3.00000000e-01  3.50616043e-09  3.41908662e-09  3.23362806e-09  3.35959484e-09  3.10222773e-09  4.58585530e-01  3.30590593e-09  1.59487710e-07  5.03284312e-08  3.00000000e-01 
 3.10000000e-01  3.50616037e-09  3.41908661e-09  3.23362806e-09  3.35959484e-09  3.10222773e-09  4.58585509e-01  3.30590593e-09  1.59487674e-07  5.03282678e-08  3.10000000e-01 
 3.20000000e-01  3.50616043e-09  3.41908661e-09  3.23362800e-09  3.35959484e-09  3.10222767e-09  4.58585515e-01  3.30590587e-09  1.59487691e-07  5.03280084e-08  3.20000000e-01 
 3.30000000e-01  3.50616037e-09  3.41908667e-09  3.23362806e-09  3.35959489e-09  3.10222773e-09  4.58585538e-01  3.30590593e-09  1.59487718e-07  5.03280475e-08  3.30000000e-01 
 3.40000000e-01  3.50616043e-09  3.41908662e-09  3.23362806e-09  3.35959484e-09  3.10222768e-09  4.58585530e-01  3.30590593e-09  1.59487708e-07  5.03278983e-08  3.40000000e-01 
 3.50000000e-01  3.50616043e-09  3.41908667e-09  3.23362800e-09  3.35959484e-09  3.10222768e-09  4.58585537e-01  3.30590593e-09  1.59487727e-07  5.03277953e-08  3.50000000e-01 
 3.60000000e-01  3.50616037e-09  3.41908661e-09  3.23362806e-09  3.35959489e-09  3.10222767e-09  4.58585494e-01  3.30590593e-09  1.59487659e-07  5.03276425e-08  3.60000000e-01 
 3.70000000e-01  3.50616043e-09  3.41908661e-09  3.23362806e-09  3.35959489e-09  3.10222767e-09  4.58585519e-01  3.30590593e-09  1.59487696e-07  5.03275821e-08  3.70000000e-01 
 3.80000000e-01  3.50616037e-09  3.41908662e-09  3.23362806e-09  3.35959484e-09  3.10222768e-09  4.58585542e-01  3.30590593e-09  1.59487736e-07  5.03276105e-08  3.80000000e-01 
 3.90000000e-01  3.50616043e-09  3.41908668e-09  3.23362800e-09  3.35959484e-09  3.10222768e-09  4.58585545e-01  3.30590593e-09  1.59487749e-07  5.03275146e-08  3.90000000e-01 
 4.00000000e-01  3.50616037e-09  3.41908661e-09  3.23362800e-09  3.35959484e-09  3.10222773e-09  4.58585524e-01  3.30590593e-09  1.59487703e-07  5.03273476e-08  4.00000000e-01 
 4.10000000e-01  3.50616037e-09  3.41908667e-09  3.23362806e-09  3.35959490e-09  3.10222768e-09  4.58585543e-01  3.30590587e-09  1.59487727e-07  5.03273085e-08  4.10000000e-01 
 4.20000000e-01  3.50616042e-09  3.41908661e-09  3.23362800e-09  3.35959484e-09  3.10222773e-09  4.58585507e-01  3.30590587e-09  1.59487681e-07  5.03271558e-08  4.20000000e-01 
 4.30000000e-01  3.50616037e-09  3.41908667e-09  3.23362806e-09  3.35959484e-09  3.10222773e-09  4.58585519e-01  3.30590593e-09  1.59487692e-07  5.03272446e-08  4.30000000e-01 
 4.40000000e-01  3.50616043e-09  3.41908667e-09  3.23362800e-09  3.35959484e-09  3.10222767e-09  4.58585521e-01  3.30590593e-09  1.59487711e-07  5.03271451e-08  4.40000000e-01 
 4.50000000e-01  3.50616037e-09  3.41908661e-09  3.23362806e-09  3.35959484e-09  3.10222767e-09  4.58585517e-01  3.30590593e-09  1.59487678e-07  5.03270172e-08  4.50000000e-01 
 4.60000000e-01  3.50616043e-09  3.41908662e-09  3.23362800e-09  3.35959484e-09  3.10222767e-09  4.58585524e-01  3.30590593e-09  1.59487703e-07  5.03269852e-08  4.60000000e-01 
 4.70000000e-01  3.50616043e-09  3.41908667e-09  3.23362806e-09  3.35959484e-09  3.10222773e-09  4.58585537e-01  3.30590593e-09  1.59487712e-07  5.03269000e-08  4.70000000e-01 
 4.80000000e-01  3.50616037e-09  3.41908662e-09  3.23362806e-09  3.35959484e-09  3.10222773e-09  4.58585524e-01  3.30590593e-09  1.59487694e-07  5.03268183e-08  4.80000000e-01 
 4.90000000e-01  3.50616037e-09  3.41908661e-09  3.23362806e-09  3.35959483e-09  3.10222767e-09  4.58585501e-01  3.30590593e-09  1.59487661e-07  5.03268041e-08  4.90000000e-01 
 5.00000000e-01  3.50616043e-09  3.41908661e-09  3.23362806e-09  3.35959489e-09  3.10222773e-09  4.58585519e-01  3.30590593e-09  1.59487692e-07  5.03267792e-08  5.00000000e-01 
 5.10000000e-01  3.50616037e-09  3.41908667e-09  3.23362800e-09  3.35959489e-09  3.10222768e-09  4.58585536e-01  3.30590587e-09  1.59487712e-07  5.03267792e-08  5.10000000e-01 
 5.20000000e-01  3.50616043e-09  3.41908661e-09  3.23362806e-09  3.35959484e-09  3.10222773e-09  4.58585518e-01  3.30590593e-09  1.59487686e-07  5.03266797e-08  5.20000000e-01 
 5.30000000e-01  3.50616037e-09  3.41908662e-09  3.23362806e-09  3.35959489e-09  3.10222768e-09  4.58585529e-01  3.30590587e-09  1.59487710e-07  5.03264843e-08  5.30000000e-01 
 5.40000000e-01  3.50616043e-09  3.41908662e-09  3.23362800e-09  3.35959484e-09  3.10222773e-09  4.58585544e-01  3.30590593e-09  1.59487734e-07  5.03264914e-08  5.40000000e-01 
 5.50000000e-01  3.50616043e-09  3.41908661e-09  3.23362800e-09  3.35959484e-09  3.10222773e-09  4.58585514e-01  3.30590593e-09  1.59487674e-07  5.03264239e-08  5.50000000e-01 
 5.60000000e-01  3.50616037e-09  3.41908667e-09  3.23362806e-09  3.35959484e-09  3.10222773e-09  4.58585515e-01  3.30590587e-09  1.59487687e-07  5.03263600e-08  5.60000000e-01 
 5.70000000e-01  3.50616037e-09  3.41908661e-09  3.23362806e-09  3.35959489e-09  3.10222767e-09  4.58585508e-01  3.30590593e-09  1.59487695e-07  5.03263813e-08  5.70000000e-01 
 5.80000000e-01  3.50616037e-09  3.41908661e-09  3.23362800e-09  3.35959489e-09  3.10222767e-09  4.58585520e-01  3.30590587e-09  1.59487705e-07  5.03262498e-08  5.80000000e-01 
 5.90000000e-01  3.50616043e-09  3.41908667e-09  3.23362800e-09  3.35959484e-09  3.10222773e-09  4.58585535e-01  3.30590587e-09  1.59487720e-07  5.03263067e-08  5.90000000e-01 
 6.00000000e-01  3.50616043e-09  3.41908667e-09  3.23362800e-09  3.35959484e-09  3.10222773e-09  4.58585528e-01  3.30590587e-09  1.59487716e-07  5.03261219e-08  6.00000000e-01 
 6.10000000e-01  3.50616043e-09  3.41908667e-09  3.23362806e-09  3.35959489e-09  3.10222773e-09  4.58585529e-01  3.30590587e-09  1.59487693e-07  5.03262356e-08  6.10000000e-01 
 6.20000000e-01  3.50616037e-09  3.41908661e-09  3.23362800e-09  3.35959484e-09  3.10222773e-09  4.58585510e-01  3.30590593e-09  1.59487702e-07  5.03260082e-08  6.20000000e-01 
 6.30000000e-01  3.50616037e-09  3.41908667e-09  3.23362806e-09  3.35959489e-09  3.10222773e-09  4.58585527e-01  3.30590593e-09  1.59487696e-07  5.03260722e-08  6.30000000e-01 
 6.40000000e-01  3.50616037e-09  3.41908661e-09  3.23362806e-09  3.35959489e-09  3.10222767e-09  4.58585512e-01  3.30590593e-09  1.59487688e-07  5.03258946e-08  6.40000000e-01 
 6.50000000e-01  3.50616037e-09  3.41908662e-09  3.23362800e-09  3.35959484e-09  3.10222773e-09  4.58585535e-01  3.30590587e-09  1.59487718e-07  5.03259230e-08  6.50000000e-01 
 6.60000000e-01  3.50616042e-09  3.41908661e-09  3.23362806e-09  3.35959483e-09  3.10222767e-09  4.58585498e-01  3.30590593e-09  1.59487663e-07  5.03256956e-08  6.60000000e-01 
 6.70000000e-01  3.50616043e-09  3.41908661e-09  3.23362806e-09  3.35959489e-09  3.10222767e-09  4.58585517e-01  3.30590593e-09  1.59487692e-07  5.03256601e-08  6.70000000e-01 
 6.80000000e-01  3.50616037e-09  3.41908667e-09  3.23362806e-09  3.35959489e-09  3.10222768e-09  4.58585540e-01  3.30590593e-09  1.59487720e-07  5.03256956e-08  6.80000000e-01 
 6.90000000e-01  3.50616043e-09  3.41908661e-09  3.23362800e-09  3.35959484e-09  3.10222773e-09  4.58585516e-01  3.30590587e-09  1.59487699e-07  5.03256103e-08  6.90000000e-01 
 7.00000000e-01  3.50616037e-09  3.41908667e-09  3.23362806e-09  3.35959484e-09  3.10222773e-09  4.58585519e-01  3.30590587e-09  1.59487693e-07  5.03256601e-08  7.00000000e-01 
 7.10000000e-01  3.50616037e-09  3.41908667e-09  3.23362800e-09  3.35959484e-09  3.10222773e-09  4.58585537e-01  3.30590593e-09  1.59487717e-07  5.03255038e-08  7.10000000e-01 
 7.20000000e-01  3.50616037e-09  3.41908667e-09  3.23362800e-09  3.35959484e-09  3.10222773e-09  4.58585520e-01  3.30590593e-09  1.59487704e-07  5.03253617e-08  7.20000000e-01 
 7.30000000e-01  3.50616037e-09  3.41908667e-09  3.23362800e-09  3.35959484e-09  3.10222768e-09  4.58585534e-01  3.30590593e-09  1.59487714e-07  5.03254469e-08  7.30000000e-01 
 7.40000000e-01  3.50616037e-09  3.41908662e-09  3.23362800e-09  3.35959484e-09  3.10222773e-09  4.58585526e-01  3.30590587e-09  1.59487700e-07  5.03252835e-08  7.40000000e-01 
 7.50000000e-01  3.50616043e-09  3.41908661e-09  3.23362806e-09  3.35959489e-09  3.10222773e-09  4.58585512e-01  3.30590587e-09  1.59487682e-07  5.03252053e-08  7.50000000e-01 
 7.60000000e-01  3.50616043e-09  3.41908667e-09  3.23362806e-09  3.35959484e-09  3.10222767e-09  4.58585525e-01  3.30590593e-09  1.59487707e-07  5.03251698e-08  7.60000000e-01 
 7.70000000e-01  3.50616037e-09  3.41908661e-09  3.23362806e-09  3.35959489e-09  3.10222767e-09  4.58585520e-01  3.30590593e-09  1.59487692e-07  5.03251130e-08  7.70000000e-01 
 7.80000000e-01  3.50616037e-09  3.41908662e-09  3.23362806e-09  3.35959489e-09  3.10222773e-09  4.58585530e-01  3.30590587e-09  1.59487719e-07  5.03250419e-08  7.80000000e-01 
 7.90000000e-01  3.50616043e-09  3.41908662e-09  3.23362806e-09  3.35959489e-09  3.10222773e-09  4.58585532e-01  3.30590593e-09  1.59487719e-07  5.03249851e-08  7.90000000e-01 
 8.00000000e-01  3.50616043e-09  3.41908662e-09  3.23362806e-09  3.35959489e-09  3.10222773e-09  4.58585537e-01  3.30590593e-09  1.59487722e-07  5.03248430e-08  8.00000000e-01 
 8.10000000e-01  3.50616043e-09  3.41908661e-09  3.23362800e-09  3.35959484e-09  3.10222767e-09  4.58585515e-01  3.30590593e-09  1.59487687e-07  5.03248145e-08  8.10000000e-01 
 8.20000000e-01  3.50616037e-09  3.41908662e-09  3.23362806e-09  3.35959484e-09  3.10222768e-09  4.58585531e-01  3.30590593e-09  1.59487704e-07  5.03247577e-08  8.20000000e-01 
 8.30000000e-01  3.50616037e-09  3.41908661e-09  3.23362806e-09  3.35959483e-09  3.10222773e-09  4.58585498e-01  3.30590593e-09  1.59487652e-07  5.03247790e-08  8.30000000e-01 
 8.40000000e-01  3.50616043e-09  3.41908662e-09  3.23362806e-09  3.35959484e-09  3.10222773e-09  4.58585532e-01  3.30590593e-09  1.59487722e-07  5.03248216e-08  8.40000000e-01 
 8.50000000e-01  3.50616043e-09  3.41908667e-09  3.23362800e-09  3.35959484e-09  3.10222773e-09  4.58585534e-01  3.30590587e-09  1.59487717e-07  5.03247364e-08  8.50000000e-01 
 8.60000000e-01  3.50616043e-09  3.41908661e-09  3.23362806e-09  3.35959484e-09  3.10222773e-09  4.58585513e-01  3.30590587e-09  1.59487699e-07  5.03246298e-08  8.60000000e-01 
 8.70000000e-01  3.50616043e-09  3.41908667e-09  3.23362806e-09  3.35959484e-09  3.10222767e-09  4.58585515e-01  3.30590587e-09  1.59487670e-07  5.03245374e-08  8.70000000e-01 
 8.80000000e-01  3.50616043e-09  3.41908662e-09  3.23362806e-09  3.35959489e-09  3.10222767e-09  4.58585525e-01  3.30590593e-09  1.59487699e-07  5.03244948e-08  8.80000000e-01 
 8.90000000e-01  3.50616037e-09  3.41908662e-09  3.23362800e-09  3.35959484e-09  3.10222768e-09  4.58585533e-01  3.30590587e-09  1.59487718e-07  5.03244664e-08  8.90000000e-01 
 9.00000000e-01  3.50616037e-09  3.41908661e-09  3.23362800e-09  3.35959484e-09  3.10222767e-09  4.58585520e-01  3.30590593e-09  1.59487710e-07  5.03244166e-08  9.00000000e-01 
 9.10000000e-01  3.50616037e-09  3.41908667e-09  3.23362806e-09  3.35959484e-09  3.10222773e-09  4.58585528e-01  3.30590587e-09  1.59487702e-07  5.03242603e-08  9.10000000e-01 
 9.20000000e-01  3.50616037e-09  3.41908667e-09  3.23362806e-09  3.35959489e-09  3.10222773e-09  4.58585522e-01  3.30590587e-09  1.59487695e-07  5.03243029e-08  9.20000000e-01 
 9.30000000e-01  3.50616037e-09  3.41908667e-09  3.23362806e-09  3.35959489e-09  3.10222773e-09  4.58585510e-01  3.30590593e-09  1.59487681e-07  5.03242603e-08  9.30000000e-01 
 9.40000000e-01  3.50616037e-09  3.41908667e-09  3.23362806e-09  3.35959484e-09  3.10222773e-09  4.58585514e-01  3.30590593e-09  1.59487698e-07  5.03241537e-08  9.40000000e-01 
 9.50000000e-01  3.50616043e-09  3.41908661e-09  3.23362800e-09  3.35959484e-09  3.10222773e-09  4.58585521e-01  3.30590587e-09  1.59487688e-07  5.03240258e-08  9.50000000e-01 
 9.60000000e-01  3.50616043e-09  3.41908661e-09  3.23362806e-09  3.35959484e-09  3.10222773e-09  4.58585518e-01  3.30590587e-09  1.59487696e-07  5.03240258e-08  9.60000000e-01 
 9.70000000e-01  3.50616037e-09  3.41908661e-09  3.23362800e-09  3.35959489e-09  3.10222767e-09  4.58585505e-01  3.30590593e-09  1.59487669e-07  5.03240329e-08  9.70000000e-01 
 9.80000000e-01  3.50616043e-09  3.41908667e-09  3.23362800e-09  3.35959484e-09  3.10222768e-09  4.58585532e-01  3.30590593e-09  1.59487713e-07  5.03238482e-08  9.80000000e-01 
 9.90000000e-01  3.50616037e-09  3.41908661e-09  3.23362806e-09  3.35959484e-09  3.10222767e-09  4.58585518e-01  3.30590593e-09  1.59487695e-07  5.03237629e-08  9.90000000e-01 
 1.00000000e+00  3.50616037e-09  3.41908667e-09  3.23362800e-09  3.35959484e-09  3.10222773e-09  4.58585516e-01  3.30590593e-09  1.59487687e-07  5.03236777e-08  1.00000000e+00 
 1.01000000e+00  3.50616037e-09  3.41908661e-09  3.23362806e-09  3.35959484e-09  3.10222773e-09  4.58585514e-01  3.30590593e-09  1.59487697e-07  5.03237203e-08  1.01000000e+00 
 1.02000000e+00  3.50616037e-09  3.41908662e-09  3.23362800e-09  3.35959484e-09  3.10222773e-09  4.58585527e-01  3.30590593e-09  1.59487703e-07  5.03234858e-08  1.02000000e+00 
 1.03000000e+00  3.50616043e-09  3.41908667e-09  3.23362800e-09  3.35959484e-09  3.10222773e-09  4.58585525e-01  3.30590593e-09  1.59487701e-07  5.03235142e-08  1.03000000e+00 
 1.04000000e+00  3.50616037e-09  3.41908661e-09  3.23362800e-09  3.35959483e-09  3.10222773e-09  4.58585499e-01  3.30590593e-09  1.59487671e-07  5.03235000e-08  1.04000000e+00 
 1.05000000e+00  3.50616037e-09  3.41908667e-09  3.23362800e-09  3.35959483e-09  3.10222773e-09  4.58585501e-01  3.30590587e-09  1.59487671e-07  5.03233437e-08  1.05000000e+00 
 1.06000000e+00  3.50616037e-09  3.41908667e-09  3.23362800e-09  3.35959484e-09  3.10222773e-09  4.58585542e-01  3.30590593e-09  1.59487738e-07  5.03233863e-08  1.06000000e+00 
 1.07000000e+00  3.50616037e-09  3.41908662e-09  3.23362806e-09  3.35959484e-09  3.10222773e-09  4.58585543e-01  3.30590587e-09  1.59487732e-07  5.03233153e-08  1.07000000e+00 
 1.08000000e+00  3.50616042e-09  3.41908661e-09  3.23362806e-09  3.35959483e-09  3.10222767e-09  4.58585498e-01  3.30590587e-09  1.59487659e-07  5.03231661e-08  1.08000000e+00 
 1.09000000e+00  3.50616037e-09  3.41908662e-09  3.23362800e-09  3.35959484e-09  3.10222773e-09  4.58585529e-01  3.30590593e-09  1.59487711e-07  5.03232371e-08  1.09000000e+00 
 1.10000000e+00  3.50616037e-09  3.41908667e-09  3.23362800e-09  3.35959484e-09  3.10222773e-09  4.58585518e-01  3.30590593e-09  1.59487694e-07  5.03232158e-08  1.10000000e+00 
 1.11000000e+00  3.50616037e-09  3.41908667e-09  3.23362806e-09  3.35959484e-09  3.10222773e-09  4.58585508e-01  3.30590593e-09  1.59487677e-07  5.03229742e-08  1.11000000e+00 
 1.12000000e+00  3.50616043e-09  3.41908662e-09  3.23362806e-09  3.35959489e-09  3.10222768e-09  4.58585533e-01  3.30590593e-09  1.59487722e-07  5.03228890e-08  1.12000000e+00 
 1.13000000e+00  3.50616043e-09  3.41908661e-09  3.23362806e-09  3.35959484e-09  3.10222773e-09  4.58585511e-01  3.30590593e-09  1.59487682e-07  5.03227753e-08  1.13000000e+00 
 1.14000000e+00  3.50616037e-09  3.41908662e-09  3.23362806e-09  3.35959489e-09  3.10222768e-09  4.58585526e-01  3.30590593e-09  1.59487704e-07  5.03227042e-08  1.14000000e+00 
 1.15000000e+00  3.50616037e-09  3.41908662e-09  3.23362800e-09  3.35959489e-09  3.10222768e-09  4.58585534e-01  3.30590593e-09  1.59487727e-07  5.03228321e-08  1.15000000e+00 
 1.16000000e+00  3.50616037e-09  3.41908662e-09  3.23362800e-09  3.35959489e-09  3.10222767e-09  4.58585524e-01  3.30590587e-09  1.59487695e-07  5.03227255e-08  1.16000000e+00 
 1.17000000e+00  3.50616043e-09  3.41908662e-09  3.23362800e-09  3.35959484e-09  3.10222773e-09  4.58585525e-01  3.30590587e-09  1.59487713e-07  5.03226403e-08  1.17000000e+00 
 1.18000000e+00  3.50616037e-09  3.41908667e-09  3.23362806e-09  3.35959484e-09  3.10222768e-09  4.58585534e-01  3.30590593e-09  1.59487719e-07  5.03225834e-08  1.18000000e+00 
 1.19000000e+00  3.50616043e-09  3.41908667e-09  3.23362806e-09  3.35959484e-09  3.10222773e-09  4.58585526e-01  3.30590587e-09  1.59487697e-07  5.03225692e-08  1.19000000e+00 
 1.20000000e+00  3.50616043e-09  3.41908662e-09  3.23362806e-09  3.35959484e-09  3.10222773e-09  4.58585524e-01  3.30590593e-09  1.59487702e-07  5.03224413e-08  1.20000000e+00 
 1.21000000e+00  3.50616037e-09  3.41908667e-09  3.23362806e-09  3.35959484e-09  3.10222768e-09  4.58585527e-01  3.30590593e-09  1.59487717e-07  5.03222566e-08  1.21000000e+00 
 1.22000000e+00  3.50616037e-09  3.41908667e-09  3.23362806e-09  3.35959484e-09  3.10222773e-09  4.58585524e-01  3.30590593e-09  1.59487703e-07  5.03221429e-08  1.22000000e+00 
 1.23000000e+00  3.50616043e-09  3.41908662e-09  3.23362806e-09  3.35959484e-09  3.10222773e-09  4.58585533e-01  3.30590593e-09  1.59487718e-07  5.03221003e-08  1.23000000e+00 
 1.24000000e+00  3.50616043e-09  3.41908661e-09  3.23362806e-09  3.35959489e-09  3.10222773e-09  4.58585519e-01  3.30590593e-09  1.59487697e-07  5.03221571e-08  1.24000000e+00 
 1.25000000e+00  3.50616043e-09  3.41908662e-09  3.23362800e-09  3.35959489e-09  3.10222768e-09  4.58585533e-01  3.30590587e-09  1.59487719e-07  5.03219866e-08  1.25000000e+00 
 1.26000000e+00  3.50616043e-09  3.41908667e-09  3.23362806e-09  3.35959484e-09  3.10222773e-09  4.58585518e-01  3.30590593e-09  1.59487698e-07  5.03219155e-08  1.26000000e+00 
 1.27000000e+00  3.50616043e-09  3.41908661e-09  3.23362800e-09  3.35959484e-09  3.10222773e-09  4.58585514e-01  3.30590593e-09  1.59487700e-07  5.03217876e-08  1.27000000e+00 
 1.28000000e+00  3.50616043e-09  3.41908661e-09  3.23362806e-09  3.35959484e-09  3.10222767e-09  4.58585515e-01  3.30590587e-09  1.59487695e-07  5.03217166e-08  1.28000000e+00 
 1.29000000e+00  3.50616043e-09  3.41908667e-09  3.23362806e-09  3.35959489e-09  3.10222773e-09  4.58585516e-01  3.30590593e-09  1.59487692e-07  5.03216881e-08  1.29000000e+00 
 1.30000000e+00  3.50616037e-09  3.41908667e-09  3.23362806e-09  3.35959484e-09  3.10222767e-09  4.58585514e-01  3.30590587e-09  1.59487679e-07  5.03215460e-08  1.30000000e+00 
 1.31000000e+00  3.50616037e-09  3.41908662e-09  3.23362800e-09  3.35959484e-09  3.10222773e-09  4.58585534e-01  3.30590593e-09  1.59487711e-07  5.03216029e-08  1.31000000e+00 
 1.32000000e+00  3.50616037e-09  3.41908661e-09  3.23362806e-09  3.35959484e-09  3.10222767e-09  4.58585515e-01  3.30590587e-09  1.59487688e-07  5.03215034e-08  1.32000000e+00 
 1.33000000e+00  3.50616043e-09  3.41908661e-09  3.23362800e-09  3.35959489e-09  3.10222767e-09  4.58585512e-01  3.30590587e-09  1.59487670e-07  5.03215460e-08  1.33000000e+00 
 1.34000000e+00  3.50616043e-09  3.41908662e-09  3.23362806e-09  3.35959484e-09  3.10222773e-09  4.58585524e-01  3.30590593e-09  1.59487707e-07  5.03212760e-08  1.34000000e+00 
 1.35000000e+00  3.50616037e-09  3.41908667e-09  3.23362800e-09  3.35959484e-09  3.10222773e-09  4.58585533e-01  3.30590587e-09  1.59487705e-07  5.03213045e-08  1.35000000e+00 
 1.36000000e+00  3.50616037e-09  3.41908667e-09  3.23362806e-09  3.35959484e-09  3.10222773e-09  4.58585538e-01  3.30590593e-09  1.59487731e-07  5.03211908e-08  1.36000000e+00 
 1.37000000e+00  3.50616043e-09  3.41908662e-09  3.23362800e-09  3.35959484e-09  3.10222773e-09  4.58585537e-01  3.30590587e-09  1.59487721e-07  5.03210913e-08  1.37000000e+00 
 1.38000000e+00  3.50616043e-09  3.41908662e-09  3.23362800e-09  3.35959484e-09  3.10222773e-09  4.58585527e-01  3.30590593e-09  1.59487716e-07  5.03209918e-08  1.38000000e+00 
 1.39000000e+00  3.50616043e-09  3.41908662e-09  3.23362800e-09  3.35959490e-09  3.10222768e-09  4.58585544e-01  3.30590593e-09  1.59487722e-07  5.03208355e-08  1.39000000e+00 
 1.40000000e+00  3.50616037e-09  3.41908662e-09  3.23362800e-09  3.35959489e-09  3.10222773e-09  4.58585538e-01  3.30590587e-09  1.59487716e-07  5.03207644e-08  1.40000000e+00 
 1.41000000e+00  3.50616037e-09  3.41908662e-09  3.23362806e-09  3.35959484e-09  3.10222773e-09  4.58585534e-01  3.30590593e-09  1.59487719e-07  5.03206650e-08  1.41000000e+00 
 1.42000000e+00  3.50616043e-09  3.41908667e-09  3.23362806e-09  3.35959484e-09  3.10222773e-09  4.58585535e-01  3.30590593e-09  1.59487715e-07  5.03204660e-08  1.42000000e+00 
 1.43000000e+00  3.50616037e-09  3.41908662e-09  3.23362800e-09  3.35959489e-09  3.10222768e-09  4.58585538e-01  3.30590593e-09  1.59487718e-07  5.03204234e-08  1.43000000e+00 
 1.44000000e+00  3.50616037e-09  3.41908662e-09  3.23362800e-09  3.35959489e-09  3.10222773e-09  4.58585527e-01  3.30590587e-09  1.59487712e-07  5.03203239e-08  1.44000000e+00 
 1.45000000e+00  3.50616037e-09  3.41908667e-09  3.23362806e-09  3.35959489e-09  3.10222773e-09  4.58585509e-01  3.30590593e-09  1.59487677e-07  5.03202529e-08  1.45000000e+00 
 1.46000000e+00  3.50616037e-09  3.41908662e-09  3.23362800e-09  3.35959489e-09  3.10222773e-09  4.58585530e-01  3.30590593e-09  1.59487718e-07  5.03199971e-08  1.46000000e+00 
 1.47000000e+00  3.50616037e-09  3.41908662e-09  3.23362806e-09  3.35959489e-09  3.10222768e-09  4.58585534e-01  3.30590593e-09  1.59487723e-07  5.03198692e-08  1.47000000e+00 
 1.48000000e+00  3.50616037e-09  3.41908661e-09  3.23362806e-09  3.35959484e-09  3.10222773e-09  4.58585520e-01  3.30590587e-09  1.59487696e-07  5.03196560e-08  1.48000000e+00 
 1.49000000e+00  3.50616042e-09  3.41908661e-09  3.23362806e-09  3.35959484e-09  3.10222767e-09  4.58585509e-01  3.30590593e-09  1.59487684e-07  5.03195139e-08  1.49000000e+00 
 1.50000000e+00  3.50616042e-09  3.41908661e-09  3.23362800e-09  3.35959484e-09  3.10222767e-09  4.58585510e-01  3.30590587e-09  1.59487678e-07  5.03192865e-08  1.50000000e+00 
 1.51000000e+00  3.50616042e-09  3.41908667e-09  3.23362806e-09  3.35959483e-09  3.10222767e-09  4.58585495e-01  3.30590593e-09  1.59487676e-07  5.03189739e-08  1.51000000e+00 
 1.52000000e+00  3.50616042e-09  3.41908667e-09  3.23362806e-09  3.35959484e-09  3.10222773e-09  4.58585508e-01  3.30590587e-09  1.59487681e-07  5.03187323e-08  1.52000000e+00 
 1.53000000e+00  3.50616042e-09  3.41908661e-09  3.23362800e-09  3.35959489e-09  3.10222773e-09  4.58585509e-01  3.30590587e-09  1.59487683e-07  5.03183060e-08  1.53000000e+00 
 1.54000000e+00  3.50616043e-09  3.41908667e-09  3.23362800e-09  3.35959484e-09  3.10222773e-09  4.58585514e-01  3.30590593e-09  1.59487690e-07  5.03180786e-08  1.54000000e+00 
 1.55000000e+00  3.50616037e-09  3.41908662e-09  3.23362800e-09  3.35959489e-09  3.10222768e-09  4.58585527e-01  3.30590587e-09  1.59487693e-07  5.03173112e-08  1.55000000e+00 
 1.56000000e+00  3.50616037e-09  3.41908662e-09  3.23362806e-09  3.35959484e-09  3.10222773e-09  4.58585548e-01  3.30590593e-09  1.59487724e-07  5.03166007e-08  1.56000000e+00 
 1.57000000e+00  3.50616043e-09  3.41908667e-09  3.23362800e-09  3.35959484e-09  3.10222773e-09  4.58585542e-01  3.30590587e-09  1.59487742e-07  5.03155491e-08  1.57000000e+00 
 1.58000000e+00  3.50616037e-09  3.41908667e-09  3.23362806e-09  3.35959484e-09  3.10222768e-09  4.58585526e-01  3.30590593e-09  1.59487724e-07  5.03140996e-08  1.58000000e+00 
 1.59000000e+00  3.50616037e-09  3.41908667e-09  3.23362806e-09  3.35959484e-09  3.10222767e-09  4.58585524e-01  3.30590593e-09  1.59487701e-07  5.03117548e-08  1.59000000e+00 
 1.60000000e+00  3.50616037e-09  3.41908667e-09  3.23362800e-09  3.35959489e-09  3.10222773e-09  4.58585520e-01  3.30590593e-09  1.59487701e-07  5.03081878e-08  1.60000000e+00 
 1.61000000e+00  3.50616042e-09  3.41908661e-09  3.23362800e-09  3.35959483e-09  3.10222773e-09  4.58585490e-01  3.30590593e-09  1.59487656e-07  5.03017645e-08  1.61000000e+00 
 1.62000000e+00  3.50616042e-09  3.41908667e-09  3.23362806e-09  3.35959484e-09  3.10222773e-09  4.58585508e-01  3.30590593e-09  1.59487680e-07  5.02906943e-08  1.62000000e+00 
 1.63000000e+00  3.50616043e-09  3.41908667e-09  3.23362800e-09  3.35959484e-09  3.10222773e-09  4.58585527e-01  3.30590587e-09  1.59487709e-07  5.02705433e-08  1.63000000e+00 
 1.64000000e+00  3.50616037e-09  3.41908667e-09  3.23362806e-09  3.35959489e-09  3.10222767e-09  4.58585521e-01  3.30590593e-09  1.59487712e-07  5.02321029e-08  1.64000000e+00 
 1.65000000e+00  3.50616043e-09  3.41908662e-09  3.23362800e-09  3.35959489e-09  3.10222768e-09  4.58585538e-01  3.30590593e-09  1.59487724e-07  5.01549238e-08  1.65000000e+00 
 1.66000000e+00  3.50616043e-09  3.41908661e-09  3.23362800e-09  3.35959484e-09  3.10222773e-09  4.58585522e-01  3.30590587e-09  1.59487691e-07  4.98598069e-08  1.66000000e+00 
 1.67000000e+00  3.50616037e-09  3.41908661e-09  3.23362806e-09  3.35959484e-09  3.10222767e-09  4.58585509e-01  3.30590587e-09  1.59487682e-07  4.84827183e-08  1.67000000e+00 
 1.68000000e+00  3.50616037e-09  3.41908661e-09  3.23362806e-09  3.35959484e-09  3.10222767e-09  4.58585514e-01  3.30590587e-09  1.59487688e-07  4.31641212e-08  1.68000000e+00 
 1.69000000e+00  3.50616037e-09  3.41908661e-09  3.23362806e-09  3.35959489e-09  3.10222773e-09  4.58585515e-01  3.30590587e-09  1.59487696e-07  3.41632926e-08  1.69000000e+00 
 1.70000000e+00  3.50616037e-09  3.41908661e-09  3.23362806e-09  3.35959484e-09  3.10222773e-09  4.58585521e-01  3.30590587e-09  1.59487697e-07  2.67611711e-08  1.70000000e+00 
 1.71000000e+00  3.50616043e-09  3.41908662e-09  3.23362806e-09  3.35959484e-09  3.10222773e-09  4.58585532e-01  3.30590587e-09  1.59487719e-07  2.06994173e-08  1.71000000e+00 
 1.72000000e+00  3.50616043e-09  3.41908667e-09  3.23362806e-09  3.35959484e-09  3.10222773e-09  4.58585526e-01  3.30590587e-09  1.59487712e-07  1.57500324e-08  1.72000000e+00 
 1.73000000e+00  3.50616042e-09  3.41908661e-09  3.23362800e-09  3.35959483e-09  3.10222773e-09  4.58585498e-01  3.30590593e-09  1.59487663e-07  1.17154570e-08  1.73000000e+00 
 1.74000000e+00  3.50616037e-09  3.41908661e-09  3.23362806e-09  3.35959484e-09  3.10222767e-09  4.58585522e-01  3.30590593e-09  1.59487701e-07  8.42474890e-09  1.74000000e+00 
 1.75000000e+00  3.50616043e-09  3.41908667e-09  3.23362806e-09  3.35959484e-09  3.10222773e-09  4.58585521e-01  3.30590593e-09  1.59487702e-07  5.72970293e-09  1.75000000e+00 
 1.76000000e+00  3.50616043e-09  3.41908661e-09  3.23362800e-09  3.35959489e-09  3.10222773e-09  4.58585522e-01  3.30590593e-09  1.59487708e-07  3.50362939e-09  1.76000000e+00 
 1.77000000e+00  3.50616037e-09  3.41908661e-09  3.23362806e-09  3.35959484e-09  3.10222773e-09  4.58585515e-01  3.30590587e-09  1.59487698e-07  1.64692437e-09  1.77000000e+00 
 1.78000000e+00  3.50616043e-09  3.41908662e-09  3.23362800e-09  3.35959489e-09  3.10222773e-09  4.58585536e-01  3.30590593e-09  1.59487718e-07  9.85238557e-11  1.78000000e+00 
 1.79000000e+00  3.50616042e-09  3.41908661e-09  3.23362806e-09  3.35959483e-09  3.10222773e-09  4.58585502e-01  3.30590593e-09  1.59487666e-07 -1.16138210e-09  1.79000000e+00 
 1.80000000e+00  3.50616043e-09  3.41908667e-09  3.23362806e-09  3.35959484e-09  3.10222773e-09  4.58585529e-01  3.30590593e-09  1.59487725e-07 -2.13297824e-09  1.80000000e+00 
