 v-sweep         v(b0)           v(b1)           v(b2)           v(b3)           v(b4)           v(b5)           v(b6)           i(vbias)        i(viout)        v(vout)        
 0.00000000e+00  4.58971872e-01  4.58971872e-01  3.24844847e-09  3.41214365e-09  4.58971872e-01  4.58971871e-01  3.43311600e-09  1.59546724e-07  7.65457011e-08  0.00000000e+00 
 1.00000000e-02  4.58971871e-01  4.58971871e-01  3.24844844e-09  3.41214363e-09  4.58971871e-01  4.58971871e-01  3.43311602e-09  1.59546722e-07  7.65454412e-08  1.00000000e-02 
 2.00000000e-02  4.58971871e-01  4.58971871e-01  3.24844844e-09  3.41214369e-09  4.58971871e-01  4.58971871e-01  3.43311602e-09  1.59546722e-07  7.65448993e-08  2.00000000e-02 
 3.00000000e-02  4.58971871e-01  4.58971871e-01  3.24844844e-09  3.41214363e-09  4.58971871e-01  4.58971871e-01  3.43311602e-09  1.59546719e-07  7.65446098e-08  3.00000000e-02 
 4.00000000e-02  4.58971893e-01  4.58971893e-01  3.24844844e-09  3.41214363e-09  4.58971893e-01  4.58971893e-01  3.43311597e-09  1.59546764e-07  7.65442922e-08  4.00000000e-02 
 5.00000000e-02  4.58971872e-01  4.58971873e-01  3.24844844e-09  3.41214363e-09  4.58971873e-01  4.58971872e-01  3.43311597e-09  1.59546722e-07  7.65439858e-08  5.00000000e-02 
 6.00000000e-02  4.58971884e-01  4.58971884e-01  3.24844844e-09  3.41214363e-09  4.58971884e-01  4.58971884e-01  3.43311597e-09  1.59546748e-07  7.65437052e-08  6.00000000e-02 
 7.00000000e-02  4.58971862e-01  4.58971862e-01  3.24844844e-09  3.41214369e-09  4.58971862e-01  4.58971862e-01  3.43311602e-09  1.59546710e-07  7.65432837e-08  7.00000000e-02 
 8.00000000e-02  4.58971899e-01  4.58971900e-01  3.24844844e-09  3.41214369e-09  4.58971900e-01  4.58971899e-01  3.43311597e-09  1.59546766e-07  7.65429924e-08  8.00000000e-02 
 9.00000000e-02  4.58971895e-01  4.58971895e-01  3.24844844e-09  3.41214369e-09  4.58971895e-01  4.58971895e-01  3.43311602e-09  1.59546756e-07  7.65427579e-08  9.00000000e-02 
 1.00000000e-01  4.58971875e-01  4.58971875e-01  3.24844844e-09  3.41214369e-09  4.58971875e-01  4.58971875e-01  3.43311602e-09  1.59546727e-07  7.65424266e-08  1.00000000e-01 
 1.10000000e-01  4.58971882e-01  4.58971882e-01  3.24844844e-09  3.41214363e-09  4.58971882e-01  4.58971882e-01  3.43311602e-09  1.59546752e-07  7.65422339e-08  1.10000000e-01 
 1.20000000e-01  4.58971894e-01  4.58971894e-01  3.24844844e-09  3.41214369e-09  4.58971894e-01  4.58971894e-01  3.43311602e-09  1.59546749e-07  7.65419292e-08  1.20000000e-01 
 1.30000000e-01  4.58971886e-01  4.58971886e-01  3.24844844e-09  3.41214363e-09  4.58971886e-01  4.58971886e-01  3.43311597e-09  1.59546745e-07  7.65417658e-08  1.30000000e-01 
 1.40000000e-01  4.58971872e-01  4.58971872e-01  3.24844844e-09  3.41214363e-09  4.58971872e-01  4.58971872e-01  3.43311597e-09  1.59546721e-07  7.65415251e-08  1.40000000e-01 
 1.50000000e-01  4.58971894e-01  4.58971894e-01  3.24844844e-09  3.41214363e-09  4.58971894e-01  4.58971894e-01  3.43311602e-09  1.59546766e-07  7.65413244e-08  1.50000000e-01 
 1.60000000e-01  4.58971877e-01  4.58971877e-01  3.24844844e-09  3.41214369e-09  4.58971877e-01  4.58971877e-01  3.43311602e-09  1.59546735e-07  7.65410153e-08  1.60000000e-01 
 1.70000000e-01  4.58971899e-01  4.58971899e-01  3.24844844e-09  3.41214363e-09  4.58971899e-01  4.58971899e-01  3.43311597e-09  1.59546767e-07  7.65408501e-08  1.70000000e-01 
 1.80000000e-01  4.58971879e-01  4.58971879e-01  3.24844844e-09  3.41214363e-09  4.58971879e-01  4.58971879e-01  3.43311597e-09  1.59546726e-07  7.65406707e-08  1.80000000e-01 
 1.90000000e-01  4.58971887e-01  4.58971887e-01  3.24844844e-09  3.41214363e-09  4.58971887e-01  4.58971887e-01  3.43311597e-09  1.59546748e-07  7.65405908e-08  1.90000000e-01 
 2.00000000e-01  4.58971860e-01  4.58971860e-01  3.24844844e-09  3.41214363e-09  4.58971860e-01  4.58971860e-01  3.43311596e-09  1.59546702e-07  7.65403492e-08  2.00000000e-01 
 2.10000000e-01  4.58971911e-01  4.58971911e-01  3.24844844e-09  3.41214363e-09  4.58971911e-01  4.58971911e-01  3.43311602e-09  1.59546784e-07  7.65403403e-08  2.10000000e-01 
 2.20000000e-01  4.58971893e-01  4.58971893e-01  3.24844844e-09  3.41214363e-09  4.58971893e-01  4.58971893e-01  3.43311602e-09  1.59546743e-07  7.65400827e-08  2.20000000e-01 
 2.30000000e-01  4.58971870e-01  4.58971870e-01  3.24844844e-09  3.41214369e-09  4.58971870e-01  4.58971870e-01  3.43311597e-09  1.59546726e-07  7.65398713e-08  2.30000000e-01 
 2.40000000e-01  4.58971839e-01  4.58971839e-01  3.24844844e-09  3.41214368e-09  4.58971839e-01  4.58971839e-01  3.43311596e-09  1.59546672e-07  7.65397630e-08  2.40000000e-01 
 2.50000000e-01  4.58971891e-01  4.58971891e-01  3.24844844e-09  3.41214363e-09  4.58971891e-01  4.58971891e-01  3.43311602e-09  1.59546757e-07  7.65395693e-08  2.50000000e-01 
 2.60000000e-01  4.58971899e-01  4.58971899e-01  3.24844844e-09  3.41214363e-09  4.58971899e-01  4.58971899e-01  3.43311597e-09  1.59546758e-07  7.65395214e-08  2.60000000e-01 
 2.70000000e-01  4.58971878e-01  4.58971878e-01  3.24844844e-09  3.41214363e-09  4.58971878e-01  4.58971878e-01  3.43311597e-09  1.59546734e-07  7.65393775e-08  2.70000000e-01 
 2.80000000e-01  4.58971901e-01  4.58971901e-01  3.24844844e-09  3.41214363e-09  4.58971901e-01  4.58971901e-01  3.43311597e-09  1.59546768e-07  7.65392443e-08  2.80000000e-01 
 2.90000000e-01  4.58971877e-01  4.58971878e-01  3.24844844e-09  3.41214363e-09  4.58971878e-01  4.58971877e-01  3.43311602e-09  1.59546729e-07  7.65391093e-08  2.90000000e-01 
 3.00000000e-01  4.58971899e-01  4.58971899e-01  3.24844844e-09  3.41214369e-09  4.58971899e-01  4.58971899e-01  3.43311597e-09  1.59546769e-07  7.65390631e-08  3.00000000e-01 
 3.10000000e-01  4.58971899e-01  4.58971899e-01  3.24844844e-09  3.41214363e-09  4.58971899e-01  4.58971899e-01  3.43311602e-09  1.59546763e-07  7.65389174e-08  3.10000000e-01 
 3.20000000e-01  4.58971893e-01  4.58971893e-01  3.24844844e-09  3.41214363e-09  4.58971893e-01  4.58971892e-01  3.43311597e-09  1.59546742e-07  7.65387220e-08  3.20000000e-01 
 3.30000000e-01  4.58971860e-01  4.58971860e-01  3.24844844e-09  3.41214363e-09  4.58971860e-01  4.58971860e-01  3.43311602e-09  1.59546697e-07  7.65385941e-08  3.30000000e-01 
 3.40000000e-01  4.58971896e-01  4.58971896e-01  3.24844844e-09  3.41214363e-09  4.58971896e-01  4.58971896e-01  3.43311597e-09  1.59546770e-07  7.65386261e-08  3.40000000e-01 
 3.50000000e-01  4.58971899e-01  4.58971899e-01  3.24844844e-09  3.41214363e-09  4.58971899e-01  4.58971899e-01  3.43311597e-09  1.59546759e-07  7.65384449e-08  3.50000000e-01 
 3.60000000e-01  4.58971902e-01  4.58971902e-01  3.24844844e-09  3.41214363e-09  4.58971902e-01  4.58971902e-01  3.43311597e-09  1.59546763e-07  7.65384698e-08  3.60000000e-01 
 3.70000000e-01  4.58971884e-01  4.58971884e-01  3.24844844e-09  3.41214369e-09  4.58971884e-01  4.58971884e-01  3.43311602e-09  1.59546735e-07  7.65382744e-08  3.70000000e-01 
 3.80000000e-01  4.58971883e-01  4.58971883e-01  3.24844844e-09  3.41214363e-09  4.58971883e-01  4.58971883e-01  3.43311602e-09  1.59546742e-07  7.65382033e-08  3.80000000e-01 
 3.90000000e-01  4.58971855e-01  4.58971855e-01  3.24844844e-09  3.41214363e-09  4.58971855e-01  4.58971855e-01  3.43311602e-09  1.59546697e-07  7.65381252e-08  3.90000000e-01 
 4.00000000e-01  4.58971871e-01  4.58971871e-01  3.24844844e-09  3.41214363e-09  4.58971871e-01  4.58971871e-01  3.43311597e-09  1.59546723e-07  7.65380790e-08  4.00000000e-01 
 4.10000000e-01  4.58971873e-01  4.58971873e-01  3.24844844e-09  3.41214363e-09  4.58971873e-01  4.58971873e-01  3.43311597e-09  1.59546714e-07  7.65380648e-08  4.10000000e-01 
 4.20000000e-01  4.58971888e-01  4.58971888e-01  3.24844844e-09  3.41214369e-09  4.58971888e-01  4.58971888e-01  3.43311597e-09  1.59546748e-07  7.65379760e-08  4.20000000e-01 
 4.30000000e-01  4.58971898e-01  4.58971899e-01  3.24844844e-09  3.41214369e-09  4.58971898e-01  4.58971898e-01  3.43311602e-09  1.59546756e-07  7.65378871e-08  4.30000000e-01 
 4.40000000e-01  4.58971894e-01  4.58971894e-01  3.24844844e-09  3.41214369e-09  4.58971894e-01  4.58971894e-01  3.43311597e-09  1.59546756e-07  7.65377166e-08  4.40000000e-01 
 4.50000000e-01  4.58971862e-01  4.58971862e-01  3.24844844e-09  3.41214363e-09  4.58971862e-01  4.58971861e-01  3.43311602e-09  1.59546705e-07  7.65375958e-08  4.50000000e-01 
 4.60000000e-01  4.58971870e-01  4.58971870e-01  3.24844844e-09  3.41214363e-09  4.58971870e-01  4.58971870e-01  3.43311597e-09  1.59546726e-07  7.65374821e-08  4.60000000e-01 
 4.70000000e-01  4.58971872e-01  4.58971872e-01  3.24844844e-09  3.41214369e-09  4.58971872e-01  4.58971872e-01  3.43311602e-09  1.59546726e-07  7.65374466e-08  4.70000000e-01 
 4.80000000e-01  4.58971881e-01  4.58971881e-01  3.24844844e-09  3.41214363e-09  4.58971881e-01  4.58971881e-01  3.43311602e-09  1.59546739e-07  7.65373187e-08  4.80000000e-01 
 4.90000000e-01  4.58971912e-01  4.58971912e-01  3.24844844e-09  3.41214363e-09  4.58971912e-01  4.58971912e-01  3.43311597e-09  1.59546780e-07  7.65373578e-08  4.90000000e-01 
 5.00000000e-01  4.58971851e-01  4.58971851e-01  3.24844844e-09  3.41214363e-09  4.58971851e-01  4.58971851e-01  3.43311596e-09  1.59546699e-07  7.65372050e-08  5.00000000e-01 
 5.10000000e-01  4.58971892e-01  4.58971892e-01  3.24844844e-09  3.41214363e-09  4.58971892e-01  4.58971892e-01  3.43311602e-09  1.59546753e-07  7.65371873e-08  5.10000000e-01 
 5.20000000e-01  4.58971884e-01  4.58971885e-01  3.24844844e-09  3.41214369e-09  4.58971884e-01  4.58971884e-01  3.43311597e-09  1.59546741e-07  7.65372157e-08  5.20000000e-01 
 5.30000000e-01  4.58971895e-01  4.58971895e-01  3.24844844e-09  3.41214363e-09  4.58971895e-01  4.58971895e-01  3.43311597e-09  1.59546765e-07  7.65371411e-08  5.30000000e-01 
 5.40000000e-01  4.58971897e-01  4.58971897e-01  3.24844844e-09  3.41214363e-09  4.58971897e-01  4.58971897e-01  3.43311602e-09  1.59546745e-07  7.65370238e-08  5.40000000e-01 
 5.50000000e-01  4.58971905e-01  4.58971905e-01  3.24844844e-09  3.41214369e-09  4.58971905e-01  4.58971905e-01  3.43311602e-09  1.59546755e-07  7.65368640e-08  5.50000000e-01 
 5.60000000e-01  4.58971875e-01  4.58971875e-01  3.24844844e-09  3.41214369e-09  4.58971875e-01  4.58971875e-01  3.43311597e-09  1.59546714e-07  7.65368249e-08  5.60000000e-01 
 5.70000000e-01  4.58971879e-01  4.58971879e-01  3.24844844e-09  3.41214369e-09  4.58971879e-01  4.58971879e-01  3.43311602e-09  1.59546751e-07  7.65367325e-08  5.70000000e-01 
 5.80000000e-01  4.58971888e-01  4.58971888e-01  3.24844844e-09  3.41214363e-09  4.58971888e-01  4.58971888e-01  3.43311597e-09  1.59546739e-07  7.65365655e-08  5.80000000e-01 
 5.90000000e-01  4.58971874e-01  4.58971874e-01  3.24844844e-09  3.41214369e-09  4.58971874e-01  4.58971874e-01  3.43311597e-09  1.59546720e-07  7.65365087e-08  5.90000000e-01 
 6.00000000e-01  4.58971868e-01  4.58971868e-01  3.24844844e-09  3.41214363e-09  4.58971868e-01  4.58971868e-01  3.43311597e-09  1.59546709e-07  7.65366153e-08  6.00000000e-01 
 6.10000000e-01  4.58971885e-01  4.58971885e-01  3.24844844e-09  3.41214363e-09  4.58971885e-01  4.58971885e-01  3.43311597e-09  1.59546732e-07  7.65364803e-08  6.10000000e-01 
 6.20000000e-01  4.58971883e-01  4.58971883e-01  3.24844844e-09  3.41214369e-09  4.58971883e-01  4.58971883e-01  3.43311597e-09  1.59546744e-07  7.65364376e-08  6.20000000e-01 
 6.30000000e-01  4.58971860e-01  4.58971860e-01  3.24844844e-09  3.41214363e-09  4.58971860e-01  4.58971860e-01  3.43311596e-09  1.59546695e-07  7.65362174e-08  6.30000000e-01 
 6.40000000e-01  4.58971863e-01  4.58971863e-01  3.24844844e-09  3.41214363e-09  4.58971863e-01  4.58971863e-01  3.43311602e-09  1.59546719e-07  7.65363239e-08  6.40000000e-01 
 6.50000000e-01  4.58971895e-01  4.58971895e-01  3.24844844e-09  3.41214369e-09  4.58971895e-01  4.58971895e-01  3.43311602e-09  1.59546758e-07  7.65361321e-08  6.50000000e-01 
 6.60000000e-01  4.58971884e-01  4.58971884e-01  3.24844844e-09  3.41214363e-09  4.58971884e-01  4.58971884e-01  3.43311597e-09  1.59546738e-07  7.65362174e-08  6.60000000e-01 
 6.70000000e-01  4.58971876e-01  4.58971876e-01  3.24844844e-09  3.41214369e-09  4.58971876e-01  4.58971876e-01  3.43311602e-09  1.59546732e-07  7.65360184e-08  6.70000000e-01 
 6.80000000e-01  4.58971871e-01  4.58971871e-01  3.24844844e-09  3.41214369e-09  4.58971871e-01  4.58971871e-01  3.43311597e-09  1.59546715e-07  7.65359829e-08  6.80000000e-01 
 6.90000000e-01  4.58971878e-01  4.58971878e-01  3.24844844e-09  3.41214363e-09  4.58971878e-01  4.58971878e-01  3.43311602e-09  1.59546741e-07  7.65360824e-08  6.90000000e-01 
 7.00000000e-01  4.58971868e-01  4.58971868e-01  3.24844844e-09  3.41214363e-09  4.58971868e-01  4.58971868e-01  3.43311597e-09  1.59546702e-07  7.65358763e-08  7.00000000e-01 
 7.10000000e-01  4.58971893e-01  4.58971893e-01  3.24844844e-09  3.41214363e-09  4.58971893e-01  4.58971893e-01  3.43311597e-09  1.59546756e-07  7.65358266e-08  7.10000000e-01 
 7.20000000e-01  4.58971885e-01  4.58971885e-01  3.24844844e-09  3.41214363e-09  4.58971885e-01  4.58971885e-01  3.43311597e-09  1.59546748e-07  7.65357271e-08  7.20000000e-01 
 7.30000000e-01  4.58971889e-01  4.58971890e-01  3.24844844e-09  3.41214363e-09  4.58971890e-01  4.58971889e-01  3.43311597e-09  1.59546753e-07  7.65357555e-08  7.30000000e-01 
 7.40000000e-01  4.58971866e-01  4.58971866e-01  3.24844844e-09  3.41214369e-09  4.58971866e-01  4.58971866e-01  3.43311602e-09  1.59546721e-07  7.65356916e-08  7.40000000e-01 
 7.50000000e-01  4.58971870e-01  4.58971870e-01  3.24844844e-09  3.41214363e-09  4.58971870e-01  4.58971870e-01  3.43311602e-09  1.59546728e-07  7.65354784e-08  7.50000000e-01 
 7.60000000e-01  4.58971869e-01  4.58971869e-01  3.24844844e-09  3.41214363e-09  4.58971869e-01  4.58971869e-01  3.43311597e-09  1.59546722e-07  7.65354784e-08  7.60000000e-01 
 7.70000000e-01  4.58971884e-01  4.58971884e-01  3.24844844e-09  3.41214363e-09  4.58971884e-01  4.58971884e-01  3.43311597e-09  1.59546749e-07  7.65354145e-08  7.70000000e-01 
 7.80000000e-01  4.58971922e-01  4.58971922e-01  3.24844844e-09  3.41214369e-09  4.58971922e-01  4.58971922e-01  3.43311597e-09  1.59546783e-07  7.65354358e-08  7.80000000e-01 
 7.90000000e-01  4.58971884e-01  4.58971884e-01  3.24844844e-09  3.41214369e-09  4.58971884e-01  4.58971884e-01  3.43311602e-09  1.59546737e-07  7.65352155e-08  7.90000000e-01 
 8.00000000e-01  4.58971868e-01  4.58971868e-01  3.24844844e-09  3.41214363e-09  4.58971868e-01  4.58971868e-01  3.43311597e-09  1.59546717e-07  7.65352368e-08  8.00000000e-01 
 8.10000000e-01  4.58971889e-01  4.58971889e-01  3.24844844e-09  3.41214363e-09  4.58971889e-01  4.58971889e-01  3.43311597e-09  1.59546749e-07  7.65352013e-08  8.10000000e-01 
 8.20000000e-01  4.58971868e-01  4.58971868e-01  3.24844844e-09  3.41214369e-09  4.58971868e-01  4.58971868e-01  3.43311597e-09  1.59546716e-07  7.65350094e-08  8.20000000e-01 
 8.30000000e-01  4.58971875e-01  4.58971875e-01  3.24844844e-09  3.41214369e-09  4.58971875e-01  4.58971875e-01  3.43311602e-09  1.59546740e-07  7.65349526e-08  8.30000000e-01 
 8.40000000e-01  4.58971851e-01  4.58971851e-01  3.24844844e-09  3.41214369e-09  4.58971851e-01  4.58971851e-01  3.43311602e-09  1.59546682e-07  7.65349313e-08  8.40000000e-01 
 8.50000000e-01  4.58971901e-01  4.58971901e-01  3.24844844e-09  3.41214363e-09  4.58971901e-01  4.58971901e-01  3.43311602e-09  1.59546764e-07  7.65348460e-08  8.50000000e-01 
 8.60000000e-01  4.58971886e-01  4.58971886e-01  3.24844844e-09  3.41214369e-09  4.58971886e-01  4.58971886e-01  3.43311597e-09  1.59546752e-07  7.65347536e-08  8.60000000e-01 
 8.70000000e-01  4.58971872e-01  4.58971872e-01  3.24844844e-09  3.41214363e-09  4.58971872e-01  4.58971872e-01  3.43311602e-09  1.59546721e-07  7.65346968e-08  8.70000000e-01 
 8.80000000e-01  4.58971879e-01  4.58971879e-01  3.24844844e-09  3.41214363e-09  4.58971879e-01  4.58971879e-01  3.43311602e-09  1.59546728e-07  7.65346542e-08  8.80000000e-01 
 8.90000000e-01  4.58971857e-01  4.58971857e-01  3.24844844e-09  3.41214363e-09  4.58971857e-01  4.58971857e-01  3.43311596e-09  1.59546706e-07  7.65344979e-08  8.90000000e-01 
 9.00000000e-01  4.58971894e-01  4.58971894e-01  3.24844844e-09  3.41214369e-09  4.58971894e-01  4.58971894e-01  3.43311597e-09  1.59546760e-07  7.65346115e-08  9.00000000e-01 
 9.10000000e-01  4.58971866e-01  4.58971866e-01  3.24844844e-09  3.41214369e-09  4.58971866e-01  4.58971866e-01  3.43311597e-09  1.59546704e-07  7.65344339e-08  9.10000000e-01 
 9.20000000e-01  4.58971864e-01  4.58971864e-01  3.24844844e-09  3.41214363e-09  4.58971864e-01  4.58971864e-01  3.43311602e-09  1.59546719e-07  7.65343557e-08  9.20000000e-01 
 9.30000000e-01  4.58971885e-01  4.58971885e-01  3.24844844e-09  3.41214363e-09  4.58971885e-01  4.58971885e-01  3.43311602e-09  1.59546747e-07  7.65343984e-08  9.30000000e-01 
 9.40000000e-01  4.58971888e-01  4.58971888e-01  3.24844844e-09  3.41214363e-09  4.58971888e-01  4.58971888e-01  3.43311597e-09  1.59546733e-07  7.65342278e-08  9.40000000e-01 
 9.50000000e-01  4.58971874e-01  4.58971874e-01  3.24844844e-09  3.41214363e-09  4.58971874e-01  4.58971874e-01  3.43311602e-09  1.59546714e-07  7.65340644e-08  9.50000000e-01 
 9.60000000e-01  4.58971872e-01  4.58971872e-01  3.24844844e-09  3.41214363e-09  4.58971872e-01  4.58971872e-01  3.43311602e-09  1.59546728e-07  7.65340360e-08  9.60000000e-01 
 9.70000000e-01  4.58971875e-01  4.58971875e-01  3.24844844e-09  3.41214369e-09  4.58971875e-01  4.58971875e-01  3.43311597e-09  1.59546721e-07  7.65340644e-08  9.70000000e-01 
 9.80000000e-01  4.58971884e-01  4.58971884e-01  3.24844844e-09  3.41214369e-09  4.58971884e-01  4.58971884e-01  3.43311597e-09  1.59546750e-07  7.65339436e-08  9.80000000e-01 
 9.90000000e-01  4.58971898e-01  4.58971899e-01  3.24844844e-09  3.41214363e-09  4.58971899e-01  4.58971898e-01  3.43311597e-09  1.59546749e-07  7.65338868e-08  9.90000000e-01 
 1.00000000e+00  4.58971866e-01  4.58971866e-01  3.24844844e-09  3.41214363e-09  4.58971866e-01  4.58971866e-01  3.43311597e-09  1.59546709e-07  7.65338015e-08  1.00000000e+00 
 1.01000000e+00  4.58971872e-01  4.58971872e-01  3.24844844e-09  3.41214369e-09  4.58971872e-01  4.58971872e-01  3.43311597e-09  1.59546738e-07  7.65336807e-08  1.01000000e+00 
 1.02000000e+00  4.58971887e-01  4.58971887e-01  3.24844844e-09  3.41214363e-09  4.58971887e-01  4.58971887e-01  3.43311597e-09  1.59546747e-07  7.65337447e-08  1.02000000e+00 
 1.03000000e+00  4.58971873e-01  4.58971873e-01  3.24844844e-09  3.41214363e-09  4.58971873e-01  4.58971873e-01  3.43311597e-09  1.59546720e-07  7.65335955e-08  1.03000000e+00 
 1.04000000e+00  4.58971884e-01  4.58971884e-01  3.24844844e-09  3.41214363e-09  4.58971884e-01  4.58971884e-01  3.43311597e-09  1.59546734e-07  7.65335955e-08  1.04000000e+00 
 1.05000000e+00  4.58971882e-01  4.58971882e-01  3.24844844e-09  3.41214363e-09  4.58971882e-01  4.58971882e-01  3.43311602e-09  1.59546738e-07  7.65334107e-08  1.05000000e+00 
 1.06000000e+00  4.58971868e-01  4.58971868e-01  3.24844844e-09  3.41214369e-09  4.58971868e-01  4.58971868e-01  3.43311597e-09  1.59546720e-07  7.65332118e-08  1.06000000e+00 
 1.07000000e+00  4.58971897e-01  4.58971897e-01  3.24844844e-09  3.41214369e-09  4.58971897e-01  4.58971897e-01  3.43311602e-09  1.59546775e-07  7.65331762e-08  1.07000000e+00 
 1.08000000e+00  4.58971855e-01  4.58971855e-01  3.24844844e-09  3.41214363e-09  4.58971855e-01  4.58971855e-01  3.43311596e-09  1.59546696e-07  7.65332047e-08  1.08000000e+00 
 1.09000000e+00  4.58971869e-01  4.58971869e-01  3.24844844e-09  3.41214369e-09  4.58971869e-01  4.58971869e-01  3.43311602e-09  1.59546723e-07  7.65332118e-08  1.09000000e+00 
 1.10000000e+00  4.58971890e-01  4.58971890e-01  3.24844844e-09  3.41214363e-09  4.58971890e-01  4.58971890e-01  3.43311602e-09  1.59546754e-07  7.65331905e-08  1.10000000e+00 
 1.11000000e+00  4.58971878e-01  4.58971878e-01  3.24844844e-09  3.41214363e-09  4.58971878e-01  4.58971878e-01  3.43311602e-09  1.59546727e-07  7.65330270e-08  1.11000000e+00 
 1.12000000e+00  4.58971887e-01  4.58971887e-01  3.24844844e-09  3.41214363e-09  4.58971887e-01  4.58971887e-01  3.43311602e-09  1.59546744e-07  7.65328210e-08  1.12000000e+00 
 1.13000000e+00  4.58971898e-01  4.58971898e-01  3.24844844e-09  3.41214369e-09  4.58971898e-01  4.58971898e-01  3.43311597e-09  1.59546769e-07  7.65329062e-08  1.13000000e+00 
 1.14000000e+00  4.58971884e-01  4.58971885e-01  3.24844844e-09  3.41214363e-09  4.58971884e-01  4.58971884e-01  3.43311602e-09  1.59546739e-07  7.65328423e-08  1.14000000e+00 
 1.15000000e+00  4.58971868e-01  4.58971868e-01  3.24844844e-09  3.41214363e-09  4.58971868e-01  4.58971868e-01  3.43311602e-09  1.59546708e-07  7.65326362e-08  1.15000000e+00 
 1.16000000e+00  4.58971876e-01  4.58971876e-01  3.24844844e-09  3.41214363e-09  4.58971876e-01  4.58971876e-01  3.43311597e-09  1.59546737e-07  7.65326860e-08  1.16000000e+00 
 1.17000000e+00  4.58971887e-01  4.58971887e-01  3.24844844e-09  3.41214363e-09  4.58971887e-01  4.58971887e-01  3.43311602e-09  1.59546747e-07  7.65325012e-08  1.17000000e+00 
 1.18000000e+00  4.58971899e-01  4.58971899e-01  3.24844844e-09  3.41214363e-09  4.58971899e-01  4.58971899e-01  3.43311597e-09  1.59546755e-07  7.65325012e-08  1.18000000e+00 
 1.19000000e+00  4.58971859e-01  4.58971859e-01  3.24844844e-09  3.41214363e-09  4.58971859e-01  4.58971859e-01  3.43311596e-09  1.59546706e-07  7.65322170e-08  1.19000000e+00 
 1.20000000e+00  4.58971880e-01  4.58971880e-01  3.24844844e-09  3.41214363e-09  4.58971880e-01  4.58971880e-01  3.43311597e-09  1.59546745e-07  7.65323023e-08  1.20000000e+00 
 1.21000000e+00  4.58971904e-01  4.58971904e-01  3.24844844e-09  3.41214369e-09  4.58971904e-01  4.58971904e-01  3.43311597e-09  1.59546764e-07  7.65321175e-08  1.21000000e+00 
 1.22000000e+00  4.58971886e-01  4.58971886e-01  3.24844844e-09  3.41214369e-09  4.58971886e-01  4.58971886e-01  3.43311602e-09  1.59546743e-07  7.65321033e-08  1.22000000e+00 
 1.23000000e+00  4.58971876e-01  4.58971876e-01  3.24844844e-09  3.41214369e-09  4.58971876e-01  4.58971876e-01  3.43311597e-09  1.59546721e-07  7.65320607e-08  1.23000000e+00 
 1.24000000e+00  4.58971896e-01  4.58971896e-01  3.24844844e-09  3.41214369e-09  4.58971896e-01  4.58971896e-01  3.43311597e-09  1.59546765e-07  7.65318475e-08  1.24000000e+00 
 1.25000000e+00  4.58971856e-01  4.58971857e-01  3.24844844e-09  3.41214369e-09  4.58971857e-01  4.58971856e-01  3.43311596e-09  1.59546698e-07  7.65318617e-08  1.25000000e+00 
 1.26000000e+00  4.58971885e-01  4.58971885e-01  3.24844844e-09  3.41214369e-09  4.58971885e-01  4.58971885e-01  3.43311597e-09  1.59546744e-07  7.65318333e-08  1.26000000e+00 
 1.27000000e+00  4.58971880e-01  4.58971880e-01  3.24844844e-09  3.41214369e-09  4.58971880e-01  4.58971880e-01  3.43311597e-09  1.59546737e-07  7.65316202e-08  1.27000000e+00 
 1.28000000e+00  4.58971903e-01  4.58971903e-01  3.24844844e-09  3.41214369e-09  4.58971903e-01  4.58971902e-01  3.43311602e-09  1.59546765e-07  7.65317054e-08  1.28000000e+00 
 1.29000000e+00  4.58971898e-01  4.58971898e-01  3.24844844e-09  3.41214363e-09  4.58971898e-01  4.58971898e-01  3.43311597e-09  1.59546754e-07  7.65314638e-08  1.29000000e+00 
 1.30000000e+00  4.58971867e-01  4.58971867e-01  3.24844844e-09  3.41214369e-09  4.58971867e-01  4.58971867e-01  3.43311597e-09  1.59546714e-07  7.65314070e-08  1.30000000e+00 
 1.31000000e+00  4.58971860e-01  4.58971860e-01  3.24844844e-09  3.41214369e-09  4.58971860e-01  4.58971860e-01  3.43311596e-09  1.59546700e-07  7.65312649e-08  1.31000000e+00 
 1.32000000e+00  4.58971860e-01  4.58971860e-01  3.24844844e-09  3.41214363e-09  4.58971860e-01  4.58971860e-01  3.43311602e-09  1.59546704e-07  7.65310517e-08  1.32000000e+00 
 1.33000000e+00  4.58971892e-01  4.58971892e-01  3.24844844e-09  3.41214369e-09  4.58971892e-01  4.58971892e-01  3.43311602e-09  1.59546759e-07  7.65310659e-08  1.33000000e+00 
 1.34000000e+00  4.58971889e-01  4.58971889e-01  3.24844844e-09  3.41214363e-09  4.58971889e-01  4.58971889e-01  3.43311597e-09  1.59546734e-07  7.65310375e-08  1.34000000e+00 
 1.35000000e+00  4.58971884e-01  4.58971884e-01  3.24844844e-09  3.41214369e-09  4.58971884e-01  4.58971884e-01  3.43311597e-09  1.59546730e-07  7.65308670e-08  1.35000000e+00 
 1.36000000e+00  4.58971855e-01  4.58971855e-01  3.24844844e-09  3.41214363e-09  4.58971855e-01  4.58971855e-01  3.43311596e-09  1.59546697e-07  7.65307249e-08  1.36000000e+00 
 1.37000000e+00  4.58971879e-01  4.58971880e-01  3.24844844e-09  3.41214369e-09  4.58971880e-01  4.58971879e-01  3.43311597e-09  1.59546734e-07  7.65304833e-08  1.37000000e+00 
 1.38000000e+00  4.58971884e-01  4.58971884e-01  3.24844844e-09  3.41214363e-09  4.58971884e-01  4.58971884e-01  3.43311602e-09  1.59546741e-07  7.65304407e-08  1.38000000e+00 
 1.39000000e+00  4.58971890e-01  4.58971890e-01  3.24844844e-09  3.41214363e-09  4.58971890e-01  4.58971889e-01  3.43311597e-09  1.59546763e-07  7.65304122e-08  1.39000000e+00 
 1.40000000e+00  4.58971893e-01  4.58971893e-01  3.24844844e-09  3.41214369e-09  4.58971893e-01  4.58971893e-01  3.43311602e-09  1.59546752e-07  7.65302843e-08  1.40000000e+00 
 1.41000000e+00  4.58971885e-01  4.58971885e-01  3.24844844e-09  3.41214369e-09  4.58971885e-01  4.58971885e-01  3.43311602e-09  1.59546739e-07  7.65300570e-08  1.41000000e+00 
 1.42000000e+00  4.58971874e-01  4.58971874e-01  3.24844844e-09  3.41214363e-09  4.58971874e-01  4.58971874e-01  3.43311597e-09  1.59546727e-07  7.65298154e-08  1.42000000e+00 
 1.43000000e+00  4.58971891e-01  4.58971891e-01  3.24844844e-09  3.41214369e-09  4.58971891e-01  4.58971891e-01  3.43311597e-09  1.59546747e-07  7.65297159e-08  1.43000000e+00 
 1.44000000e+00  4.58971886e-01  4.58971886e-01  3.24844844e-09  3.41214363e-09  4.58971886e-01  4.58971885e-01  3.43311602e-09  1.59546740e-07  7.65296875e-08  1.44000000e+00 
 1.45000000e+00  4.58971888e-01  4.58971888e-01  3.24844844e-09  3.41214369e-09  4.58971888e-01  4.58971888e-01  3.43311597e-09  1.59546750e-07  7.65293606e-08  1.45000000e+00 
 1.46000000e+00  4.58971908e-01  4.58971908e-01  3.24844844e-09  3.41214363e-09  4.58971908e-01  4.58971908e-01  3.43311602e-09  1.59546757e-07  7.65292469e-08  1.46000000e+00 
 1.47000000e+00  4.58971889e-01  4.58971889e-01  3.24844844e-09  3.41214363e-09  4.58971889e-01  4.58971889e-01  3.43311602e-09  1.59546728e-07  7.65288490e-08  1.47000000e+00 
 1.48000000e+00  4.58971897e-01  4.58971897e-01  3.24844844e-09  3.41214363e-09  4.58971897e-01  4.58971897e-01  3.43311602e-09  1.59546755e-07  7.65285648e-08  1.48000000e+00 
 1.49000000e+00  4.58971897e-01  4.58971897e-01  3.24844844e-09  3.41214369e-09  4.58971897e-01  4.58971897e-01  3.43311602e-09  1.59546736e-07  7.65281669e-08  1.49000000e+00 
 1.50000000e+00  4.58971891e-01  4.58971892e-01  3.24844844e-09  3.41214363e-09  4.58971891e-01  4.58971891e-01  3.43311602e-09  1.59546742e-07  7.65279253e-08  1.50000000e+00 
 1.51000000e+00  4.58971874e-01  4.58971874e-01  3.24844844e-09  3.41214369e-09  4.58971874e-01  4.58971874e-01  3.43311597e-09  1.59546727e-07  7.65273001e-08  1.51000000e+00 
 1.52000000e+00  4.58971873e-01  4.58971873e-01  3.24844844e-09  3.41214363e-09  4.58971873e-01  4.58971873e-01  3.43311602e-09  1.59546742e-07  7.65268311e-08  1.52000000e+00 
 1.53000000e+00  4.58971880e-01  4.58971880e-01  3.24844844e-09  3.41214363e-09  4.58971880e-01  4.58971880e-01  3.43311602e-09  1.59546730e-07  7.65259074e-08  1.53000000e+00 
 1.54000000e+00  4.58971879e-01  4.58971879e-01  3.24844844e-09  3.41214363e-09  4.58971879e-01  4.58971879e-01  3.43311597e-09  1.59546742e-07  7.65249411e-08  1.54000000e+00 
 1.55000000e+00  4.58971867e-01  4.58971867e-01  3.24844844e-09  3.41214369e-09  4.58971867e-01  4.58971867e-01  3.43311597e-09  1.59546712e-07  7.65234489e-08  1.55000000e+00 
 1.56000000e+00  4.58971894e-01  4.58971894e-01  3.24844844e-09  3.41214369e-09  4.58971894e-01  4.58971894e-01  3.43311597e-09  1.59546744e-07  7.65215162e-08  1.56000000e+00 
 1.57000000e+00  4.58971856e-01  4.58971857e-01  3.24844844e-09  3.41214363e-09  4.58971856e-01  4.58971856e-01  3.43311602e-09  1.59546697e-07  7.65183898e-08  1.57000000e+00 
 1.58000000e+00  4.58971877e-01  4.58971877e-01  3.24844844e-09  3.41214369e-09  4.58971877e-01  4.58971877e-01  3.43311597e-09  1.59546741e-07  7.65134018e-08  1.58000000e+00 
 1.59000000e+00  4.58971890e-01  4.58971890e-01  3.24844844e-09  3.41214369e-09  4.58971890e-01  4.58971890e-01  3.43311602e-09  1.59546756e-07  7.65053301e-08  1.59000000e+00 
 1.60000000e+00  4.58971895e-01  4.58971895e-01  3.24844844e-09  3.41214369e-09  4.58971895e-01  4.58971895e-01  3.43311597e-09  1.59546764e-07  7.64910482e-08  1.60000000e+00 
 1.61000000e+00  4.58971882e-01  4.58971882e-01  3.24844844e-09  3.41214369e-09  4.58971882e-01  4.58971882e-01  3.43311597e-09  1.59546739e-07  7.64647439e-08  1.61000000e+00 
 1.62000000e+00  4.58971888e-01  4.58971888e-01  3.24844844e-09  3.41214363e-09  4.58971888e-01  4.58971888e-01  3.43311597e-09  1.59546750e-07  7.64151906e-08  1.62000000e+00 
 1.63000000e+00  4.58971876e-01  4.58971876e-01  3.24844844e-09  3.41214363e-09  4.58971876e-01  4.58971875e-01  3.43311597e-09  1.59546733e-07  7.63143646e-08  1.63000000e+00 
 1.64000000e+00  4.58971886e-01  4.58971886e-01  3.24844844e-09  3.41214363e-09  4.58971886e-01  4.58971886e-01  3.43311597e-09  1.59546739e-07  7.59697514e-08  1.64000000e+00 
 1.65000000e+00  4.58971873e-01  4.58971873e-01  3.24844844e-09  3.41214363e-09  4.58971873e-01  4.58971873e-01  3.43311597e-09  1.59546714e-07  7.47073443e-08  1.65000000e+00 
 1.66000000e+00  4.58971864e-01  4.58971864e-01  3.24844844e-09  3.41214363e-09  4.58971864e-01  4.58971863e-01  3.43311602e-09  1.59546709e-07  6.94979434e-08  1.66000000e+00 
 1.67000000e+00  4.58971890e-01  4.58971890e-01  3.24844844e-09  3.41214369e-09  4.58971890e-01  4.58971890e-01  3.43311602e-09  1.59546740e-07  5.59980151e-08  1.67000000e+00 
 1.68000000e+00  4.58971877e-01  4.58971877e-01  3.24844844e-09  3.41214369e-09  4.58971877e-01  4.58971877e-01  3.43311597e-09  1.59546730e-07  4.47423503e-08  1.68000000e+00 
 1.69000000e+00  4.58971886e-01  4.58971886e-01  3.24844844e-09  3.41214369e-09  4.58971886e-01  4.58971886e-01  3.43311597e-09  1.59546737e-07  3.54324783e-08  1.69000000e+00 
 1.70000000e+00  4.58971876e-01  4.58971876e-01  3.24844844e-09  3.41214369e-09  4.58971876e-01  4.58971876e-01  3.43311602e-09  1.59546720e-07  2.77752150e-08  1.70000000e+00 
 1.71000000e+00  4.58971880e-01  4.58971880e-01  3.24844844e-09  3.41214363e-09  4.58971880e-01  4.58971880e-01  3.43311597e-09  1.59546741e-07  2.15037517e-08  1.71000000e+00 
 1.72000000e+00  4.58971848e-01  4.58971848e-01  3.24844844e-09  3.41214363e-09  4.58971848e-01  4.58971848e-01  3.43311596e-09  1.59546672e-07  1.63813354e-08  1.72000000e+00 
 1.73000000e+00  4.58971874e-01  4.58971874e-01  3.24844844e-09  3.41214363e-09  4.58971874e-01  4.58971874e-01  3.43311597e-09  1.59546720e-07  1.22031594e-08  1.73000000e+00 
 1.74000000e+00  4.58971898e-01  4.58971899e-01  3.24844844e-09  3.41214369e-09  4.58971898e-01  4.58971898e-01  3.43311597e-09  1.59546757e-07  8.79259687e-09  1.74000000e+00 
 1.75000000e+00  4.58971890e-01  4.58971890e-01  3.24844844e-09  3.41214363e-09  4.58971890e-01  4.58971890e-01  3.43311597e-09  1.59546745e-07  5.99607120e-09  1.75000000e+00 
 1.76000000e+00  4.58971856e-01  4.58971856e-01  3.24844844e-09  3.41214369e-09  4.58971856e-01  4.58971856e-01  3.43311596e-09  1.59546696e-07  3.68260089e-09  1.76000000e+00 
 1.77000000e+00  4.58971892e-01  4.58971892e-01  3.24844844e-09  3.41214369e-09  4.58971892e-01  4.58971892e-01  3.43311602e-09  1.59546752e-07  1.74924253e-09  1.77000000e+00 
 1.78000000e+00  4.58971868e-01  4.58971868e-01  3.24844844e-09  3.41214369e-09  4.58971868e-01  4.58971868e-01  3.43311602e-09  1.59546710e-07  1.33269396e-10  1.78000000e+00 
 1.79000000e+00  4.58971893e-01  4.58971893e-01  3.24844844e-09  3.41214363e-09  4.58971893e-01  4.58971893e-01  3.43311602e-09  1.59546767e-07 -1.18508581e-09  1.79000000e+00 
 1.80000000e+00  4.58971916e-01  4.58971916e-01  3.24844844e-09  3.41214363e-09  4.58971916e-01  4.58971916e-01  3.43311597e-09  1.59546779e-07 -2.20440199e-09  1.80000000e+00 
